5148
5532
818
5319
1446
1939
97
5933
3693
920
1042
1731
1818
5145
1683
4673
4450
932
2077
1817
3016
5474
1212
4165
3247
4125
2251
4432
3329
1795
5708
865
4677
1603
434
4625
3520
1267
4443
4766
4010
2132
2124
1432
1852
878
2347
1064
5427
3429
5267
4209
3972
1389
4680
5838
3228
5737
3400
4155
3666
3198
4377
1760
5852
5767
4228
5480
5867
5378
2350
1104
2308
1079
4751
2794
5659
2793
1905
225
5422
1525
4711
3335
4411
4919
2791
2123
5855
860
982
806
3181
4819
2110
5124
1735
1164
878
447
5883
4754
2574
4727
3005
3317
1470
1567
445
1455
4266
337
3077
5753
3788
5009
1522
2886
2830
622
3308
2461
4201
4565
2691
3172
3632
3920
4360
1719
2962
5500
933
2040
464
1784
2282
5825
412
5065
1541
389
4233
2842
109
628
325
1185
3259
5117
4576
2669
278
4702
1671
4011
5673
2102
4082
2648
5539
3724
4422
1585
5723
1481
4407
5446
4254
1520
2286
29
999
4493
5027
2498
4265
4043
3911
2156
5980
3264
913
4859
2897
2819
3843
2574
276
3758
24
5057
1037
3790
1484
4547
4883
3143
1640
3413
5454
3589
2232
4063
3719
589
1835
3484
5758
3938
3831
4838
5464
2611
4342
3053
2163
1489
4161
3472
2119
3103
119
1182
1706
5346
650
3126
5360
4952
4742
5754
3902
884
2606
1074
4089
5799
5702
5309
736
2540
5671
1458
211
4954
34
1141
5342
1996
2756
1926
2422
2348
4914
499
3870
5371
146
2717
2838
5278
421
2648
4353
195
165
523
50
3617
4502
2072
5155
3533
1964
1622
961
5897
3866
57
2583
5415
2514
2083
2677
2795
3230
1588
5612
3214
1145
2861
3513
4159
3354
579
5436
275
4990
4670
3428
734
5554
1281
4522
4442
5146
1956
6
2852
3217
365
1969
5542
2733
2397
1592
3182
3678
3670
4905
590
2691
2138
2238
3309
3832
3023
5907
3355
4176
815
5109
849
2604
972
5929
5351
2549
3377
3207
1935
283
1683
1905
4542
458
2534
2931
2987
2998
1948
2345
3184
2388
3496
5431
5470
2468
3233
201
45
3134
1298
2488
1488
2216
3326
182
3431
3713
5921
5206
4158
2749
5809
3355
3875
1406
627
5627
933
2235
1882
4431
3559
1967
3931
1546
2660
1185
5516
2995
189
716
5786
801
606
3130
346
1507
4158
3730
3559
4761
389
2250
1498
3874
2760
2907
5704
1026
3023
3504
2805
752
4488
2746
4710
3466
1893
1492
5668
5173
3952
4909
732
517
4334
71
3092
5844
2097
2907
5992
4211
3848
3271
2002
4331
1570
3046
568
5694
2159
4122
4336
1007
4887
1016
2430
1403
4147
5631
4494
98
2953
3511
60
2006
1446
5826
3104
591
5204
2114
1128
4952
5963
4183
2142
2714
3588
2627
2809
5362
5032
5564
2623
753
407
4732
5191
3969
2084
5961
5884
943
4941
1148
1262
2282
1433
1072
3843
5510
5754
1849
5947
2572
2578
1887
4737
5554
2274
517
3901
1490
1662
3546
4790
3466
3804
2492
1029
4912
3739
1203
4933
1968
5920
1745
4950
1955
2251
5524
3728
2397
3256
4534
885
580
1058
1186
2559
4568
82
1586
4681
3555
5157
3177
3914
2382
5147
4282
2283
3805
2252
2691
3306
4264
1349
4746
647
375
2256
5539
4380
5322
2225
4283
1305
4386
2797
2244
4237
5855
1830
4253
545
5015
5521
2876
446
2064
1208
987
5871
4970
5802
1133
1601
3452
4096
1851
3686
3817
3932
1632
457
207
186
4605
4716
700
2984
5113
2622
3837
2578
3449
3384
2068
3222
184
3926
101
5990
3779
4787
2253
875
5604
2716
1968
5798
4088
1159
1373
3571
2095
4573
1696
5591
3472
2386
4357
1064
4711
5814
5988
4763
732
2659
3837
215
224
1735
5360
201
3334
5516
1321
2210
1772
2802
1639
2875
2693
158
136
985
645
1227
4419
1130
1368
2927
1969
4799
735
2889
904
532
5096
614
5590
138
3001
5187
5782
3046
1160
1725
3810
1491
1402
4868
4630
1234
918
4126
2668
3634
405
3576
1066
5802
713
278
5364
2338
1575
2156
3982
5234
3522
4629
2803
194
1461
2320
5195
17
637
1164
764
242
5441
3736
5264
5168
3295
2556
4943
2786
3572
5334
4633
2953
5671
253
1138
1990
2562
2002
4074
4920
942
1252
2488
3156
395
370
498
2525
4873
1435
5916
3587
870
3537
2555
4696
5587
1388
804
4461
1877
235
5829
5547
4166
3126
4000
1533
5509
1807
1888
1243
2400
4182
4777
4818
1981
2827
337
4143
3216
4495
4740
2570
2059
2659
3272
47
1848
50
4783
5559
1564
4603
5586
1173
5689
5254
928
893
5891
3319
2291
5663
4284
4880
5419
3681
2639
1713
5321
3018
2693
5451
874
3803
2375
4547
5134
4472
3456
5666
2372
436
3278
664
36
747
3430
2624
3368
1864
833
2687
5896
1511
1158
662
4177
4805
3125
4312
449
4899
4350
1013
2305
1802
636
180
4047
888
2913
4847
183
3960
4110
872
5998
2608
2431
26
5051
740
1106
1898
3250
2904
4498
3756
5550
1058
5572
2066
2939
1998
1213
4367
461
1819
990
1818
544
754
4317
1246
45
3351
1857
1534
4693
4536
5257
3078
3389
3283
2858
636
2903
4213
1844
1862
3881
3596
1535
405
4395
5501
4455
2414
5538
4418
4017
2186
4853
1003
4601
5747
264
3109
5194
287
5037
4585
4025
5305
5555
3659
2894
5786
4184
4146
4799
1319
1347
5271
5227
2372
2983
3463
1536
246
613
5267
1226
102
929
1559
1209
3826
4478
4007
893
5581
4681
4996
2305
1127
2127
4062
4385
5815
3164
2628
1801
4468
2241
680
5755
2723
5793
5870
4301
4459
2104
3250
3853
612
1592
3848
5601
4734
5090
5999
1071
2014
4638
3887
3862
1299
2727
3602
5080
1639
1205
4175
5028
2577
2024
4433
2308
4295
173
1318
1888
4416
1617
5795
924
3912
3328
3557
3077
4317
2168
962
1587
2966
4943
5902
1964
1571
4621
4938
2406
4127
3624
5350
1734
2130
4522
775
5641
2483
1841
4052
61
2107
1427
2650
3518
3012
5371
1424
4537
4593
3636
2405
3550
2599
5201
1556
4007
729
3559
410
2607
5137
2616
4254
2529
1034
1101
5423
750
2587
1359
956
4538
3598
1218
1804
4516
4430
3630
1581
1520
5918
2699
5722
2787
4599
4168
3334
1994
3626
4632
277
5832
3091
3210
2218
2570
2078
4084
3691
2904
1027
3643
1617
5658
2269
130
331
548
4329
3724
2530
816
5082
431
4118
1831
4617
680
1768
4107
5833
4420
1265
900
2425
1378
3871
5461
2418
3683
1200
5322
4720
3947
343
4481
5518
4039
444
386
3210
26
4224
5051
4455
4550
4254
5405
385
2804
1196
1181
332
1056
5697
2727
3685
5524
241
998
1610
4942
979
4345
2325
3569
4547
5282
3123
3333
2820
4800
5699
2060
1821
1575
3435
995
4740
2425
3204
3744
2345
1331
1829
4862
5641
3078
1053
5539
4227
2801
3322
890
5622
2008
2246
4769
489
3235
2033
2865
2421
5365
1722
2197
461
3190
4807
2634
3646
5264
4021
1266
1761
4787
3465
3140
1053
3861
500
5363
2409
5561
5237
4537
1967
3163
1320
3393
5868
2374
5628
1918
5716
3410
4403
3419
2243
1885
5538
1599
974
2821
4424
1868
4760
4159
4092
357
929
5031
191
634
3688
2884
2752
2961
1520
4839
1198
1283
4353
5104
5048
4480
4518
4509
4416
2479
1540
544
3183
1926
1562
5100
466
3187
1955
4684
3233
4725
1288
3408
704
2538
2499
613
2399
2709
239
2719
604
1243
2603
4453
776
699
4029
1018
839
328
3667
4227
4721
5236
1652
4762
1382
3146
2342
1790
4846
168
5096
2565
1853
3591
1807
2879
710
809
5343
4344
4567
606
4191
4345
5218
531
2223
1771
2795
3928
21
2266
4429
5771
2370
4770
1160
4630
1732
4041
421
1986
3492
4681
5674
1975
3248
5640
680
2993
5491
4725
4945
4752
2224
2032
3176
2220
2606
2551
5249
3091
5741
633
5815
609
855
3257
5116
4907
4929
1409
1467
5784
5312
4304
2825
252
2009
1746
2154
1058
5169
2906
2640
4661
3235
654
3102
4139
4784
4415
2651
4719
4784
3476
2723
1449
3366
3890
4023
5980
178
2570
4035
2444
4977
4655
1184
1946
2495
3042
5104
3422
4540
2124
23
1936
1307
3031
3178
2643
1943
1385
4271
3230
4465
3279
5892
167
5109
3922
1835
526
4315
4824
3699
3204
4313
1257
66
5447
2021
3052
3054
3307
1175
798
2603
4214
2509
4863
2286
3639
1305
3641
3729
276
3061
3485
4703
1248
5431
3164
495
277
4767
3390
797
1939
3805
2227
2755
709
4127
3284
3176
4348
4648
2757
3247
4874
5933
2697
992
1821
2441
3602
2787
183
5104
1396
5080
1622
336
5460
1636
3988
4371
2146
1430
141
2257
5296
3624
1752
2739
942
2641
5701
1714
1012
5639
2306
798
5899
4002
5369
330
3640
1371
5609
5157
5286
5043
3151
5780
5439
1712
3632
4346
4806
962
5462
5753
1620
836
3958
1938
2846
2942
5770
1417
527
1015
1359
5220
903
5576
3965
1682
3616
2300
5870
1288
4744
2659
2509
2518
1296
2614
5341
5369
3664
1381
2243
921
5844
1995
4337
5891
2888
5523
2479
4305
4651
2116
1768
4228
307
2184
4174
1412
2045
1306
1499
5598
3118
3406
4550
2444
1675
5482
5982
5747
5586
4818
4310
5606
5300
4562
4125
263
5791
1268
1225
3582
2075
3249
4047
4962
3297
4692
4241
1332
1555
2010
1332
811
700
1702
4237
1881
2469
2001
376
4285
3345
2462
1413
2674
3238
620
5888
3317
2073
3764
4202
4947
1108
3218
3065
1009
1030
1217
4137
4517
5751
5231
77
146
3670
3488
2998
5553
1122
414
2383
2362
4321
2797
1331
994
2720
4061
4587
1199
2008
3369
5992
22
5881
4828
4041
277
2422
2803
1258
1773
4476
4909
1465
3495
3904
1103
710
328
3445
4565
5206
1535
4182
1235
5508
4251
886
473
5989
921
321
5285
1590
3290
4575
3138
1156
3300
1461
3406
5144
831
247
713
3181
1120
1470
1209
3039
3874
3698
1530
5346
4223
4884
3203
2012
3871
5067
4149
912
2120
953
3260
3864
3443
4761
5704
814
4127
583
5061
1143
3535
2267
3493
3373
4222
1172
3584
1959
3795
4125
2514
4231
2511
5871
3795
3183
499
2099
5332
3169
4959
770
948
2514
3301
283
2402
4347
2716
2752
61
5436
4577
1965
600
348
4471
3077
1225
1601
1679
1403
928
1496
2163
2555
4629
2850
5116
1363
3050
300
2131
1953
3119
5529
261
90
2165
3966
735
5955
3146
1961
2809
2224
1923
5039
4863
263
3656
5297
922
1600
312
5482
5438
5979
1406
472
1628
3134
187
1156
5224
4506
899
2719
3429
1657
4132
1323
5323
278
3984
2820
3403
2728
3452
1465
4585
4076
3184
4539
3816
5935
1807
1841
1956
2005
2673
260
5241
1849
3676
4766
2241
3425
258
5402
4698
4828
5715
2968
4277
5867
2850
448
3643
1242
2613
1504
2298
5322
1799
4307
1821
4924
3576
5008
5194
1211
4804
2396
3237
1142
1040
749
5618
3066
1472
4989
2040
2024
486
295
1425
5480
134
1633
269
3225
2773
2821
342
4259
2879
1614
3342
155
5303
2844
308
3251
3481
4531
2118
4508
2059
2534
3856
168
5603
4892
2851
4624
5218
5453
1185
4383
558
3771
2341
1866
4221
2655
3711
876
3197
4638
5981
3393
656
2856
2181
4639
4469
1374
1983
797
2786
5901
3647
5953
3005
5931
5055
5833
858
93
4268
4613
1583
370
1063
2095
563
2992
2684
2089
2676
505
2767
1538
3048
2281
3282
2164
5228
4095
4563
3325
920
3622
5970
3351
1203
5759
2017
902
3251
428
1956
3518
5356
4331
5831
895
5706
5581
2783
3694
2090
2114
4152
4801
4658
2579
670
4438
2993
2412
24
2656
241
2708
4574
3664
1273
5434
1915
5596
5791
5134
3773
542
5307
585
4073
2764
486
4713
2748
3359
2977
557
2221
3922
1586
1434
5998
249
2649
4360
1889
2987
3218
4940
4534
5518
883
3906
3522
3902
2772
2390
2684
2537
1582
4399
3186
2426
5900
1241
3624
5664
5038
3998
5728
3530
5549
1281
2309
2113
5881
3574
1089
3970
797
3777
2495
1030
3716
4569
3739
3040
3941
3401
3301
3779
2778
1043
1556
4461
1135
4833
5719
4532
5045
4730
1814
3372
4886
3469
296
5330
1890
268
606
2615
488
648
3228
4620
1569
5861
4936
2535
1655
4123
5643
5456
2867
2040
2868
4522
5635
293
5628
417
3098
2339
1268
2044
705
4465
2186
4591
5387
5118
4523
5569
2919
1637
3154
1956
5166
2874
766
358
1228
5935
4962
3859
4764
5395
2902
1829
2780
5176
4779
5465
528
4463
2684
4351
450
2754
1904
3390
1207
846
860
4289
5036
4603
4196
1682
2127
2634
2370
4898
2474
522
3935
754
747
4278
3727
81
2543
3230
5338
5794
1260
1
4532
1048
1550
2148
5805
2625
2553
18
2932
845
5437
5519
2007
4106
3896
2426
5990
5998
325
5583
3862
5391
5154
3447
4625
5762
815
1965
1386
1390
3762
3453
4238
1276
600
1066
4278
4606
1046
524
2601
2249
333
3717
2399
1360
1100
2239
4160
5470
1215
2276
5066
4704
2646
1897
1714
5676
4656
3447
4769
5938
2454
1479
5648
5614
1812
1178
2383
823
2866
1634
1822
472
1057
4113
511
56
4704
4956
1826
1735
4222
4667
2880
5607
986
4415
996
2948
2567
5697
4451
50
171
2339
2556
51
3350
5189
5947
1601
1872
1383
551
5710
3387
5990
5115
5893
536
1269
4402
2524
3589
920
1659
313
3252
4320
4812
3310
1383
4142
755
2882
1159
5926
5560
1054
3747
2578
5998
112
358
527
2952
2143
4881
1112
5544
397
1960
4094
5811
178
2249
4256
1792
3402
1990
1085
4319
4077
5380
4259
3494
1510
1692
5010
1223
147
334
4835
5469
1192
2774
191
2549
2128
3319
45
4938
1378
1443
4891
1752
5724
2620
4935
146
3774
4325
5403
1119
5781
930
3556
1199
2226
2527
621
5020
871
4924
3341
4364
4653
5557
425
146
5237
447
743
1044
3289
5102
304
2263
2830
4164
1665
5526
4249
4197
415
4226
4955
5142
5220
1891
3466
3107
4170
4253
5021
1391
771
14
5043
5462
3763
4931
3489
5903
874
2634
598
1437
5650
4195
2893
4325
5329
4719
3935
5657
4027
411
738
1459
760
134
3137
4878
3581
4973
1625
5565
3946
5799
3422
4703
975
588
3672
3722
2540
898
461
3508
371
5695
2716
2353
3548
2162
4707
4951
581
3293
5246
5245
3716
1851
637
5538
3707
1695
2256
1369
566
4493
2418
5650
5939
465
5855
2676
367
4317
4066
5191
3289
3553
4848
1582
261
5251
4219
4945
5712
286
2452
5033
4363
854
3616
1348
2854
5609
2838
1160
4330
529
2354
5876
4946
1047
41
2962
3639
5937
3753
281
5687
3596
1212
4687
5922
4197
1386
348
5872
3696
4359
2345
4082
3948
5792
2247
4788
5438
269
4189
5947
202
5364
3929
3121
2608
3370
2599
170
4242
2438
5679
1025
5844
340
4937
692
956
4275
1628
3146
3209
284
5540
1773
3152
207
2801
4599
1986
843
2684
4525
1129
5754
3333
4338
3345
5703
4887
1850
5827
3293
3069
2380
5181
5197
3246
386
941
5643
772
736
2412
950
4683
1343
3223
2370
4420
5109
4985
516
2873
963
3541
5289
2971
4955
2094
3395
983
1931
4393
4082
3623
490
666
4954
4644
4350
492
1126
3289
216
4701
2874
3876
4429
2277
1901
4709
3969
5847
2523
3977
1506
3999
5205
512
1518
2412
5683
5066
2354
1175
4456
1904
2017
5185
2416
2415
2317
3500
2953
3807
853
1696
4858
2129
1242
5837
980
2088
2463
2384
5428
2735
5870
2478
3378
1992
3457
5837
4330
36
1859
3106
5205
910
644
917
1042
1649
4738
5553
3478
4266
123
5272
1245
985
5948
692
4971
3889
1252
5415
4516
3199
1658
5988
3508
5255
103
2630
1293
2505
1906
4190
4571
435
1911
3498
1509
4368
4322
1937
2370
4302
174
3051
3268
1981
4741
637
4198
1027
162
3826
3150
877
523
1093
2639
2608
1876
396
2111
1262
2322
3182
655
5044
3486
2116
2332
4751
577
3389
560
4574
3122
556
5062
1219
1769
157
4585
1204
3279
1157
3943
5678
5796
2038
5527
2521
2269
65
5204
1974
3112
2726
405
3476
3757
183
5083
642
2851
540
1014
2399
299
1295
2820
4126
4573
2103
4647
2566
4078
1810
2834
4261
5979
3866
384
5236
1284
5179
2785
2181
936
1387
2577
2969
5032
4647
743
2814
2155
4223
5207
2101
1870
1880
612
5906
1125
1664
3334
5773
4803
5630
35
3190
2402
1286
3486
5189
1919
2172
5897
4063
4805
1009
1047
4645
244
1881
2275
854
173
3405
4774
3188
2158
1643
3705
1012
981
2331
456
3951
4946
2205
4367
3382
3821
5694
916
4882
5969
3258
1664
201
3748
1339
2683
3821
3316
1503
819
3054
2127
5703
3465
2896
4398
3996
4536
3831
976
4045
2915
2206
319
1427
5385
632
2225
885
3639
2958
3006
1015
4907
5574
3096
3261
4513
1268
3035
3950
4108
5739
1523
3636
3906
5148
4149
2655
3844
2399
3035
2153
1977
2335
4175
5892
2438
1456
5586
2816
1484
1148
2442
4985
2078
2922
4982
2828
1677
1984
1887
1050
2369
4127
4638
3334
4903
2237
2468
1592
4690
2033
2041
4084
479
3686
1620
1204
105
2178
996
2274
2917
5905
521
4450
5099
4922
5218
5900
4802
4787
3796
4455
4119
48
4899
2641
618
5975
5648
5739
4213
3743
3247
5297
4009
1671
3028
360
3382
627
5450
3135
4087
3360
3471
3688
1753
73
3920
3936
4166
2722
2828
2250
4721
3186
167
4858
4048
2158
3534
956
1345
3407
561
5541
4491
5974
2850
5794
1842
1782
1497
2829
598
623
1809
2462
5385
235
3923
5341
5035
5713
2700
4485
484
3415
3326
212
1437
3557
736
4976
5787
4421
1315
1332
5753
3814
5314
1511
833
975
5700
3085
902
4400
450
3463
3985
3989
351
1126
4502
1652
1241
1005
3299
5845
3659
5572
1221
2929
4220
3145
1174
627
5560
2849
1607
3612
3528
5116
1765
3747
1856
310
4779
5256
5270
3817
1876
937
5274
608
684
3982
4934
2903
1986
3071
5187
2350
3676
2326
3061
3148
4455
2751
4661
2352
504
3948
4281
2387
3332
5252
3489
4825
377
1547
3361
2231
1015
5837
5990
3534
4815
308
1383
1205
3238
2714
5194
421
4037
3464
3055
5581
5681
4028
781
2310
2354
569
3079
705
514
3865
2987
2333
4691
1101
4199
4340
429
2725
4984
4133
2772
5850
1024
3196
5506
5241
1363
4461
5974
1707
206
1745
4728
5583
3301
1047
5671
5865
5240
4555
5218
4659
2721
2820
4367
3297
4620
4870
5147
1459
4451
5000
2431
1332
3221
5729
4139
4240
4403
2540
2881
4978
4471
3050
4657
4298
2369
4214
781
1214
5327
803
3304
2056
4808
1346
4176
173
2373
4336
5268
4269
4732
5724
5748
70
1627
2054
2164
3331
2334
419
236
1586
620
2701
3183
5843
564
2616
1110
4861
5232
1247
1001
2459
3795
2268
5113
5571
5108
5750
5116
2118
3431
1365
1734
1971
3556
2241
4321
4711
1559
1176
121
4863
2771
1119
1847
5134
2979
1264
5127
1369
2607
2465
296
976
1511
869
1935
2039
3247
684
2056
371
5623
1894
4155
1904
2518
2740
5095
5150
195
175
5998
2941
1567
1042
1996
5005
5778
4898
1668
3544
4528
2575
4425
1339
2264
914
5606
5759
57
5574
2332
1574
2625
435
1414
33
5700
5909
1289
4575
757
4411
4813
5823
2900
4252
114
214
1396
3220
129
5932
3384
3067
5633
2945
1609
2999
835
5101
4534
4792
698
5541
681
4113
218
1594
3314
3143
4604
3035
4883
4753
3595
3594
4822
4095
4206
2460
4462
2935
3474
5850
4473
2251
3731
5333
639
5543
1928
3815
1387
2198
2008
3956
1618
2756
4732
5918
660
2317
1811
5320
3998
3252
2092
5330
4938
1169
4339
4628
4708
3042
2571
5990
4185
5890
1284
1323
4670
230
5274
302
4170
4164
5530
4277
3426
4095
4801
82
2287
4029
3170
3369
365
3577
2244
2203
2802
3844
4134
5104
249
2455
528
4084
5051
2275
4535
3464
4394
1961
5548
2713
1177
5894
4403
3006
5738
4694
3419
1099
3109
3066
5262
562
786
1828
646
3177
1044
5726
762
1318
4802
3818
1876
2967
451
4612
257
1263
3894
3380
660
1291
1067
5584
4647
4114
304
3742
3167
5306
2204
1159
2186
408
5746
4695
5848
895
1139
5841
4707
5946
1843
2016
1405
1700
5718
3128
1861
2196
1830
2378
2197
4071
5828
1398
4954
3429
3064
5499
4353
3270
2039
1914
2939
3213
2977
5305
3693
4162
19
5043
2406
4094
4719
2028
1021
4975
4886
3555
1559
4556
5376
1824
5666
898
904
748
978
5484
2390
2848
2005
3505
730
1478
4324
4216
1282
2988
1496
3430
3576
5271
4519
4808
171
675
3322
1932
1033
4280
5900
2553
2262
2857
1169
2784
5355
55
4400
1018
5757
2450
1279
1008
1497
5151
761
3930
666
2260
1215
767
3590
3376
2488
2843
5915
2297
5654
1023
4129
4109
5943
1969
4748
1114
3524
2532
3649
5033
5322
5891
2930
3812
2418
4039
1032
3401
799
905
252
2454
3444
5664
5426
2980
1215
4763
2818
2193
4774
4635
5316
917
2573
984
4056
1574
3184
1172
2079
4519
4147
3468
4649
4091
2724
394
3180
4151
1465
5160
1805
1126
1116
5311
5039
3958
3072
2365
5493
1535
5886
597
3045
452
1745
5568
3084
5282
3994
5778
696
5301
3360
5240
5221
2330
5127
1709
2711
4367
28
2619
5505
4359
5435
238
2640
1834
3086
3716
3592
2040
610
2145
456
2622
3111
4415
1932
3041
1876
1683
2687
3544
2452
4331
3339
2614
2481
3251
3583
3092
4891
5878
267
1790
4341
5618
5899
5748
61
4820
2702
2112
1238
995
3810
1095
3044
2760
5597
5928
2003
907
1034
2386
3219
4889
447
1475
1988
5857
5879
1418
251
3726
5265
3934
1918
1806
2035
4215
2978
1954
2300
5562
2958
302
3797
5923
3035
1648
355
539
2299
4973
1213
3208
3378
5063
2260
2803
2758
5243
1475
2277
239
1942
3636
3995
4794
5480
285
2393
2864
5681
5525
3579
5198
3783
2727
2886
736
4314
2082
1053
3087
4414
5274
3183
197
808
4911
3261
3257
2868
1911
5625
1419
2739
4331
3403
5133
4962
1243
1149
299
1317
2031
326
473
1074
3771
452
3320
5066
3725
5218
1413
3139
4454
361
446
4688
4003
2707
1074
2178
520
5914
2884
2055
1096
287
1690
5201
1651
3863
1912
5650
2764
2960
5045
5955
5845
3569
5463
2468
2137
2319
3392
5005
3750
3308
1908
99
1702
5961
5989
1687
3112
4029
1293
680
3824
1806
5799
2585
5463
331
1227
4109
3696
3052
2388
814
1497
2017
256
1724
3114
4008
419
5507
3837
5546
2712
134
3913
4052
2294
2744
5277
1028
5514
761
2694
2585
4951
2701
1533
285
2966
2552
1152
4303
3291
3862
5835
2776
263
423
2371
64
4692
4247
1903
1257
4832
2332
4563
5384
4536
3897
1882
5300
2208
3775
3263
3607
4845
4994
888
4129
3120
1850
304
1436
2527
2352
2704
4587
3617
5832
3337
5835
2357
2399
2768
3915
2351
4665
5126
4040
49
3933
4947
2465
2418
2365
2463
2490
3614
717
4956
5291
4698
1316
2212
2200
274
3248
5898
652
1329
2036
4863
382
1979
5437
1268
294
938
5298
3623
5769
5012
713
908
1855
645
4695
2377
1638
398
2719
574
735
906
5772
975
1607
1641
2138
4799
1536
4811
2254
5643
1117
5562
5205
2800
4461
4804
394
4745
638
5892
2193
601
5875
5388
2209
4802
496
5633
3487
5936
3090
1411
37
3894
2107
120
3601
2114
4315
2020
4074
1838
1611
2198
5725
2086
4083
3458
2405
5090
2188
1719
1833
2159
3695
4764
3776
4062
2475
4508
4527
392
1990
1674
1875
4924
5419
899
5338
263
4162
1583
1276
2479
2157
2851
1863
4684
5678
3239
5240
3763
1494
1247
1493
753
2888
3240
5479
5424
1420
2592
485
5417
4336
5970
843
902
3689
4813
4473
114
5479
1313
3032
1008
1238
709
2808
709
2161
3223
1317
1859
4673
2385
4712
1602
5987
1556
1386
4013
5671
5956
19
2839
5412
1232
2416
3064
201
4988
5378
600
639
5517
4883
1654
5995
208
2756
4597
511
3223
562
2596
112
1681
4888
4296
978
2597
5133
969
1087
4027
3165
4246
3975
2583
1782
5573
5072
1987
5897
3611
863
5527
2384
2308
4671
5848
5935
4032
5278
2378
4227
683
1384
3363
3479
1319
4730
5262
965
215
3544
1641
4537
5642
1147
5227
5729
162
4706
4837
2753
3201
1529
3028
1700
815
1095
5920
3420
5963
1489
1605
5002
1291
2236
4091
4409
5425
2112
4532
4053
4364
5928
3729
281
2232
1989
5201
1862
5667
2258
2920
2879
3357
3155
3303
5809
123
5862
3566
65
4840
2108
1595
557
5305
913
557
1444
4747
1574
4234
1921
5340
2592
5785
1826
3506
874
4124
5544
4972
85
3838
631
2067
3503
4341
141
1900
2369
3908
624
2077
5251
64
527
5833
2554
3149
3866
4986
4786
1412
3742
1322
1494
483
1512
5758
3772
593
4059
2368
4494
4396
5757
5383
899
3857
4155
3605
1548
519
4701
653
762
441
2821
750
2332
3278
1488
5681
5542
3527
2495
4171
862
1380
2527
1599
1872
1203
1092
2803
1074
1798
3717
5661
3969
3952
3424
3435
2282
4444
2190
828
4805
3929
3265
5581
4555
2550
1146
3219
1208
4182
2296
2226
3995
1600
1787
905
3291
4454
2534
4603
1028
2528
2402
1786
2463
4373
2015
961
3455
4773
2229
5246
1912
5237
3145
3690
266
3351
5692
5575
3787
4406
5181
773
370
1819
4303
3360
4111
767
2021
5482
4089
1934
4857
3696
1679
484
1596
1756
1456
1079
903
3607
1879
2032
4913
2696
3757
2695
601
4590
1042
3034
579
2694
1814
425
2848
2185
1986
4306
4517
1572
4548
3844
2750
901
5975
898
4859
4304
5425
5878
2568
2027
1654
5246
1899
3852
4521
4312
1655
4125
4083
1942
365
5033
5116
5678
2514
166
5542
3505
5851
1855
4586
646
3140
1404
5530
3570
2481
2544
901
1414
2860
1615
1001
3460
1741
346
338
815
472
457
1585
5807
1423
1395
2632
4750
3160
4301
5169
594
5002
4893
4350
3287
3297
2153
5004
1448
5921
1761
4625
1290
2039
3030
2932
2950
2154
1861
1227
3760
3248
4052
5407
1400
3326
3416
2973
1709
4168
2369
4902
2633
3766
1570
3573
2445
2327
1665
4992
1641
3071
2455
2088
792
2252
5076
5083
998
3590
4770
1593
719
4389
3028
4979
4838
3277
2796
5823
1790
3428
5302
3336
601
2100
2596
771
5370
5339
3814
668
1081
5967
2501
1310
274
192
2461
2338
4522
726
229
3343
1904
409
796
368
5068
288
4626
3763
2855
2769
4784
4941
3782
2022
1301
2907
1796
4417
2046
2387
3226
3350
2592
57
5134
1431
1237
2269
3830
941
5905
5090
2855
5090
1392
3754
2126
5579
2335
5644
5482
5490
5107
5448
69
2259
1801
5473
4461
2940
267
2905
2931
1767
1724
810
4254
5092
224
1360
5821
1167
3963
677
1736
5361
885
3844
3409
3955
5590
143
2365
3741
4500
3052
857
1084
454
682
4218
2962
5699
1842
5973
1511
1964
2376
1624
5629
5651
4400
5027
5841
3623
4845
1174
5981
221
324
2825
1883
4156
512
1874
20
2005
2767
3046
503
189
1594
4351
4165
3001
3585
3350
2168
805
1109
3134
3028
1889
5007
2797
4982
5736
3165
2583
4345
5454
541
3368
1495
5893
3746
2334
5452
3596
4564
3857
4503
3573
1540
3008
5754
929
5388
2121
2656
1963
2309
3605
1198
1294
2978
670
98
531
1114
1965
5384
2811
5059
2820
3052
5413
2362
4357
5833
540
5855
877
2416
4848
1372
4369
5108
2048
4070
1123
5794
1057
1709
4177
1375
2494
2526
5898
89
5020
3767
4334
3311
3031
970
3457
380
2879
235
699
2575
2777
4004
1151
2822
3763
1288
518
5369
3672
2803
4887
1491
3868
4656
3798
1338
4837
1813
3750
5328
4038
4985
4300
1330
1609
902
50
1613
407
4105
3476
3761
1479
4343
5274
3854
4626
4009
3587
3899
2687
855
778
1413
1808
2691
4504
2372
2935
2908
3013
1626
5430
2868
5052
2068
2290
4363
2827
3011
2019
4330
5844
5764
2859
2811
1587
1339
432
4789
939
5919
5128
1766
2927
2142
96
4746
1722
5089
2425
4216
284
2379
1327
5995
2098
3515
5191
205
1313
80
2837
463
4686
492
1047
4806
3837
2161
5746
176
1588
1369
1879
4837
5386
3346
1041
2104
1794
3813
5949
3787
5454
1063
1574
994
3970
5561
1357
832
5831
4378
5842
1983
1528
4605
337
3483
828
4533
5131
3005
3520
1532
2768
1286
4192
2083
5062
2449
3682
3364
5881
2059
3280
851
2895
1598
3232
2627
2503
4937
1297
4773
2109
3243
3396
26
1548
5902
3893
58
4689
2753
4260
1470
439
3838
5588
2951
2485
5082
1904
4049
2672
1706
1557
5410
3742
1507
1392
3485
1336
1866
1620
1811
5419
5226
1912
5817
5292
2755
5291
948
3013
2704
1877
2929
2497
2977
459
129
2127
55
3774
4465
1366
4798
2673
696
406
260
3525
2938
3414
3336
3332
1722
1296
3406
1734
4524
5125
2175
1250
4328
5982
348
741
122
480
1811
3272
1734
5483
587
1153
2152
5151
3898
361
634
5164
326
805
5040
5445
4551
5587
5165
4767
1579
5363
2376
1836
1812
1119
1096
4718
4380
4569
908
1834
3720
2176
3128
2523
2699
989
58
2240
465
3232
1915
4403
4156
387
993
3143
1595
5287
3616
5389
2758
4579
4288
3027
663
5510
4826
202
3378
3973
4509
3282
2725
1477
781
612
3530
5063
3099
2027
2377
571
4447
5120
1850
1906
2481
4465
9
2084
4040
1566
1314
2010
4138
2192
4220
3722
5570
245
1090
5997
3679
2844
60
702
3433
4473
4412
2641
398
1062
2165
1853
1627
935
4326
1223
5318
3224
3395
5341
120
5429
548
5100
4904
2022
183
2287
4402
1348
2001
292
1991
5500
2290
2140
5806
1728
2391
4463
5752
3220
3544
4762
609
4252
4273
3590
3587
3599
1326
3334
3204
87
448
3261
1839
5560
4444
1145
1120
2555
5251
1504
3353
1847
3628
2981
1282
4298
1789
2807
1533
3577
424
3047
4295
1090
5202
2660
459
1162
4351
1812
2160
824
2393
4609
3987
3245
2816
3405
4079
5614
731
4644
4984
1807
3436
3933
5816
5406
2930
1468
1521
2841
3160
1575
1073
5613
155
3859
1379
3501
5224
5738
5873
2331
3476
4347
4951
486
3253
1679
5540
5488
5293
99
746
3578
536
1719
1876
3006
3499
1825
2711
2777
332
2767
5921
5203
4752
3720
398
4876
2431
4749
1962
3765
4932
4977
5441
4440
4656
2593
1745
4581
5487
98
2753
683
450
4423
5163
3759
3163
1292
5220
3243
2360
2338
1277
5222
726
870
2530
2956
3926
4496
2720
2778
3133
261
2691
5432
5574
5642
3916
19
4290
1974
4866
2614
160
2466
4048
1332
1079
2911
3052
3525
5119
2660
5848
4219
4720
3923
417
5231
4579
5943
5157
317
5988
2909
2738
3337
1833
1499
2569
5228
5084
5953
4001
2527
628
203
4503
5458
2658
4512
5907
4922
1863
490
4007
693
5235
5730
1856
2331
3128
551
2975
5459
4365
1419
5217
1791
3615
2330
1098
117
5729
1160
17
5818
1060
678
2805
4045
3329
769
77
1390
1251
71
1372
2665
1539
3590
1747
1955
5547
1635
3697
2656
1051
1588
4998
5358
4026
2267
4453
5185
5764
2255
839
2572
3650
4056
1965
5321
1688
4007
2509
4981
167
1680
5917
3499
723
2421
3838
2539
5454
1984
5264
5127
4259
3884
2707
2170
4543
5521
3661
4117
5370
4170
2632
5831
5348
2628
2179
3513
922
4150
312
1443
4647
2120
78
2894
263
3169
4901
4231
2103
5409
2494
5389
5256
5479
3501
1767
5715
2672
3687
3733
854
189
2021
929
3645
4671
3931
561
4347
5986
3186
4861
3463
307
3217
1543
4596
1007
5051
1260
9
5370
4177
4853
3839
3449
728
1226
2137
2588
1957
2404
1197
1772
2085
5101
672
1580
298
2535
1329
4879
4943
2565
4299
5638
2972
2474
2142
2308
4501
1020
2743
4720
3453
5860
1340
390
2888
4022
228
875
4221
4423
179
2778
266
3919
5091
2688
3795
1853
4125
5920
2194
3329
3879
5556
2370
186
3528
4450
2103
3725
3543
166
2932
3374
4770
2033
3488
4238
4986
3246
5907
370
2747
2973
58
843
5817
5230
298
4087
4197
1291
1889
5476
560
2962
4295
5772
1431
5358
5028
5954
3260
2913
876
4055
4501
2800
4437
1624
2349
3435
3385
2248
3785
2391
375
4294
1413
4474
2451
1051
957
227
1662
4034
4056
5059
192
2644
2558
1628
4242
1119
2538
2132
3528
5810
5082
3589
1387
712
1619
5429
2517
5806
3826
2046
581
2194
3453
761
4035
3275
1512
3083
5982
1455
3988
4044
5184
357
5250
3327
643
3480
3685
1683
3788
4724
4532
4806
3910
3712
4655
4481
4154
5496
2937
916
4378
1445
2004
5406
5933
427
4971
488
276
2320
1912
991
2843
4948
5814
685
876
5537
1952
3539
173
944
296
3029
2441
4069
181
1506
3148
5097
5779
3150
5464
4402
5326
5758
2709
2305
5737
5871
3222
5607
1816
1475
5894
4757
1999
2857
992
3455
2737
4808
1166
4411
5802
4919
2890
3084
648
604
5632
4038
2020
2848
3828
4045
399
1468
4784
5279
3607
2610
4646
5658
4809
1081
5396
3707
4736
3174
1541
5268
1723
2884
5267
4953
4381
1009
1307
2488
782
804
2969
4786
2031
1294
5922
5098
1419
2028
2161
1561
3208
3622
2777
3756
3565
4072
3753
5851
3262
1642
4157
1238
1538
1485
673
462
5558
485
96
4205
5162
206
2091
4771
5593
4236
2182
4190
5014
3059
812
4277
2945
159
5106
1937
5673
5825
2185
3944
2028
2279
61
3816
2282
5751
1355
5325
2344
2216
4879
3711
4304
2828
2987
1595
5765
2558
419
3371
2724
804
613
1701
5750
3985
4007
2125
2386
2074
1801
2232
4639
290
393
3870
4583
2005
421
1515
4440
1005
5018
466
20
2212
4684
3614
5880
3943
3743
3159
3257
2308
4289
4253
650
2048
4554
2308
858
2502
780
4797
59
3727
933
764
2397
2811
3283
4411
5609
2442
439
4058
2570
3370
4626
5457
53
1341
588
2805
1177
3926
2147
3010
3185
5247
3104
5819
3559
5850
1270
4939
2419
1571
4900
3751
5632
5742
5290
1042
1903
2386
3992
3068
2614
5601
4657
3128
704
4771
3390
2681
3736
1518
1231
4728
2768
4404
1485
117
4923
3737
5339
5063
5579
1248
1307
273
3460
513
3629
3060
2304
4696
2593
5531
380
4253
3694
4423
1007
1820
5131
135
602
5329
970
5923
5243
4786
533
1973
1900
5272
4048
1237
5048
3386
686
2176
158
2056
1696
5316
1966
1138
2952
3995
800
5939
891
4449
2692
1245
4997
1923
5139
4306
4775
2518
2501
2780
5595
865
3020
5690
760
377
654
3303
961
3415
4688
4200
4679
4103
3293
4690
5375
4416
4454
5158
1023
4811
1731
4907
273
5058
1527
5702
5658
