11347
1263
10202
10287
3046
10813
867
9298
7908
3575
12277
4303
1585
12100
3224
439
9781
10479
12049
7364
2461
3681
11259
10944
5733
7169
4515
1637
4941
11662
8111
4334
9213
286
11347
5929
790
10359
7210
8064
8703
7810
5894
2781
3896
6231
2261
12203
1415
7995
11904
2899
2557
7463
8312
6860
11723
7659
1943
6412
2990
10215
9289
5747
3405
2977
12149
12639
9835
12474
7556
9401
6981
7331
2388
10246
4793
5190
2489
2138
8601
5671
3505
8159
7667
6185
4890
6428
10230
6341
2691
3833
6587
4413
3900
4190
8581
8478
506
12426
11319
11684
2051
7745
10889
1487
5850
455
11918
8395
11184
12458
1541
8950
11559
28
10274
9723
7644
2109
12409
1555
5025
4839
2454
6923
7436
4555
7723
5080
7607
5529
3471
12655
8100
620
7728
11817
3781
8452
10845
1724
2446
7565
3722
9293
9168
1589
1328
3736
11018
8411
10496
9634
221
10163
7020
70
805
4678
355
3364
11360
12398
4775
3864
1100
8798
837
5406
4321
11392
7352
5867
10751
513
7954
10854
10037
9567
6824
4070
2664
11658
11272
9597
3325
3336
2442
12786
3787
11307
7512
6116
416
12157
11603
4722
7350
11356
9156
9544
4705
12064
4788
8092
1072
3752
5969
9695
4949
12437
4933
2119
299
567
5660
7184
4227
12699
4114
6395
7747
3390
3182
10231
8019
475
8823
9051
9542
5224
12834
9181
12178
6319
11701
9157
795
10544
4451
3171
5970
3980
1557
11456
7229
5804
3553
8584
1932
2192
11761
12220
4575
3523
5266
3862
8743
9251
11575
4605
8312
6287
5154
5145
2607
3034
9903
10840
1694
6716
11613
1263
12233
6911
11122
5420
10380
614
7362
4960
11787
11162
3643
11690
7485
8310
3991
7918
9286
6538
5319
7893
3608
4678
1569
9854
2429
2740
6750
5522
6692
2671
10859
2437
3557
7435
6641
7969
2931
890
6571
7044
3789
5997
6708
9785
1624
9996
7570
7516
9333
12404
10643
2807
4754
8503
12050
1642
4296
3434
9502
1271
11145
1511
7695
1339
9003
1931
6422
8545
2678
7474
4649
4753
4965
1550
7087
1797
11356
9599
10478
7059
3063
1436
4102
10247
9051
9943
12137
5728
1476
5351
66
6083
217
4935
32
5237
3735
732
8501
4857
3321
12691
9087
2217
3481
9441
8666
4042
9606
3028
2919
640
9313
8191
230
1744
5181
3371
8603
7045
3532
680
6008
5393
12712
4667
9367
12717
12757
9457
1266
4861
4048
12274
10913
11618
3171
8505
6751
5867
6920
11343
9506
1062
7207
3688
11645
7135
12102
6429
4388
3363
1756
6424
2291
7927
11707
9071
8074
10257
3960
1903
5097
5224
11047
7401
7276
8712
687
5362
12988
557
136
5997
4050
8241
8973
4739
4616
12288
9497
1195
1574
1440
12714
12668
11990
9407
6877
10415
9629
7740
10156
12193
6902
11535
6147
12790
1148
11581
3243
4706
6387
5772
3928
8224
11476
12821
11582
7621
10260
11879
7715
3759
3751
5887
4592
1936
1334
1237
3145
5550
7467
3443
9199
3964
12132
10287
10903
11355
1212
9959
11849
2722
7769
2348
10206
4118
5939
7406
3038
3154
12779
10167
1454
9023
8947
12821
1131
10062
8823
8823
7973
130
9200
12024
10363
4444
6585
6657
3407
9814
2760
10601
7453
12465
12083
408
3093
10441
4491
10937
9971
6549
11570
7174
6399
12557
7173
2109
5302
7237
4326
9095
2093
590
10456
521
11892
12932
1863
12132
10487
10970
7772
8640
740
12888
10963
469
7050
6183
8953
2513
983
9427
11789
10854
6899
663
12729
12355
3694
9071
1085
9018
11163
4614
11432
7626
4272
12992
6260
10155
11035
2418
11709
6102
12010
3302
3174
11631
8583
1202
6200
955
310
1840
951
11268
9997
3160
12060
11059
2575
3305
4984
1316
4356
4070
1012
11037
11065
3453
6482
2913
1079
12756
895
6425
11371
11372
10808
1170
153
504
9677
9626
7830
334
238
11323
3993
7779
6185
922
4252
12910
4797
10993
6325
6594
8303
5400
12316
12839
7390
4979
5168
12611
12797
5469
4826
10249
10548
3274
2965
8123
7251
3641
8481
8212
10829
1937
3227
10110
8980
10987
2762
10586
3151
5429
1633
3959
4741
12294
7572
2001
692
3669
7072
11842
9955
1412
4620
7647
2640
7714
5246
10473
4887
5287
579
9764
3111
6120
631
7676
12626
11970
445
1530
7890
5747
9036
12423
5555
10236
10878
9496
4000
10554
2933
12663
7918
3748
7660
1122
2735
3775
7472
12949
5900
7461
6306
7226
6938
10949
8450
12569
551
8259
312
3074
6281
12392
4114
55
2964
6676
5981
9031
7382
1048
11426
293
11601
8504
7072
703
5036
1709
7135
7274
2846
9393
7488
7195
384
10699
2838
7568
12710
6635
6304
837
10786
9752
11103
5627
3812
9884
1863
12251
12386
8193
6835
7296
2232
9621
3361
4130
8733
10560
7879
4422
10937
4382
3929
5571
8094
920
10577
10519
2251
8941
7761
2624
1855
5342
11247
8647
7512
3711
7534
12295
3912
5066
11277
4860
11552
12965
7126
3046
9852
12347
9165
7380
2923
1809
11371
4501
12425
8910
7366
4193
7106
5605
11470
4478
11221
12856
6015
6560
3251
6834
7694
4344
7387
11606
12346
4884
12596
3278
1721
11375
10926
2492
11836
2071
4477
3764
3231
11613
5283
7546
1769
3002
3784
3520
11116
8964
7289
11896
2170
12080
7626
10104
10421
6177
6665
10835
4160
6590
7609
11923
7303
1130
7135
9669
10695
5085
5893
357
7116
6896
12657
7216
2910
9902
1329
2121
10783
12830
11365
2395
243
2236
5832
6149
4060
4295
1812
8907
11762
4413
8554
8865
7355
2107
9739
3187
5620
6073
1110
8047
5380
8866
8303
8340
4817
3553
12479
8364
2786
726
9518
11661
400
11176
874
12141
1754
11181
8218
6611
12092
3589
11331
11155
3882
3069
5046
7273
4214
3367
12733
5727
7348
6974
2248
2001
6591
2207
1113
6422
210
9075
8159
457
3925
1105
11851
11925
4273
11072
12293
943
10562
12506
6889
5885
3328
3821
724
11237
4002
3803
7109
6816
6184
3065
10682
8629
10907
12260
11064
7865
6195
335
4198
8364
10636
5041
7335
496
3022
9740
6954
9291
4432
12856
3576
9707
8977
2006
7649
4001
7754
11113
11211
10878
12523
9422
8896
1618
10880
236
11234
7163
264
6958
7918
2522
10634
8062
2347
8306
5357
12428
2533
3418
8202
8611
3850
6522
3208
149
7688
5994
1468
4525
6466
10661
1354
3106
2853
7468
2044
12675
6595
2072
2422
3213
12299
5951
11620
10010
9178
11455
1937
9580
12818
1281
10677
6632
5237
269
7105
5941
7839
10931
3178
6043
10094
6066
11064
5232
12335
1161
10666
5509
1309
9042
2865
7688
9192
6607
7893
6099
8128
1764
3823
12945
12637
1052
8300
7857
11525
3112
1866
11139
12664
11378
2258
12471
5564
1368
387
9949
10832
9227
6775
3342
6759
3767
11052
9202
5235
12125
11577
9867
7426
3844
4714
11711
3810
7287
11146
4891
12317
4152
11389
7282
5129
1833
4663
3765
6567
3539
6988
1300
3245
9399
7061
7867
3082
12738
2876
1863
134
11375
12524
6384
8652
10236
1231
5665
2588
5285
10134
8354
11833
11343
9655
9263
8212
6429
7014
6593
12395
9007
12002
2434
12866
9969
8546
12590
12572
7112
12580
181
6934
8270
12794
7620
2176
8486
1394
5852
10041
4188
65
1626
4598
9595
299
3253
5398
10690
12273
1519
11669
12329
215
2754
2051
2429
4881
7828
3753
6715
5089
9909
9303
2049
1520
6845
5277
7576
12495
435
4644
4206
8120
8880
9487
8312
6142
7169
3747
9588
4797
5635
6817
6540
9608
10361
6404
7399
5654
6233
11268
12361
5551
1069
12797
7931
8880
4654
12612
10005
10001
6354
5576
3352
2664
9574
9073
576
9268
3455
10391
10974
11207
11817
1777
5420
9960
8435
10241
314
8981
6586
9145
9229
8642
12177
7148
3463
3632
11370
5619
6634
11317
12119
10690
429
1843
11761
6455
729
11000
4570
190
5830
8810
5302
9772
4790
6100
6371
11510
12939
11562
193
2460
2628
3381
572
6936
9498
4283
8623
6861
3649
10982
1811
12310
1803
3383
11502
9501
6582
4727
2502
8052
9590
8906
1308
923
3421
8576
1341
9991
270
2561
8539
8859
8473
8469
11147
4581
7144
8469
8864
1575
1416
11617
1533
12521
4260
5591
9679
11040
4268
2325
2872
3765
11770
3235
12448
4484
4573
11208
7958
2303
6094
9247
1669
1751
3368
7965
4706
4959
11461
9906
7081
5540
11323
10546
2334
1877
9597
5559
6577
12123
8246
9189
4172
6549
4488
3417
11182
9211
10202
1823
3586
12012
3593
1678
1873
11150
2941
10602
7355
9393
9724
1855
10325
7961
3692
8740
4365
1311
6226
859
9673
4226
2888
6700
1133
10711
11570
9833
9891
12506
8793
5873
2828
5608
6649
580
11581
939
10725
10088
4013
11737
7026
12270
8194
8025
11993
5980
2508
3106
7814
5448
10073
8170
4350
9405
4104
7377
12621
11733
8625
5496
9805
8532
5425
9352
12851
724
8211
8427
403
2099
11234
2953
7315
45
6787
9656
3685
8574
11991
1068
9583
12528
11175
5639
652
1582
1272
12965
2213
3259
2605
10030
5450
666
6380
2809
6610
7147
9625
8337
5195
10150
7270
8606
5547
2599
6252
9875
6789
5758
11435
10760
6815
8681
613
3516
3583
9625
6473
5912
5790
6630
1692
11978
3141
7296
386
5421
9748
6467
5665
10489
7258
12157
4398
8093
2390
10672
4753
8366
499
9359
1276
9937
9675
3838
11489
10949
9347
8298
441
12454
10995
8538
12768
6872
1505
3985
5590
6081
12827
6857
1241
4104
6386
46
1878
3128
12503
9988
2558
1579
8229
1029
11461
10757
11054
7227
5350
9470
9314
10926
12873
10339
9122
5771
11991
10115
10426
11362
3661
3849
11788
5946
11315
1258
1162
10875
8369
5036
3683
8135
719
1936
7991
7742
8746
1470
9854
2924
1703
11364
8298
3201
472
12139
7221
1094
11891
12495
12060
4759
9674
7368
7219
8537
381
8201
1211
1777
7387
2941
12918
12542
5056
3857
4907
3612
5448
8841
6165
5910
2034
9035
12982
3711
5512
8082
7336
10837
7218
10736
8116
7851
10874
10860
6908
4746
8490
2892
3266
1243
681
8054
2196
8611
8493
9353
1663
8227
4091
811
7016
83
8234
270
578
1251
7069
7892
3865
4566
7166
2227
6165
2715
792
9440
12458
6417
2062
8084
2228
3502
1775
3461
11464
6604
4050
8228
11486
10657
8326
230
9243
4249
8426
41
1290
9098
9860
6501
7162
748
3533
6028
3163
1771
11593
10495
11778
3010
10716
4879
2429
3374
2136
12277
5864
10676
4131
6822
8069
6776
2342
3087
49
1187
1968
2129
5651
3232
6432
11064
801
2203
2538
6462
9411
10902
6480
5743
8320
8898
8362
5536
11903
6918
12329
5617
12294
3367
2061
8085
12910
700
10190
3802
8808
1861
6135
9169
9720
11296
5382
4851
5664
10855
8160
6173
6016
409
7570
12154
3504
11947
8827
4444
10216
11619
1029
12815
2903
9545
10786
10298
8471
12947
7899
3770
6898
1307
8395
4709
4750
5567
11570
11432
1635
556
11277
8286
7150
11544
1291
5285
11358
515
635
12950
7827
5249
3265
3849
10726
9391
10015
8491
8227
6567
24
11277
7620
3361
9552
12562
1360
5176
6711
2805
4240
9511
12236
8564
5105
12174
4486
3405
11397
11317
3382
8755
6884
7083
6280
8453
7193
1059
10816
3443
4535
12380
11354
12950
3778
4012
5345
9755
5345
5064
4801
2052
3409
12050
1121
7675
7790
7624
12047
8260
1314
4821
5495
7518
5448
2334
1383
2245
3962
9219
8522
12079
1270
11647
628
2880
11055
2646
11460
4781
8480
2411
7845
3290
11723
12675
12399
4216
8432
11809
12956
6943
11961
55
8004
2211
11026
4750
3193
3542
1798
11858
10815
5514
9404
2244
115
3457
11472
11573
4228
11035
6350
7740
3895
3619
7258
9149
2724
9135
9371
6383
2902
9801
6326
9639
11448
7799
9822
7854
6747
900
6480
1484
10700
10320
9061
6871
6218
6691
11097
4380
2261
9425
5841
2689
4506
3779
11258
10196
3299
4506
4707
6524
6803
11632
5380
9346
11279
10069
7664
3283
5592
4867
2230
6189
190
2262
3214
7355
8222
9963
3022
1031
11779
9596
4412
6611
12691
6446
1286
2156
11568
12767
4685
4908
12767
6495
11456
363
109
10682
7165
9296
2333
5878
1282
12401
6223
952
9914
10805
1419
6726
4947
5986
2346
6728
3851
10561
10805
4655
8571
818
5359
2410
5932
1508
8893
10938
5086
7957
558
5609
2616
12331
11278
2419
10033
3501
9364
4400
7053
5449
2499
2046
11139
522
1766
2527
4291
1229
12821
8164
2757
2800
8348
4854
2141
3864
3010
8900
9778
9678
1599
11070
133
3894
4126
4213
10871
235
4970
11421
10011
11914
6445
2632
11835
12313
11443
2999
7343
1132
8478
7976
6976
7820
6275
6711
4306
4004
3577
7730
6016
7305
8034
5286
3577
37
12225
12735
336
537
8891
4808
8241
4069
9379
5695
479
3925
7734
1148
2739
8297
1749
5414
8791
3561
12000
1226
1945
9667
5599
2881
8083
10803
2588
5484
7495
11877
11940
12519
5911
12138
245
8079
8738
11077
12570
6481
10051
8209
5577
7289
11556
2897
8085
4068
9816
3851
12495
6178
9277
7346
2055
3011
4408
2854
9425
10021
4603
1282
8867
12551
553
6698
2419
933
10579
7775
2693
10505
9179
3313
2713
12946
10885
7440
2371
2612
7029
12430
2916
12188
10147
8220
6214
5365
7435
3920
4629
9460
2233
832
697
2284
6442
8326
7552
567
10326
9671
6832
5290
9338
7953
10882
1060
6738
9793
9602
2467
1643
8799
11187
835
8037
3150
2592
10131
184
8652
4172
2525
1318
7018
11523
6498
6118
12608
8034
8880
9337
449
12617
1170
1949
12478
8553
5482
2047
12585
1935
1389
10501
11768
8144
3011
8642
8380
440
7145
762
3998
6619
381
7101
7829
9364
9254
12305
390
5395
11773
4471
6912
5977
1691
7096
7362
4688
11377
5657
4564
1558
4526
8193
10391
12952
12609
931
9890
8754
10691
10566
1666
11948
11767
6274
2628
10153
1401
2302
4354
761
4225
9333
10969
7286
6035
4142
4147
9748
8260
5298
10261
10706
8370
8177
535
6725
11272
10501
10811
3291
12053
3768
2108
4300
8000
546
4956
5165
11594
7178
7762
5583
8984
1045
5167
11932
9276
6493
1691
5913
10703
4321
5689
3855
9341
7034
652
6316
1892
1293
2844
9455
11994
11044
4736
1728
11827
5984
6441
10557
2148
3121
1937
9913
6631
1557
6807
7918
5419
671
5336
2652
4807
11343
10508
6410
7379
9896
11322
4825
6930
2990
5624
417
6104
1518
4251
6850
10797
5440
4871
8588
8403
8943
9147
6682
4193
3241
2421
6441
9740
12657
7622
11567
9911
1370
7873
919
5535
6718
11213
9865
4606
3573
11260
3365
11714
12353
9791
12128
7480
9750
7673
9007
10994
11095
6869
10576
12547
4315
8124
1953
6507
11895
9559
7776
5612
2069
5645
10785
7207
12850
6001
2494
4139
9069
12412
8672
8683
10874
8610
12020
7323
4423
6612
1473
6103
5134
11105
318
8960
8161
3113
10849
6404
7556
11280
1673
1960
3972
9796
453
901
4550
9707
5613
989
2346
3131
12430
12112
3725
3271
9948
4231
10934
2651
4735
10132
3160
4557
1144
11884
8974
2480
1293
4627
11070
8774
8176
8138
10140
2009
2494
9591
1991
11398
8675
3553
4752
7358
9442
8213
1390
10906
7434
9738
4271
7219
4901
1719
9481
6956
9450
484
1087
4428
7610
10291
7607
10700
9351
8436
3984
10185
11760
5415
5616
6254
10314
11378
4315
3473
9105
11055
11345
168
5628
9072
6198
2640
1518
11354
9717
9082
10160
2299
11038
8570
2571
10370
9652
10590
7580
12234
12372
11543
12201
11802
2631
10703
3080
10204
6920
7151
6278
3280
12681
3419
2612
3684
304
4429
11638
2098
3535
7355
1382
7462
2537
4198
4957
1658
544
4480
7753
7936
428
6633
8626
1404
11438
11917
5247
6284
3450
11925
11454
12644
10715
9329
5080
6690
656
8647
10746
3851
4012
8051
8432
12048
1076
1004
6084
11865
3681
12686
948
12324
4613
10416
5258
8097
7082
8620
9381
7989
7262
6159
12508
361
12603
12517
11739
4527
9227
818
1318
9473
32
10559
5034
6925
2417
12887
4235
11953
1393
7252
8432
12199
11722
10195
5459
12037
8767
6425
8516
10292
9567
8912
6157
3594
2996
9323
2616
6054
5347
4610
3949
10056
2959
3145
12408
6034
7150
5563
3007
4143
261
2135
424
7935
9183
2436
8305
10188
8728
5015
9962
7124
1905
10629
1292
9131
3228
12207
861
4580
8526
2266
9059
691
2404
823
7366
5219
10662
6558
6387
12223
5921
4225
6450
1311
10737
9440
345
313
5355
5505
2553
5961
9472
9418
12726
1263
11549
12861
9141
11092
3687
2078
4574
5152
10157
9260
5056
5194
10686
6106
11563
5053
657
11408
369
3364
579
83
9838
2218
1138
3821
583
752
10184
8042
3407
7364
9364
6841
6187
1706
6675
980
6415
8010
11260
11308
770
4717
4040
12627
12765
2549
1432
8583
12761
6009
7553
6168
2781
10025
9338
12023
12591
2956
8894
11618
10098
444
11685
9840
5125
6507
12997
11638
7685
11612
13
11523
3824
11072
5482
4406
2178
12803
4355
12706
4950
6194
8791
10916
3930
10300
4663
6521
2308
6874
5805
318
9531
5468
10003
4141
10110
2770
3649
8080
3465
11555
4366
3838
12431
630
7031
1415
10497
9979
6990
2686
11363
9420
8882
1226
12144
2685
6180
11488
1340
5957
4338
6129
7671
6760
8796
10644
7458
931
9011
4712
10978
2772
4761
2447
3937
2675
4884
12530
11299
3344
11341
11365
6478
11026
11541
4615
323
10369
4782
10337
7938
3834
8727
160
11154
9109
1906
1369
1973
6419
8824
1856
11345
2889
12
2332
3187
5244
3860
4074
8063
4080
9147
11405
3042
1721
11460
7815
888
8549
11177
6727
4346
6132
4538
8167
5375
8500
11986
9008
3
9806
5938
9452
6949
7431
753
2344
1178
10876
12731
5092
2543
12389
6981
4841
4235
7412
8011
8270
10627
659
4361
12422
11167
5719
7558
8681
1330
8020
10687
2885
3920
2950
12208
6169
6872
3234
2868
3447
9664
2143
2141
10964
11247
3757
12231
7909
7053
12872
9887
3831
1903
7424
578
5266
5487
9168
5904
6027
6529
7080
7207
7445
6624
7874
2091
75
10974
11830
8131
1245
3770
4442
9407
3621
2284
8322
11421
5589
11740
5519
5667
10702
1529
11263
1983
1231
9253
5322
8211
4272
8117
52
8468
10554
5247
11379
11753
9782
10428
12327
11768
478
9661
12392
1148
7348
1185
2217
3659
301
5740
6392
7900
6585
6236
9166
10558
11418
5045
10161
12331
3310
10084
10643
12475
10986
5161
11183
1117
11277
1173
12552
3472
4975
9339
9614
9560
1828
7923
5094
5644
11449
7641
8652
11756
6066
12629
3384
10736
4589
5179
1122
820
2463
8562
11507
7192
11712
10018
11370
10931
7397
2822
7471
12039
3531
1570
5519
519
6651
10086
11725
12342
4694
6991
11218
6385
5326
5271
4368
8220
6846
12547
12880
1227
12575
3019
1166
2590
8728
2094
2590
11920
9690
9203
1382
929
1469
2148
368
2974
12610
10709
11498
9802
5423
1163
867
951
3808
4015
7292
10853
9888
905
12720
2227
6091
12497
9066
11043
2399
6185
11186
4110
5103
6759
6451
11569
7187
71
9580
11112
1328
11860
9689
2823
7375
7383
6709
11072
1837
2520
974
9102
11879
7897
10181
1504
10799
12043
2473
1713
10159
10527
1103
5196
2121
2591
8792
284
3264
10997
5295
4170
4031
1177
757
6344
6988
2816
12131
138
2385
2383
8875
8484
4679
4415
884
1774
12215
4819
10136
10645
5558
2493
11795
6307
5835
758
6466
2910
2561
2132
4910
6830
2300
5317
2588
2920
594
10106
11274
9832
1783
5439
7144
10235
10492
5399
12688
3370
6150
10525
1515
12962
11415
8845
7210
5993
1595
4464
7862
7331
10232
7342
10564
1394
4498
12446
2456
12812
9819
3081
6821
2422
6700
11325
2135
7519
12235
6382
1621
207
10049
10750
6174
6006
10741
3772
2999
5089
4754
6803
10982
7463
3787
11641
70
6649
9647
3912
5535
7272
12012
3402
10609
4081
10132
6341
7749
6587
2854
7414
6144
1553
11971
4969
10213
11227
8543
8703
4934
7015
2655
12600
2295
1101
2357
12904
9271
10456
740
3782
10067
7912
5458
2591
1185
4796
6698
6330
8014
12772
3131
5740
2348
12349
9641
9187
6396
10134
12782
6560
1948
11448
6236
7846
6020
1514
1249
5063
10419
3385
7512
4877
7081
5863
4968
2845
2441
2667
3971
8976
9302
11542
2133
11500
1214
2270
3383
11168
4614
11531
10231
3620
452
414
2990
5086
219
1362
2885
721
6111
5834
3637
12120
2997
74
3266
12577
4182
6314
2275
4652
9552
8629
1984
4882
7377
6880
6344
10659
8865
11214
8375
5272
1506
4231
4608
8463
5543
8193
6605
11004
10238
6375
5976
2036
8899
11397
7692
11253
8299
7446
11461
12386
4442
221
4161
7307
897
12159
3385
3856
9151
3666
6544
3502
6915
3863
503
9843
6324
3026
8395
12827
5317
8634
3724
2156
2647
10404
10866
9991
10477
12946
12102
6677
12654
3521
11042
3705
6723
8784
1366
9325
6198
9044
3224
5700
12354
11896
5375
4702
5973
5626
3069
4698
9127
473
3134
11165
9117
1699
4801
9313
8727
4234
12178
7898
2874
12838
1473
4833
11674
7246
4043
4987
12736
736
12530
8236
11244
8168
8764
109
3127
8877
12597
11589
5912
8279
2906
2587
9633
7013
5027
12369
6581
2275
4604
3724
12120
4984
3505
976
10715
7597
12067
12520
4418
10042
2450
12660
12300
1355
9537
2803
695
9479
5729
7392
10301
5969
7147
11633
9175
9799
9638
4201
876
3320
12481
6856
1381
4091
741
11496
6689
7994
10002
2504
8488
4021
7373
2262
4127
5635
4363
11085
11055
12396
4988
6798
2305
4641
190
9835
3610
11141
11229
127
4487
4061
2660
5529
11126
7906
5403
7559
3512
12088
10278
11934
11430
7447
10261
10664
1079
4902
5877
7575
5756
11343
8250
5
3465
6053
4495
7822
5928
4275
11996
2333
2307
11238
795
4796
4053
3394
2047
2863
10661
6979
2913
607
11544
8290
6288
4532
4987
2335
5076
4
1770
10661
11240
3544
9128
4801
10057
3710
435
8428
5311
6713
1987
1584
8408
3524
3839
10223
12523
4550
4059
2383
1183
8918
6162
3962
537
10392
9788
12002
12812
8936
3837
10874
9712
3995
7930
2503
3145
8822
144
10213
5931
6326
995
1406
6391
4942
2360
8797
11429
7302
3599
6585
4766
1240
8776
781
10388
6199
6513
11052
10400
8592
2129
3762
11560
6123
412
3757
10835
1602
11348
1394
7682
1559
368
8620
8821
1253
2371
10584
7623
11437
1724
9660
9408
2897
2750
85
2621
11484
10395
3576
149
4416
186
5232
4546
1186
2777
11086
5690
12152
1265
2207
11250
1050
4309
10367
6902
12614
2206
12339
2279
7485
8647
4204
12081
10476
10071
7808
2216
7917
10336
2138
6591
7859
1339
4761
11964
12381
10790
367
9539
11433
9476
2296
9326
11114
4727
2314
12638
68
220
4219
1832
12708
2610
4910
8071
11797
10913
2104
1377
1245
2219
4015
11873
12686
2002
4633
9033
7160
9278
10954
7986
1331
12184
960
914
5531
7545
6713
8224
1196
10832
2844
5590
6509
6508
2941
10188
7345
6822
10857
11621
7896
12849
10521
4376
8900
9737
4988
9110
6919
254
469
11370
5562
5027
2724
5242
3433
375
5680
10113
9722
4096
11490
10582
9428
3894
12749
12460
987
371
10121
10975
962
12749
2702
6320
5362
606
2614
11933
10270
9048
7987
4464
11193
1840
12104
7994
823
11374
10396
10204
2425
502
12401
7946
10980
4118
394
7821
1233
2732
1314
11523
5078
8708
3682
1412
8099
9179
3826
148
7090
2475
10409
11432
7317
2379
9048
3983
8219
921
3248
3118
1237
6135
6468
3048
779
11200
8305
6801
884
4525
10121
12949
10322
6353
3095
729
1476
8997
8165
9101
3093
8592
3362
5301
4218
3407
279
7899
2384
8261
6824
1075
4419
12063
8328
6355
2556
2711
3597
5580
4938
5130
6738
369
6369
11416
2651
10579
2704
8880
4883
9622
6484
7446
9282
10052
9970
4738
9723
4860
6946
11373
1793
12671
2327
7610
12121
9039
4763
6111
7314
4451
3063
6567
8465
9515
4023
5030
1769
4061
4804
2088
1360
5130
1076
5222
4549
12145
8964
11174
5070
4213
4533
8678
4758
10557
6556
5220
9538
1472
3260
493
1860
8114
8542
8656
8113
264
232
9710
350
3260
3964
1985
3200
12557
2407
270
12984
10031
1202
2760
1316
12362
6421
6986
7395
6665
3143
11609
9721
7018
8210
8724
12072
3613
9284
12281
12592
4866
1304
9781
5973
20
4403
8551
8718
8012
5410
2537
3342
12219
12992
11452
1667
11335
12830
5752
12468
1281
1675
7269
11976
8553
1843
3296
12593
1991
10644
7045
9360
11711
3907
7318
10114
10760
8821
10045
12295
8473
11834
6628
1283
3024
4603
334
349
8481
12436
12377
11758
9119
8461
11979
7684
7282
3418
630
5004
6237
10483
10570
12525
2250
5677
6645
2609
6285
7167
6521
10415
1194
2505
9818
2099
1171
4767
12386
10632
2850
2531
9604
11460
11904
720
10489
8449
6800
1875
8082
8323
1354
9460
10938
4293
8807
9371
463
12318
7462
4933
12598
5554
2002
12117
7096
1691
8080
12799
8724
3326
10360
6808
2714
2090
6783
12665
9721
1378
5934
12578
4054
2196
4612
380
11491
5458
3147
11751
11895
10558
11065
2954
11215
12067
11365
8440
1921
7710
11299
3399
4336
6323
1750
11733
5817
12268
761
7475
7465
188
7187
3035
6761
9634
2732
5126
10599
313
2216
9430
11450
1916
7367
4426
10169
2743
3135
5360
2433
10361
2439
3940
12234
10621
10448
6495
3300
6247
12562
9347
6163
1324
5352
3178
2548
498
6449
3535
12955
6838
116
9612
9491
5781
9911
9794
1513
12706
8036
1152
12605
11366
6681
2730
12101
6190
514
3298
6360
542
8157
9732
3836
2731
6690
7916
3173
2775
1109
9322
3787
653
2186
565
2158
6235
4131
12854
9441
3280
6848
1707
12728
3483
3300
11652
12063
11523
3912
7170
11240
7381
8191
10171
9288
11528
334
3779
9416
2765
3589
3484
7235
8313
4909
4350
11560
2572
3688
4249
750
12556
2856
6823
10902
5587
765
8543
4946
10728
2919
2532
5769
11369
6844
12852
2611
7726
1182
5604
12031
3656
1612
457
2359
1072
10996
6089
876
5452
10074
5424
4020
3516
8639
2782
5860
8011
6744
7942
7260
1
12970
10162
11494
6317
7999
6706
569
10568
7336
4123
11472
7540
23
4268
5195
3460
12384
5147
5919
2381
2564
8558
9479
5370
6721
542
1270
3989
6441
12878
12183
7945
4236
3633
9003
941
6781
49
2278
4747
9535
11308
11887
5694
2762
5113
1962
12746
3206
3273
2492
9213
1746
8072
4130
12883
3322
914
8767
2231
9379
3378
8344
2973
883
11198
8717
7374
10354
12350
11174
4338
2207
12740
3351
1481
4961
1797
12562
7789
8139
925
8432
647
3506
5057
4027
3434
8502
166
10779
4669
5739
1663
9483
11793
219
11491
8751
9594
849
9837
9405
11043
1044
10597
7436
12282
3927
10652
7813
2083
6817
9221
93
12528
5414
12278
805
653
10633
8398
486
8257
9324
2472
10140
3441
7766
7526
8550
9567
7783
4993
734
12016
10835
12636
1139
11748
11137
857
5097
12006
1014
1779
3706
5498
2395
4802
3491
8790
2688
12149
1741
2497
11379
10610
3583
10401
11177
5665
7757
10409
12728
12135
5871
3303
3710
11070
2311
2507
7098
10593
8624
1027
7157
12228
10928
563
11092
1202
11507
7962
12613
2433
4252
7888
4148
6033
2463
9396
9641
5834
4928
12906
3767
10226
6674
7337
12763
2317
8749
7771
8351
6943
4631
6245
1794
12333
4926
3950
1102
3274
9471
9949
286
1589
4838
10035
12114
12912
5362
6791
8089
1355
356
3664
12377
4887
11180
1037
2725
7718
11672
10096
2580
2039
2034
10810
11458
10537
4349
12120
9613
11085
11500
12338
10734
8029
2951
5516
12970
11075
8947
12366
5181
434
9788
4062
4978
769
7689
3030
312
7710
10437
1415
11492
9143
10357
9044
10527
3299
12427
10188
3021
7711
4478
9343
9993
11933
1508
10353
8576
3423
485
589
9793
9153
1629
12673
3261
2293
8445
3879
336
6311
6062
7555
6180
2128
8532
3376
10919
4457
6723
10846
5137
7557
1889
5606
12996
11409
10096
4758
5167
8944
4437
9855
9649
8822
4314
3955
7191
2750
10364
12565
3426
2599
7050
10161
9416
6097
10859
3514
12461
5413
4946
11938
12669
11347
553
11276
3921
789
1495
365
556
11481
7304
12801
12033
8596
11055
3706
1835
5657
7650
6380
9568
2744
8178
12100
11427
8740
1006
11366
11165
3597
5019
5589
10927
9756
11514
7589
2342
12685
3814
6700
1467
3102
12648
8415
10646
5982
1465
12138
4758
7825
7883
10767
912
2136
2372
5496
442
8701
7352
1079
9891
7876
6427
12578
10105
9381
2256
7436
11534
7405
4232
12230
2383
148
5562
4165
1778
7034
9491
5653
300
12091
1219
5836
9741
2842
1956
5209
6937
11417
4783
9602
4371
11518
6541
5789
9559
7273
2166
10430
10525
8497
5290
9600
1661
12135
12194
4151
3987
7715
7290
6609
12585
12818
653
4445
6707
2449
11085
12275
4595
4003
12413
9179
2161
11646
6093
9682
239
812
346
9375
11607
1822
7151
8804
12969
10674
11532
12696
10084
6365
4409
9473
1672
5835
7455
10263
8126
10475
12107
7683
453
496
2824
9958
2010
11186
3928
7598
10115
1388
6014
7587
2344
806
6579
2896
12582
8546
7900
12781
6329
7875
5796
322
534
3666
11899
12173
8754
6219
7747
10644
11683
7620
5282
8887
8745
9469
4785
8844
1887
6706
9192
2494
6340
10414
1835
2223
10065
3562
10949
1506
2591
3075
9640
4974
4950
11490
9527
2341
12052
9356
7032
3427
3392
7610
10064
12721
2746
9755
12476
5504
4801
9437
11642
12563
5744
11058
1931
7550
6046
751
4125
10155
11408
5472
10920
7523
12581
9695
9165
1993
10095
3572
6582
4514
10121
6510
2414
10673
3417
6344
10094
1271
1211
10607
6201
6807
87
10871
11917
7528
5784
92
4567
2531
4210
798
6441
852
8015
12862
12898
2326
10918
11926
7938
7031
9705
3341
6248
6875
5354
5488
3611
12572
3081
2388
6241
2430
3524
2863
1719
1473
8244
4702
6190
4896
6248
1377
3630
1142
7936
7931
4730
4776
3807
8374
8823
9605
10078
2627
4018
8963
11105
5727
6990
1963
2177
2457
7238
1348
341
11911
5053
1013
7381
5625
12263
6932
9445
4181
5468
6532
10027
2617
8025
2411
7125
12208
1170
9977
12602
12795
4744
3700
10091
1009
1027
11297
7477
12217
9532
7741
7854
10868
5594
6337
11865
7240
12231
9148
8984
2358
477
6194
7829
8901
9291
7394
5981
3704
4190
8510
473
7346
9022
7667
7298
418
12422
8784
8289
12953
3767
7996
1353
6440
3938
4848
2898
12351
9072
2531
7962
12264
2960
5732
8145
8058
9259
9810
12729
10338
208
1096
4528
4483
7143
5524
9844
11518
7340
7966
5754
10661
3187
12814
5619
2017
8290
3590
4068
3707
10391
6879
7376
559
766
10047
11052
4173
11791
6615
10183
10321
7595
9907
4947
5515
3545
8859
8716
3289
5313
3279
3820
6992
8723
3223
8177
4145
3813
6079
5468
12607
10224
10154
5079
2935
11838
5598
8050
6545
8130
301
11137
11891
5115
9948
10478
12069
9366
7148
12622
8807
2408
5285
1667
5878
1461
8938
3358
9957
5599
2736
5022
9072
1559
4913
11274
12300
9929
8709
5870
9579
1687
1392
1253
1268
501
46
2796
2190
11284
12650
6839
1460
5557
12750
6066
5436
6315
10045
12814
8362
10357
5188
5494
4562
2295
12183
6052
1371
6525
9921
1485
10102
4772
5835
2830
10478
4420
5405
5090
5377
6621
8474
12233
4540
6796
6373
318
7974
10851
8074
5429
5715
8307
3824
11055
12664
790
6762
10299
5902
3925
2564
2899
4631
7603
11987
7600
3150
11508
7485
9299
2619
9510
4872
10810
11388
2370
8719
2699
8799
6015
5534
9495
12611
6908
7566
9422
10407
11023
10020
507
6962
5054
7500
5715
11066
11569
10548
7696
1704
5090
8907
4132
4016
1795
12352
5893
6966
8931
8510
11260
5076
2252
821
11177
11624
1684
8196
1014
6522
6405
8074
9734
5139
12091
12429
6378
7273
10066
3033
4816
2624
4074
5514
1537
803
10984
3429
789
215
2418
5064
9550
10776
7646
5298
5589
8988
8287
1541
36
462
11326
8224
4241
9454
4473
2249
12132
10459
8226
7496
1222
538
6127
11574
2078
7856
4889
1788
10729
10259
9387
4848
10148
10439
10033
9467
1873
1589
3306
9918
12356
10662
3052
2642
6729
8949
9067
1518
3172
9066
11693
483
797
1858
10733
2548
1654
6596
1722
6673
6274
9447
11147
1011
12195
2863
12145
3170
2768
8414
6905
5441
4178
10487
652
2091
1081
7173
2829
9023
4591
8170
6175
1599
2953
11397
4824
6527
5406
12834
12470
10264
4381
12005
5565
5148
663
3761
4426
4668
9054
12731
4670
2293
2217
7492
7162
7433
6365
5523
5764
1681
681
4112
10044
3952
9886
77
2293
11835
1033
12504
2435
12765
11679
6419
1277
6799
7804
9660
4527
9860
3679
1903
240
3035
9797
1778
8122
5678
3857
2697
12235
199
7789
12152
11119
9497
5208
10735
4488
1228
12116
903
9395
2419
7458
5475
2512
5960
8989
1994
9126
3672
1695
11520
11776
2760
8972
9660
7952
14
1449
10613
119
3189
10960
7125
7038
11680
524
12311
4180
4383
9443
3549
10532
2167
540
3738
2369
6492
4246
12551
11769
11178
10995
9753
4876
9121
2152
1543
3752
9791
12194
10369
1251
12327
3886
8124
675
6263
4660
18
1517
3335
3745
358
7736
597
1720
3933
7013
7782
9557
7480
10398
6175
2966
11606
736
12297
6
1294
6054
3059
582
4619
7291
10442
5754
11176
2284
1459
7510
6418
10151
7024
11387
8245
5324
9353
12218
3398
11783
4122
3124
9408
2247
2451
12964
2819
8278
11797
2089
9470
4773
1895
6851
12621
10956
4648
2649
2894
10739
5543
11989
11373
10999
1511
7109
1375
3324
1598
3767
2683
3644
2469
5648
2412
11961
8369
9577
11772
8069
7488
6926
2915
3579
10407
12188
3717
6185
3584
10791
1529
10613
12473
9773
9245
177
6279
7778
8047
2796
11362
513
9279
12423
6321
3108
1632
10904
5567
6169
6637
10422
4573
5065
11688
9218
6983
2093
7485
11863
1163
6495
11942
3598
2691
1226
12680
11216
12044
1495
2994
9152
2807
4342
7605
8332
11509
11365
11031
2920
7383
6824
1642
839
12043
6157
17
6040
4282
11810
7011
12881
11439
12398
7976
6994
7586
7865
8232
7864
594
7056
10091
9804
6978
7713
2787
5576
5754
7327
11269
10405
3630
11314
2879
4508
1115
1551
747
11583
11598
7856
11386
12515
9911
4271
6860
1421
9082
6180
3275
110
11246
3472
9591
5092
3118
12438
4028
11590
11374
7765
10552
10363
687
5244
12408
12776
3403
3795
5698
9476
5181
12913
4949
9274
3247
11160
9141
5483
8823
9313
11107
8029
2683
6740
4417
9611
1169
9217
1835
12074
1755
2996
3401
3478
2528
9217
5833
9175
8534
228
6169
9531
475
11587
362
1225
10683
8770
11816
9303
1420
6419
9046
9673
12949
1072
6686
1527
12485
9238
7030
11601
7856
544
9302
4578
7123
5293
12358
6934
3433
3615
9061
7256
1022
1353
11948
9685
7424
8820
5288
7719
8070
1774
9551
7839
8233
3079
642
4802
87
1465
2360
6662
2294
1628
3675
354
2949
5652
2555
7280
8654
624
6193
3623
12208
11591
6799
8849
73
7928
5818
11933
1233
6462
4257
890
1210
9662
1944
11490
4427
1639
7253
6518
6595
4453
6715
9828
6186
3122
2133
4993
4843
8402
1130
7436
5806
1
6222
9321
9475
4411
7450
11999
4089
6967
4122
8151
3772
9313
5004
3809
1036
6147
3824
1388
9194
3375
2163
5474
12238
11227
1062
10286
4427
11426
2203
5011
3948
4395
2471
7290
12009
7216
2595
12647
3057
7886
11637
4537
6851
12955
7803
2172
11048
8369
4615
3837
1295
5757
10694
5985
10060
1084
4835
10690
5011
6484
913
12567
9238
10042
4349
5711
11278
3573
9169
8890
9743
8005
101
3996
6556
1961
161
6295
9241
12189
1749
1740
919
12876
9481
453
10881
9056
2656
1922
7374
3947
2951
7526
4248
11920
156
565
11681
11723
5850
6381
941
2394
8264
6709
10586
10111
2193
5182
5667
739
11006
5869
4373
3528
3783
5834
4545
4091
3002
12697
1632
4588
4954
346
1261
531
9216
3399
827
3321
12991
5594
8071
8856
2185
8632
609
11560
6407
10805
6044
11495
12262
7805
5861
12372
9709
12372
10192
7097
2355
11340
12173
3554
3101
257
7346
11318
12389
10722
4146
12313
8854
9958
7323
1451
5836
4151
2973
4513
2505
7288
1423
4774
1121
4479
12755
6221
8951
1879
617
1830
536
7822
5418
7555
7221
12301
5211
4053
407
5145
7281
11432
5139
6268
11867
10087
2205
9497
11379
1662
1352
5675
447
410
10987
9752
10060
7783
8392
2807
12618
8766
9630
9003
2634
6424
8742
7571
7371
6668
1306
7376
9837
11585
7881
9346
12253
12769
1728
3847
5534
2458
9722
2497
7665
3305
11032
9139
10243
2445
7988
9528
1013
9654
1615
10064
8761
9256
12019
4743
7768
7808
4682
9796
7344
11385
3125
1627
6403
7563
3409
8199
6363
12562
3555
11448
2185
4742
3420
12700
260
11884
3984
5349
11247
11640
3009
12672
12403
1093
12992
9053
12564
6587
11283
2512
9040
6452
5378
3290
9089
7875
436
2636
12068
12641
10574
8570
4090
7869
2907
7544
2540
11824
12176
10316
779
3026
3390
1343
1365
1244
2218
3449
9988
203
2833
7720
5976
12629
10605
8085
885
1012
7189
9299
3879
9420
8136
9076
146
2883
4458
12378
6510
4916
3679
7815
6351
7647
7052
5706
7114
11625
1693
12351
7652
6563
11193
10249
6125
2737
8113
11334
8009
10722
9168
9871
12703
8783
5837
6331
7315
7274
1587
3087
11494
1477
3097
12324
981
4883
5773
11085
9439
9495
12292
11491
2431
1359
5045
3038
9410
9996
5515
11530
12474
841
3889
6005
6521
10702
1183
4105
11162
5120
4427
1466
8392
12342
1675
9477
1954
946
1775
5690
1974
6395
9948
2048
2194
3275
5274
8708
4251
7169
7935
7926
7420
9022
4996
6560
8336
292
8901
3299
474
6023
12294
5703
4489
6116
11425
1519
3074
2201
557
12655
3093
8472
2608
8220
10666
171
4868
11990
9332
1789
8992
948
12099
643
173
11540
10808
342
7481
2637
9361
8285
4201
187
1340
11171
4422
8262
12312
3242
8394
5800
4031
9843
9172
5041
432
9108
1160
10601
10770
11100
12738
321
12994
7438
10088
12550
3149
6895
10719
4531
6625
7653
11278
12465
6677
12351
7375
8998
2786
12235
10780
5240
7361
11512
12750
2388
9627
2049
10056
11400
4967
6729
8850
10657
6294
7721
8193
9425
755
3844
3204
12160
11023
9076
10810
6422
5913
11299
10527
1107
954
4543
4278
11251
7237
8970
8167
12418
2509
5701
7329
3327
6410
12729
8699
9808
2907
10098
685
12850
10287
11353
140
3130
9575
4092
10754
4605
11843
9548
12315
265
4965
5914
9971
8102
12530
8598
4934
8717
5836
94
12472
1699
1252
12808
867
873
10661
6829
486
9204
4004
5329
11418
284
5572
12339
6568
8419
5063
7005
4470
7219
1222
4536
1865
10252
3945
8208
8101
9418
5202
6231
9903
391
8203
6353
9123
10842
2456
4556
6041
6931
1143
8505
1322
153
9404
3523
3721
11635
3289
7075
1229
4535
9339
5606
7339
9522
3575
10276
12448
10317
7339
1077
2340
9032
1330
10169
10729
12069
63
10516
8019
2252
9027
1213
8594
9623
10849
11570
1562
2193
7054
2066
11580
4424
4310
10342
7501
5571
12793
613
8996
5545
853
842
2921
12377
8437
12708
89
11392
6711
530
7990
6226
7556
8345
7955
0
4064
7699
621
12490
6753
1638
2965
10193
6836
4926
9595
1699
8618
3951
12652
1900
5514
4732
8684
12750
12201
12437
6310
3597
3316
3049
5207
9386
6614
5320
1579
1177
11573
8562
5064
2601
3198
5778
3679
1487
11217
11657
6417
5311
7327
8096
10541
10241
7687
398
8367
7020
873
11985
5885
11897
10610
9637
6411
10959
9686
5462
2790
9198
6243
12204
1141
3882
2409
3930
10820
8622
10520
5739
12211
5402
643
3986
3595
11675
10960
11851
2752
8934
2449
9956
7681
9689
7564
9282
1140
4493
4262
4089
2055
747
6495
8539
12034
11026
2487
11596
1184
7939
6903
2216
3797
9305
113
7442
11105
2224
9273
1090
9921
10529
8405
1817
1831
143
11248
11660
3616
3409
11868
5187
739
1564
10973
6829
1938
564
203
7618
10312
12840
6088
8492
5123
5103
6720
2467
4075
10322
10941
6524
11576
5824
7658
3165
8154
11552
9088
9639
7473
6670
5596
7512
8269
6317
5041
7629
6056
10517
730
1929
10280
4033
240
7932
1641
5417
6777
122
1718
1047
6602
9014
5808
10127
9515
3411
4071
7392
10976
4160
1885
3737
10777
3094
11530
514
6319
9959
11674
7152
8086
700
12947
5444
4570
6634
9811
6449
3554
2067
6438
11881
10162
933
276
2515
1372
4905
7289
10490
12910
226
9718
2213
8815
8575
614
7406
3930
7
12483
2706
3133
9656
1190
11636
10820
10532
12189
1758
4350
377
10918
6853
4025
10955
3962
439
11754
11304
8741
8028
10932
4160
3786
11550
12450
12135
9036
12695
6328
5585
3158
9622
10170
5665
3700
1133
8768
7181
12531
3577
6234
6161
4923
9031
12565
5590
4797
7456
7336
5207
7647
10177
3320
3680
3076
11745
5294
4604
5592
3927
3643
2769
9377
7176
8730
9506
12066
7306
9139
57
10425
1872
5480
3319
1552
107
12272
4489
9577
4673
12314
5672
826
5276
6011
11638
2887
962
9224
9976
6047
10532
10023
2052
9967
7253
6792
2792
2419
177
9073
6604
9515
5055
10894
11694
8578
12565
12400
6848
9329
9022
6516
592
674
4299
8820
8060
10193
6683
8267
591
6572
5712
2274
10085
484
7688
1432
6527
9308
9116
11638
6731
7621
8665
11903
9075
1740
3232
4799
3536
4979
1716
10099
9667
2852
3960
814
3735
6493
7442
996
4127
5076
4624
12590
11008
8052
9005
11838
4426
4488
9000
10669
4576
12028
8018
9704
4825
1027
2602
12081
9603
7226
10598
11338
7276
7988
4656
5364
8572
8767
11131
6245
10722
2227
3600
9064
11241
4515
4537
8871
5806
4108
10210
4947
393
258
2519
3828
9422
3970
10461
4332
9639
11594
3553
413
4551
11277
11399
8203
11022
2642
5537
8212
6924
12364
5820
6300
12212
8133
7936
8637
1343
939
11540
5644
12681
2852
1699
5351
10028
11558
6719
3842
3447
12007
160
8121
5642
12971
9633
2423
9169
4236
11520
1764
6106
3404
5680
3486
12085
10126
5957
2799
3768
8650
7443
5516
28
6207
2754
2933
3159
826
3002
4456
6806
5813
888
7504
11399
3243
3346
9667
881
7856
12949
3778
2192
9798
12144
4353
425
3946
11692
6758
958
1996
7698
8958
8686
4709
4273
8795
2852
11531
2099
6122
3083
12632
12996
12136
11627
3697
118
11565
12626
4506
11387
6097
10250
2855
904
6946
1378
11029
1481
9584
6956
886
8063
5624
3427
8771
5756
3580
5807
9853
767
3163
9799
1428
10976
6133
7217
5256
10353
10759
8056
10422
11486
1109
8931
450
6931
5741
11630
9699
7513
832
3928
9420
5181
11380
5376
3918
5621
5988
5500
9179
488
6521
6359
1741
6057
3873
3310
2997
4502
1534
4904
9112
12187
8762
960
8172
11263
9054
12224
1608
5048
1194
916
7801
9936
12535
7360
2936
8419
5576
5510
8217
10251
3430
12496
919
2130
12938
1118
4059
11883
6982
5349
11316
7918
3269
1508
320
694
10969
5156
2792
849
10771
3012
9169
419
9276
9702
8103
9055
2746
4466
4188
9811
9591
2508
12510
5503
2620
9532
3151
11074
1058
7291
3118
11193
3769
2877
4691
1117
9089
4247
10391
11776
11222
3093
8769
3340
11745
2536
6693
5751
320
2963
4696
3142
3536
12473
4767
12077
1833
157
9780
1561
9648
11094
4850
738
10090
2932
12048
8785
11275
723
3857
12529
9711
1611
2573
2581
784
7441
6568
8846
8702
12639
9384
7663
1556
1354
2252
11287
6311
4309
1487
11898
8754
10402
1868
837
4948
7912
6308
12900
443
86
7602
12130
7338
9954
1592
10667
5790
11014
8171
10089
9750
2087
6512
8842
6409
9084
7914
3882
897
8496
10692
7050
2997
2443
7584
7557
9244
12515
11130
619
7293
7682
303
6564
6812
5157
7111
6378
10719
9761
7529
427
590
8714
1726
746
8817
8729
11149
12409
12771
2921
4950
1325
52
9742
4890
2022
1669
6362
1151
2674
3972
9509
698
1693
3088
7297
437
12510
3190
9336
3912
1577
6489
4130
8443
3020
10937
8854
3554
889
4834
2004
4825
5479
1581
9501
7446
12685
1891
5208
4455
10925
3798
11594
9120
12432
6730
8769
11223
11195
3216
517
3371
1150
1436
6764
11278
3885
12956
11152
10443
9493
1497
2799
9466
1996
7746
8934
3289
109
3755
7763
5333
9311
5965
5678
11798
2154
223
11954
8584
13
2322
10462
10701
6854
5786
2571
1592
3727
6024
12858
9821
1465
9156
548
557
11904
5096
5540
3357
51
5760
3908
7101
2198
77
1291
4014
5758
10833
8472
11157
1368
1877
3942
2996
2958
11663
12236
2976
5535
3071
10720
7525
1754
12423
5199
8749
12991
11571
11403
5471
12346
7910
12530
4388
12469
908
11431
7805
4440
78
527
6305
7248
184
6090
8611
3065
7431
2235
10263
1881
8374
6822
4349
5067
6815
7822
1750
5445
5406
7312
7988
558
4433
10855
7590
311
620
12332
1272
10133
8850
7378
545
7896
10526
3004
3262
12324
5398
5404
12716
1729
2249
368
1058
2753
7775
3210
9077
6893
8687
5077
2606
7268
7222
12992
3446
1345
12987
1784
5553
4344
7976
7958
7784
2038
5858
6641
12297
2074
3521
890
5505
5035
6187
5379
9785
11159
7747
12458
2814
9629
2144
12384
4506
12231
9904
6168
11969
12552
12955
6190
2830
11910
10963
7726
7595
5196
9529
9382
1503
9095
7523
1017
8002
6763
9073
5585
2548
4297
4472
10248
2684
471
12790
10947
11581
420
2115
12148
8658
7190
2024
12634
7449
7074
12418
9799
7710
2511
7335
174
5278
2240
1313
6071
9268
9156
7656
9352
7225
11804
11793
337
4076
9760
4852
12684
10753
3046
6980
3072
5477
12112
808
10881
11616
4497
8582
11541
3731
8876
10791
1653
441
5608
11630
9342
3562
4260
4929
4739
10635
3555
11690
2241
3657
7860
5952
7654
6987
10465
7566
2935
7488
12474
8157
9781
7502
3406
7373
3555
1481
1397
1558
11543
7004
164
5934
10506
1130
10861
3187
4830
1261
9763
9063
867
2608
4327
172
5606
9680
6898
8365
3846
3460
10488
3828
8268
10030
12029
10018
3254
906
11831
1081
4032
11291
2599
5413
7097
6821
4981
6329
12725
2429
9543
12149
4300
1500
10829
3725
3758
11202
1844
1341
6809
12208
1926
11953
3809
86
4467
2353
12178
4275
10750
9674
4429
11362
2581
2639
11877
8457
12022
6430
4629
8478
5555
12983
176
3370
5250
455
1372
1479
1316
3299
4691
1670
5904
8512
11984
2928
9195
11319
11779
2175
2381
11013
4088
4381
12251
753
2146
10986
821
391
9416
2395
11412
9849
730
3213
10434
2749
5554
5898
3709
4338
9777
3474
7233
9852
2637
5146
2601
2759
6476
2018
4778
7296
11031
12456
749
1590
11950
3715
12822
10320
3484
10378
10677
2480
9807
11026
3169
4125
12374
662
12844
9702
743
2777
9239
5858
3796
6167
6970
12125
8305
2481
8600
2149
9717
6848
5989
2875
9971
641
5389
1404
3484
1214
6059
6479
3818
7325
6050
1977
1931
3593
10644
11588
5864
7294
8900
7870
5169
3843
10386
12486
1896
11744
11042
10289
1270
8463
7345
3522
925
9271
9542
8929
10100
11762
10953
11906
10792
10857
4403
1710
3661
5310
11985
3639
10113
5374
3166
2364
4705
4762
731
3084
12907
1946
5622
8448
4215
8074
237
6953
2994
12769
1181
9369
4080
11964
11587
733
4485
11850
12262
5216
9841
3696
12887
9235
2374
7725
1423
511
10727
12167
1667
4853
758
4924
8102
2101
8250
12765
8444
6516
2396
9301
5494
12985
52
1775
2814
757
1877
8341
12177
2842
4153
2269
11764
396
4490
11958
10660
4557
3191
10664
406
2829
12807
6345
9039
302
6188
1156
9090
10509
2415
6173
10388
7084
5669
12743
10093
12493
435
10094
5070
417
10091
6528
9825
5311
10362
3365
4673
12240
7165
7824
9407
1574
9400
10406
9246
10773
1042
10692
6588
7082
809
4237
5869
11600
829
4160
1181
4361
3708
656
4106
353
249
3693
9140
3775
8242
3287
7018
9517
8429
3691
10114
2158
7565
10167
10501
10703
3511
8927
6901
5782
7715
10554
2083
927
346
1206
5009
10966
4331
895
11249
6102
10697
887
6736
4128
12541
4880
5251
1327
11835
10021
9836
7616
7395
3630
5313
2800
4623
2826
8825
12461
5604
7495
6260
6318
3447
10021
2622
11071
10533
10728
839
2804
3167
10300
1338
6230
8544
11715
12080
12476
10068
7826
11848
3953
3062
9746
12926
4155
12238
1594
2181
11948
1718
169
2370
2001
8496
9009
12303
8096
11830
10087
10032
4174
5093
10255
8461
990
870
4077
1988
446
234
2118
9587
4700
11826
7925
5191
8557
5481
7569
6428
12126
8910
5987
7330
8908
1665
3070
2648
12533
10329
559
12663
5401
9184
1444
6902
8691
8660
1609
6477
11978
12267
12325
6528
829
8914
8779
874
9019
12202
10829
10251
7375
3920
8794
10984
4850
9527
4584
6998
7827
4227
12677
698
8113
3301
11127
216
2410
3286
8140
4182
2636
10970
5243
6859
872
3915
12657
8874
7398
375
5976
10693
5364
6447
9194
10808
2936
11836
6451
2756
4061
10264
4396
6436
1410
12046
9196
12143
10637
7952
209
2738
2191
12651
4788
617
8873
929
5115
8586
4949
403
11992
727
8311
6320
11494
2566
4026
3406
7995
8310
2983
1316
9889
2080
12376
6081
9447
7248
1642
10469
1237
7214
833
7811
2581
4133
2885
8583
4004
2776
7898
12769
6383
1132
7550
398
7387
1334
8204
3240
9516
7249
5965
11650
4695
716
11894
7737
10588
2910
332
12570
9579
9951
7652
4172
12200
3948
1423
1402
2440
2934
12011
1016
7339
6992
7965
4982
8708
899
4977
10630
7707
10880
7412
3910
3003
218
5649
7819
4119
6421
7672
10042
10280
8023
253
9012
10698
217
4356
3205
4333
5265
4130
2825
4534
5800
5910
12196
2173
1923
3623
1460
7178
48
3807
2582
10361
5703
4485
2001
7876
3026
4377
7346
5176
8339
5696
533
1063
10160
327
9398
1956
10285
8347
5369
4126
5751
8071
8988
3251
12896
4552
822
11390
9788
7042
4124
8980
1503
1838
248
7855
8937
11979
8574
6413
1839
11448
8189
10659
11726
7204
5286
10331
2510
12676
9597
4326
3018
10963
5105
7306
6104
7585
2785
1747
11393
610
4068
5824
6254
175
5701
3661
10828
3522
10370
3494
5919
6378
2639
27
10463
303
108
8534
10816
1415
1128
12993
2788
4447
11872
12581
5661
12597
3528
2686
1666
11850
10772
11882
2104
9437
7523
2568
11258
8106
8897
6837
4478
3866
4528
11233
6957
1692
10154
9976
1479
7137
2206
9461
9817
7406
1348
7401
7036
7018
574
3633
9827
3582
2550
5574
6809
1500
10814
1509
6076
3992
4232
6350
10138
5788
8082
6194
11430
4624
11477
1918
719
5126
10739
10133
10342
676
7402
1913
706
11994
12449
130
7425
1387
12526
4807
10229
2400
10946
2152
9896
11384
12930
7175
1318
10380
8475
475
12190
7046
10696
3540
10964
970
1563
1613
3486
9141
1758
8458
11233
7522
12428
5539
3671
5155
7386
12649
2359
5397
8203
8718
7722
11476
5892
12945
2301
11677
7821
2758
1648
9595
11921
3652
10985
10664
12386
3608
10990
11541
8139
6664
4541
11134
2956
9033
10658
10220
11444
6649
4189
1630
8438
7537
11164
1482
4530
10826
5644
8372
11830
11873
10144
8257
6881
4621
8460
1814
4013
1308
1249
5929
8318
11869
5612
5657
11323
3633
1589
3178
11664
1347
313
11024
4253
7350
10941
2677
5399
1542
3792
12709
3145
7358
12091
4166
4831
11569
271
9454
6078
3644
8139
3596
1091
6744
7665
12073
11495
5349
836
12047
7235
7506
5025
23
1334
9346
11838
313
11784
8456
11219
4444
6098
9939
1756
933
12837
12740
7960
8860
4587
12620
1633
10299
8510
6763
11176
8200
9011
11739
6476
12833
3217
9947
9343
2391
9708
1527
12725
1019
2281
6189
2730
8972
7878
9426
1831
243
6472
723
2081
12390
10311
2824
3902
12009
12098
2530
12972
4187
2626
1614
10184
11307
9678
8505
1744
11139
11915
10235
4030
12301
3741
11576
5449
2267
2975
233
5049
12283
2323
8842
7007
3246
5470
2468
8567
610
8563
5426
11403
9309
5682
2217
4965
2010
493
2185
6960
704
8535
6344
5148
11485
5682
1222
5556
4939
7163
19
1301
3361
1955
2524
1694
12690
3685
6500
10247
8658
3311
1279
1919
3500
6615
8394
8350
3008
467
9790
1531
1066
6197
11620
12083
567
12177
3746
8719
12873
10117
8243
4792
10433
11044
1653
7370
12059
9022
4244
2330
9901
11632
1532
1693
4258
3491
4979
11023
3635
4748
7101
10597
2469
8183
12929
10367
1094
11281
6921
8213
7800
7441
1799
5469
6928
6017
10434
1119
10648
3151
6168
3805
10864
8754
8918
6818
516
6284
6298
8509
3575
8987
5825
162
6973
11875
5133
2213
4966
11740
1798
148
4630
10339
7714
6953
12185
6407
12479
8568
4148
2530
3180
10771
12078
4571
11088
2592
12422
3332
12306
6395
1982
501
8799
10413
12013
12028
10186
777
9555
4366
8134
11023
8421
9871
7527
4983
9376
1762
2223
1011
8018
4637
3700
8201
12196
12629
7046
4524
6371
4081
1359
6566
1254
1693
3611
3924
12738
7646
12990
3582
6801
2412
2805
2745
10058
4025
4516
12067
7617
3141
975
11315
12303
12004
5852
8434
5228
6636
10838
12050
6833
8302
9924
5321
474
6848
3416
10793
11112
12749
6732
4536
4629
114
1110
1223
3385
7318
12980
5762
929
4373
2658
12635
5775
10289
3897
6923
1836
694
6145
1389
7490
6111
4511
8264
11327
1762
2698
3618
8035
8973
11511
9164
2338
5020
1421
6878
5925
8153
11451
8927
10963
342
12117
976
7949
4041
9077
5006
6040
12388
982
11179
7699
1953
5003
1800
7759
8039
350
11569
934
9307
6813
8485
261
11893
12535
12376
10067
12062
12317
10431
3172
11219
763
5015
11839
3209
3949
642
6866
11805
2750
4647
6207
2430
4100
9029
5392
8706
2696
3947
2079
3881
4961
1591
2392
8810
4792
3122
887
3465
12182
6125
5686
11617
1561
8546
6743
8211
12533
5216
11888
7563
1752
11100
3836
12516
8166
193
5102
8368
8059
8917
600
7141
2663
5503
9105
6719
4363
7136
11677
9550
2066
8325
8695
4148
6338
12774
8610
11413
10354
8798
4693
4363
10893
12776
4364
12493
2237
602
9163
676
5051
3049
7646
3954
3355
4497
9315
7599
6660
8742
8873
4025
4620
9156
2178
12199
8267
2111
12492
1042
6838
2696
133
8505
4012
7645
4900
5039
7845
11548
5573
10523
1814
1587
5596
4916
3408
4359
12787
11679
7561
9128
9038
3991
8666
3397
196
8471
7207
1057
7808
4918
5310
5041
7917
3728
2047
6064
1992
6629
7130
602
2815
665
3325
1409
10296
1896
1716
7935
4
9419
9099
1417
4434
8626
9392
2900
71
11672
6851
2760
12579
7278
4695
4573
1680
6213
11010
2549
4756
3140
7880
7840
1621
10361
6022
574
7460
8064
2378
7189
9010
7974
6464
7487
10807
6224
5688
7158
1593
1325
9155
4895
7945
8108
8163
9505
8290
11252
9682
8800
1379
7718
11267
11387
10660
3744
10669
5110
1453
761
3710
1204
7225
11245
2148
1308
5657
3052
3039
2495
1406
10499
10330
8228
7358
6286
9792
10048
2448
1544
12043
4629
2826
2257
7399
5070
5087
9370
5757
8388
9071
4128
6356
3408
2934
7755
12410
1966
12134
8786
193
11002
11008
1533
3884
2897
8526
3647
12864
10263
4700
7702
4560
9304
5453
8431
2272
5085
10266
2627
11403
10382
3213
6288
5128
9734
8044
5061
5367
3143
9696
6719
2202
1043
7061
11985
7294
12276
10452
12195
3425
3457
9460
7433
493
8389
12640
6582
9482
11973
298
1326
7307
2382
12804
2653
11654
12537
8463
6343
10799
3356
5357
773
10726
10023
10592
10792
8652
6255
8158
10726
2941
10426
7252
9526
11295
12704
10447
1737
1858
4994
11417
12727
5079
2617
2952
10299
290
4734
2211
10117
356
11162
4502
3114
11465
3257
8806
9681
5185
11863
7622
11180
10570
135
12438
10329
7618
10484
11357
12197
4626
1646
3261
5228
9174
10556
2357
5647
1841
11472
8741
11946
9069
10659
4482
8856
3208
10109
5793
5062
3346
6849
1520
12042
8899
3235
3832
10214
3473
7439
7863
5724
3559
10479
650
7719
3234
1049
12903
915
10709
9315
5584
6515
7724
1436
884
6261
11653
7288
4903
9412
2882
9295
4186
10722
2331
12490
5357
5240
11705
12043
7785
1411
1173
11377
10530
6780
5751
7461
4017
4885
5395
8836
672
5995
9421
5328
8759
9788
3149
3349
3012
11279
8126
11318
10302
8330
4544
5169
9370
9563
8205
1454
5430
10575
2921
10447
1035
8601
2274
9340
10289
5432
5367
2606
7282
2239
12133
2637
12712
9690
4853
12065
11986
10506
11561
9977
12825
11013
3949
7156
1682
4933
1442
12714
9140
8139
12365
12557
11920
9208
1551
73
9017
6016
149
1838
1241
2451
6432
9382
9931
3593
2615
7943
7575
6106
6552
1214
7695
4167
8917
7326
4113
10632
1547
5284
3373
1107
10942
4120
7950
11133
705
2090
3725
4001
1210
9294
10225
7386
5801
4718
2859
11607
10832
723
11430
4754
7462
7984
5772
6444
9254
7235
2283
2513
10197
6160
7478
2707
3241
8227
8608
9502
8700
4634
11739
9927
12232
8037
8502
5850
7540
8467
334
1782
11669
2322
1739
7935
7936
3787
8803
6920
9611
5591
9876
3179
1051
8778
4651
9383
12440
8331
6922
1141
4189
548
4237
2095
6484
5381
4877
9844
12015
1023
3470
3212
12296
935
3163
4117
513
12746
1082
896
1264
7519
3201
10851
4858
8230
3335
1756
4105
11867
9912
2118
3000
12582
11024
4027
4571
4322
1081
10487
12139
6384
11032
11836
9215
4407
4729
7167
1998
8898
667
5727
1945
6959
685
7733
8950
1543
11704
428
8430
5183
2039
9007
8008
290
10072
6249
5871
3489
3606
4461
2862
9736
1128
4586
9476
10813
11513
9450
5627
5680
6058
8232
2162
3618
6149
10524
2346
8571
12632
173
9013
7468
2977
12753
6890
12573
11017
11548
4773
11669
9337
2346
9644
6332
12329
8187
7101
2142
7504
3922
2043
1806
1789
25
4279
4116
7956
11917
10122
2013
5812
554
8608
8813
5509
12211
481
460
8598
11704
2946
5738
12141
2196
11464
7760
9360
6529
3396
4301
4784
3443
12850
10761
6998
4878
12956
2401
12278
3236
5571
2384
3543
7871
3765
4039
9676
8103
11386
10057
2645
2537
3048
4533
4038
5405
8295
4664
8785
226
1303
3166
7144
6904
5789
7789
9394
12657
11717
935
255
10284
5977
9306
11127
12008
4503
9469
5948
10298
12064
3273
5648
5139
429
2937
12920
466
636
7752
2224
11977
10513
3014
10633
5461
5136
4030
9141
191
750
9847
7675
8171
8479
11269
2526
1546
3161
7723
12408
11872
2168
9944
12884
3283
7611
6323
2944
9790
8220
4955
11553
9466
4501
5992
4977
584
5078
12808
779
8869
9779
2999
8959
9226
12073
3358
6745
6423
3889
3558
3764
10940
8597
11729
10180
5268
7880
10334
9025
10174
9243
11175
7279
11961
3393
8512
12578
5667
963
8527
9831
406
3168
5418
4254
7183
3828
11929
12660
9221
8466
11609
10701
5115
2748
1418
10526
5706
135
10838
12471
4094
1948
6879
8271
3314
6680
5147
6843
946
7469
1958
6335
5294
8393
3101
11597
9278
5236
1130
9914
2287
1008
8257
10973
7728
4409
7350
1564
3505
5363
11224
6535
10769
1035
4398
5053
5905
12126
7501
11741
11739
11341
4787
3053
5233
5450
1083
7366
5851
10004
10013
8849
12945
8598
11729
1906
3552
5327
9192
5155
12733
12922
9807
2636
8524
6293
12801
9173
5171
12582
10768
2694
6088
11826
3952
12430
9427
12335
12408
1919
6449
4057
12206
3395
9327
1562
861
2408
359
7258
8654
3598
11386
5431
11232
5506
5562
2885
5685
251
12355
4230
12331
6233
2813
12549
8547
10765
3328
11405
1705
10868
5613
3086
993
4045
2453
11367
1098
12146
12201
7783
11674
11091
4573
10589
1094
8949
10041
12512
10484
10154
11621
8489
5327
10738
3544
11389
3806
12016
5429
8102
3377
8775
2811
720
2361
4675
992
12761
11092
2300
2009
10210
3721
3380
7416
850
12798
5394
11555
2690
3763
9279
1853
4595
6082
5774
10979
315
2358
7153
3669
5975
11757
9910
2758
3778
124
10976
1690
12484
5541
5826
2268
118
8807
5006
1321
713
4227
9540
6220
5494
11854
6702
4055
4552
9695
10568
8306
11294
11679
9221
2484
7468
392
2708
2947
3497
8100
9265
5417
380
4859
11776
3285
11639
12256
4205
3659
6118
1521
3503
4577
1481
12289
6987
6143
10804
6131
7500
3387
7736
3877
3599
7302
4426
5775
11941
3798
3953
11446
1434
11648
5677
9146
4651
7793
9563
360
5877
10706
981
2613
11111
7030
5902
2880
849
2042
12283
8993
12958
9384
5949
3204
10485
4015
243
11965
12006
5370
4637
1751
3039
6083
9147
10693
2158
76
8747
1563
8441
58
10714
938
5289
3055
5914
942
11365
7170
305
10222
12867
5685
10274
6248
6409
11731
10677
6246
9506
10460
9697
9977
4828
5358
122
8616
11782
4722
2845
5997
11478
8464
10425
2948
5704
10759
6488
2817
7627
3773
12474
7941
4398
12695
11194
8796
6088
6335
5298
791
365
5791
5626
1121
2700
12958
1166
4496
2685
11142
12685
4841
5776
5854
3381
1984
2337
12155
11796
8715
11111
454
7914
8338
2467
7194
562
12270
6550
12253
8959
6947
9772
12001
9148
7883
4108
6261
6195
6664
10905
9180
5070
11389
5219
7962
11340
5073
12774
10671
10004
7906
7733
7257
3861
5770
2247
12642
7558
12049
11647
3275
4793
4126
169
7067
11426
5771
8000
10273
7829
8980
8989
12674
11189
7579
3210
12431
5673
1836
4429
6486
5994
3184
3208
3379
695
9712
7221
12514
7465
8904
7902
11220
3739
9541
9618
1724
10656
5797
4740
9429
11616
12073
574
6914
2326
12649
5403
5161
1289
10980
5721
2461
8098
2850
10213
8294
5165
7049
4793
11935
10424
2328
1224
5308
11792
6668
6091
4590
1443
9492
276
7845
417
8659
295
2360
291
4433
11016
8556
3590
12366
11999
9775
1001
1269
7256
1872
7161
6280
12663
2933
6758
6318
10177
4735
5190
12909
10526
4710
5743
11870
4395
5645
12378
11972
11804
3146
6923
12840
11294
8892
7709
9309
9554
977
50
3635
8717
3139
4632
11882
588
11695
3871
10644
8301
9410
903
1455
2729
12815
7295
9053
302
7377
8536
5394
10713
1234
7072
9442
9368
12054
11354
3101
10190
9631
9858
12032
5231
12981
4158
12993
11611
9802
9425
6863
3696
4615
537
6515
11543
8215
12792
1855
11561
12158
6119
4721
5587
11485
6478
419
8500
12165
2577
3531
8887
10316
5141
10826
4187
6305
9200
10148
3328
12105
2725
715
709
11356
6775
223
9333
6775
11957
6614
11896
9254
9252
1332
9621
9502
138
5327
8076
12572
7934
9450
5961
2454
9550
8268
12046
11084
11304
6268
4976
2825
6458
12596
11777
12388
8116
7503
1110
10518
7827
7391
12302
8695
5177
4359
1315
8554
4792
5218
509
6505
1198
6511
2377
11606
11505
5274
3697
4808
211
4527
2366
222
7513
2661
12480
9707
11502
8189
2486
10022
9645
2534
9888
9076
5531
12511
3833
3517
5019
9288
4443
10728
10883
2541
12091
6019
9203
5471
11075
523
9398
11417
7958
11204
12625
9540
1342
5837
3536
5648
1681
6908
10144
4263
7394
4929
10135
1023
7764
2538
6991
525
5305
387
5794
4680
3361
4279
3792
2473
9670
327
459
8325
5060
4270
8987
10252
1550
11927
6414
4169
11835
11131
11903
3966
3016
3459
6719
4676
4103
12190
11705
2476
413
5399
4087
2973
745
6567
10555
1898
4895
11050
7864
8919
9573
3800
5094
216
10773
7587
8508
8574
785
7000
12095
10751
11909
8020
3697
809
398
11524
941
8130
785
7265
7127
2311
1646
11086
81
11552
186
5391
12671
1204
3228
10272
1908
2470
11839
3599
5245
11891
11254
9711
1196
8246
2071
12266
11751
3418
4766
5082
4574
3916
6258
2644
4788
10779
12604
3561
3677
9773
10283
8290
12918
3327
6485
2816
10433
5136
11456
6302
7591
4586
11583
4139
5248
5471
7528
3959
7767
3420
4770
6282
1209
4644
11379
12956
3796
6164
6736
11788
6419
6758
3678
712
12783
7948
2796
413
6146
4235
724
2964
11341
7642
3855
4729
6226
7901
2501
2825
11395
1050
7118
344
6105
7447
8010
6573
12449
8350
9372
4546
12913
5407
7238
3
3016
11768
9654
11074
11059
9211
5406
261
6147
1708
986
7357
3460
5254
11354
11235
6793
7913
11110
12425
11947
10601
5057
6259
8089
7694
2799
4400
9216
9620
7408
6433
1195
9671
3598
1956
9943
11444
5347
8365
6469
11406
12916
4458
9059
6220
10090
12578
12108
4684
5887
12929
8978
7878
7861
9738
2654
575
4018
10434
4543
3641
10992
4077
9142
10323
8937
2519
2650
10370
223
5329
5255
12284
10985
8485
1098
4756
586
2056
9727
1055
852
10612
8795
1010
10826
2567
3222
1174
2603
10707
12008
4201
11049
2755
1572
4690
9849
5670
11481
6513
4214
6963
4789
1985
4078
12514
3853
1138
12846
9931
9336
2575
5137
10117
2562
8457
8180
5132
451
11590
53
296
8431
12842
10321
6263
249
8648
8020
9734
6240
11141
3715
3297
2140
6545
9118
7292
2289
8514
10922
3133
10082
7599
1931
1345
3473
11047
11502
6551
195
12372
3476
3925
11265
10495
8930
9301
12976
2624
8301
5979
9266
4001
11676
8950
9494
3249
94
3680
12218
8928
4394
12676
5849
6676
12861
435
12591
5735
9325
7451
2424
442
9004
6661
5217
3059
9321
641
1551
12934
11441
6208
7636
10387
7619
3494
8968
4148
6208
6234
9379
2080
1105
10083
9880
2281
11003
5585
3270
5959
1741
1652
11616
6495
10362
6853
1636
4555
8194
2808
5089
1087
7011
4210
8281
10573
10701
9789
7950
254
11138
5181
5769
2262
2332
8318
325
11506
12353
5772
5778
1273
11546
5623
5510
7668
8225
12889
11254
7604
12192
3589
7610
6598
1343
677
12094
10829
3989
12896
6804
748
7248
9246
11535
5198
391
4034
2131
11748
6164
5731
5752
5938
3983
10590
12678
12751
3142
3604
3450
2608
8761
8540
5222
11312
7961
4868
2894
11149
2184
3961
11870
11505
8204
6513
6954
4428
7622
12369
2102
3883
11743
12176
668
3735
4025
6487
11947
1076
6779
8643
5748
6380
359
12009
6040
5232
8022
1620
326
7842
10859
3150
473
9826
1428
7729
1493
8819
3980
257
1602
4793
8582
3760
4081
9666
4605
12381
10211
766
10734
4930
3257
10764
11423
4632
8710
3970
9
8817
7377
11096
8896
6674
8575
8650
7123
2059
3493
8865
8303
8500
1235
7908
11782
6622
3124
11656
4788
5204
12273
2497
7482
11092
3693
9588
11796
7885
2067
10299
12270
2078
9476
1859
6395
12329
3389
11030
12141
8923
8046
7808
8361
7896
7469
10864
5857
9327
10008
541
741
10968
11137
12610
10484
1886
1163
895
3980
6037
8403
6614
3977
7264
2099
9687
962
8135
7336
8568
9783
1340
4674
1557
9406
16
476
8584
8253
5511
10897
6773
12386
7165
335
860
967
12147
3480
12227
11905
2634
6170
5264
3871
2971
12769
3752
12735
3720
6306
11823
2836
6603
8440
12372
6508
10017
12972
11248
9422
82
8789
6403
8265
9119
7991
4451
10383
4816
3063
6291
6048
11450
2228
2380
8075
6474
10514
1690
10639
4681
7873
1837
88
1099
2266
4393
1909
9477
3865
4269
7534
9203
4053
9909
1924
9763
9925
12948
1488
3249
2949
5330
8901
12072
3702
1926
641
4090
6659
9832
9022
404
9263
12414
11192
1985
2156
8944
5351
1674
2183
2690
10723
4998
7232
4702
12727
7828
4901
12059
4039
11658
2629
1646
6131
5672
2858
8251
2278
11039
1480
12240
920
7335
3466
9398
11590
12785
6339
381
3356
7642
6770
1467
7233
281
8359
1833
568
1238
9211
1355
8167
6782
3236
2289
10160
11407
11765
8262
9101
8892
4548
5636
11008
2869
10156
11818
8504
5951
8131
548
8312
7323
6782
5877
7098
9758
10377
5276
6921
11085
9291
568
9020
3042
5725
8784
11310
1767
12451
5940
1810
7950
8827
3850
9883
3706
9571
5502
11978
5054
7
7241
3097
7680
3008
7172
4924
8266
2184
12617
11103
1917
9841
5118
4730
7569
6941
6207
10546
9326
3656
2936
6113
8016
9866
1692
2621
12763
2569
4964
2982
475
1060
3743
5785
7421
12170
3938
538
4664
12016
12405
646
2866
1625
8866
1350
8425
1679
3642
9319
1486
792
4214
10999
8047
3445
5863
2074
12370
4868
6546
3530
11537
4829
10740
11037
1583
4465
7709
560
6165
10766
7076
5858
5537
3959
800
10115
10635
3448
2109
12763
11109
10920
12019
1311
3255
4911
7719
8742
5445
11463
6636
9305
973
10335
5466
3497
11416
3489
6513
4387
1493
4197
9770
3982
3564
9343
4242
325
1422
10764
5404
8176
1366
4506
9122
11341
7676
7325
2288
5380
10646
5053
2789
4136
6059
7909
9350
9697
10494
5639
4321
10086
10603
10178
10195
8543
10417
3429
11350
3145
11356
9030
7819
3675
5950
5203
624
854
11545
10698
5686
8241
4747
6180
4049
2098
12207
7284
12965
976
8060
789
905
173
10236
12921
8619
345
12203
4134
10832
9186
3298
10290
1366
3784
12623
3480
6680
9532
547
6931
1781
7585
11399
1599
10477
515
1636
5535
11633
10427
654
9432
11182
9020
140
11533
10446
5304
10494
8380
3251
7252
3507
8933
9288
9427
3831
4547
5854
3213
4109
11139
12720
10992
9054
6666
1916
8015
3854
9635
8999
5278
4280
9813
2203
536
10126
6578
12903
1584
807
10636
8147
2107
5292
11675
7135
2975
8424
5442
3623
9597
8628
12959
12893
8425
8045
1424
1267
11466
10515
803
1251
9061
4254
10222
6805
6844
4687
10766
388
9324
7320
3195
909
9628
8889
6903
5301
585
2376
10175
11855
3575
6332
11906
5102
6969
3998
3943
2013
1041
4541
5468
7953
1980
5725
3521
2791
10940
12498
8010
7327
3153
9679
10539
700
1050
4821
8950
7431
7701
4554
4616
680
150
9833
5233
1937
3556
4879
6946
11886
8271
6353
3377
6180
11246
5151
12832
4533
7813
7245
4908
5758
1459
2086
6641
12733
10529
3141
6611
1626
6087
1962
9735
9640
11385
7318
9136
1000
7198
659
6861
10843
4641
4290
7967
1618
2376
1346
1281
2644
9074
8106
8472
7307
5742
5595
4810
707
5222
9389
8707
9464
9138
11565
6826
5683
9409
4319
9050
2464
1843
8558
2756
10839
354
8077
6642
2958
10510
11305
11366
10119
1167
12197
8513
11355
2317
6633
11632
12595
3844
305
6241
7302
11556
9277
6083
7676
8284
938
1171
8173
1622
5676
10339
7847
1694
3374
1141
12371
3764
12528
8453
4019
7625
1043
7220
3138
3917
7965
12377
535
9103
2260
10786
6792
1463
2024
9920
9127
11517
9473
11136
6491
556
2841
6198
8374
11265
12480
7932
7006
1589
12963
12417
6099
8066
6520
44
844
6067
2001
2527
2726
3979
12106
1041
10914
12479
4017
3292
10121
11480
2329
3741
3702
6873
10386
6697
8649
4471
2832
1396
4836
8350
5846
997
6331
8024
3184
8358
1837
12632
5194
2016
2529
4381
7137
7339
9639
7482
5971
9050
6701
11786
4973
3173
11914
12729
8009
5632
2826
2821
12778
2921
7767
6907
12518
8367
8488
10382
8254
12070
3225
7987
4373
3126
11766
9200
11291
6195
11645
1243
1269
2608
5639
11854
8002
2229
7459
431
6756
12727
8864
1934
2313
8142
7644
2064
2318
10346
10261
8937
4095
4190
5427
10694
10973
10967
8689
1560
4124
7398
5174
11477
512
6681
4428
11848
892
5984
11557
10177
10430
5482
7708
1559
8858
2912
3439
5729
10978
6129
5983
6404
6591
5181
10105
9454
7694
11742
11077
10634
434
3792
11488
10885
12681
5697
4472
5157
3574
2266
4307
8345
12587
86
7396
4698
12361
7186
10460
4993
8686
12130
9049
6475
1537
6189
6957
2039
11516
3054
5318
1017
3822
5708
3757
3358
1037
1931
12261
10071
10405
4825
9059
5787
3447
12917
3580
1749
5369
6809
3399
5813
7590
8568
9183
11450
6762
770
4941
12021
4435
3365
8665
9249
5503
10222
3714
3014
11023
8957
6122
3236
12589
10942
9455
733
10439
2652
12311
1748
9671
6808
267
5665
6086
5527
3350
4326
4205
3337
10075
1788
4616
11014
12825
9078
7815
10227
9284
6095
9642
5466
160
184
11601
4456
452
7257
1125
9775
12905
8329
11903
12236
8006
4745
6138
10411
8970
810
2951
4014
244
3871
11094
2861
11322
8925
11091
3327
8317
2222
1525
7758
8141
1877
1238
3865
12422
12333
8247
3690
6599
10282
2372
8984
5626
4664
11679
10216
7781
10386
2756
5108
12997
339
3768
141
11545
3553
12239
6733
5314
12287
7233
9013
4453
4513
4368
10253
11817
10666
9256
7834
4804
12386
11499
9273
4197
2116
5800
10554
7845
10771
119
10880
8648
372
2836
10124
9025
12310
9558
12857
2951
10342
5619
1467
4050
4679
954
4841
7625
9063
668
9089
7692
2845
9639
11986
9137
6439
673
10845
4358
3656
5374
4037
4369
12141
3453
1853
7479
4096
12149
8088
9591
6062
4296
9020
12739
11844
2433
12752
6442
2631
2391
4149
788
11024
6654
7512
876
9270
3206
2445
8547
7789
6738
4231
11526
7468
1712
7284
5654
9012
10680
8966
4200
5981
9106
3212
10649
8131
8248
7767
8224
453
4037
7640
6888
12758
1210
11839
1760
6036
779
12814
3976
11806
674
11228
2826
12835
6975
12101
7827
7509
210
6838
2645
5941
7351
3815
8834
6424
8021
938
7303
12054
10211
4791
3226
5267
6999
210
7922
12423
3125
6860
2154
8696
1680
6661
12297
6647
1232
7684
457
2984
5968
2733
4049
11842
5362
9497
7762
1127
6242
10484
11362
2086
3076
11455
5792
1772
12522
3925
4158
89
4174
4619
10564
6254
2041
2345
502
676
10917
1109
2548
1871
2589
8542
186
5146
11551
3918
10739
2996
8771
5609
12343
161
7787
10426
11718
3339
2191
11165
12760
5471
11108
2815
1226
11284
9832
1529
12511
5101
10700
10780
10649
6888
8550
7126
7266
3607
1035
7674
11372
2348
6509
5246
8
12498
3726
8774
927
2862
3298
12086
8251
5076
6370
8756
12033
3438
3058
8052
5526
4856
9920
12317
8483
9422
6471
4841
4126
8942
6432
6785
4110
2042
12516
11607
7427
12662
6185
8517
1271
3969
9710
10459
3893
8046
940
6166
7445
1097
10163
9508
5032
6743
270
76
6406
11310
11964
10465
11754
963
12780
2440
9783
955
5308
10943
5370
11041
10094
12501
1643
3174
12672
8641
7329
10783
1054
10594
12368
1184
3966
3773
6010
4270
2256
9293
5087
3523
832
9725
562
3882
6561
9409
9811
9522
8784
187
2202
6431
6730
4729
8558
12971
627
7803
5650
2444
5756
5402
865
7136
3216
1500
10254
11315
12555
7548
7882
11297
12800
95
1410
9959
4373
1537
10452
7307
11429
1502
5039
124
10642
4244
8549
3283
4428
12717
10070
4089
435
3099
2105
9451
9029
6308
5065
2441
4020
10093
970
10356
5015
3667
9262
5853
2355
10661
801
7402
12990
7828
10877
1323
2257
6364
10971
6083
8175
2397
5839
12450
10429
10658
4734
8879
5296
7362
11095
2643
2054
7277
10131
9689
11434
5078
10002
12969
2736
319
2451
5667
6656
10579
9160
1433
9418
5268
548
10318
12719
5396
9890
7898
11552
12889
2427
9111
9110
8122
5267
566
5645
2758
1801
7362
9741
1420
10474
7559
9902
828
3808
6875
8767
7084
4556
1434
3843
11832
7997
12184
7042
4457
8371
3550
751
8037
1629
2056
7731
9647
6451
3326
4933
8117
10897
8894
3796
8400
4497
9522
7403
10681
8180
9805
4503
3086
8932
2297
8672
10467
5905
2637
3881
8862
4494
7106
8854
8779
231
9692
1458
4078
10850
12974
5266
9142
3087
5118
10562
12078
12941
4152
657
5248
4858
2950
10035
8619
4134
6212
12475
11315
12397
12729
2115
2951
7391
10178
3698
11565
5742
2193
11696
5850
7611
8051
5441
2270
6070
8688
3211
11427
7120
2035
5486
1743
7822
9520
8376
9463
4604
2309
5306
3739
8996
3889
7514
4481
2578
6706
7685
953
8805
7163
569
9903
4692
11242
1300
5943
3898
2647
12229
1243
3775
6664
981
8496
9005
3953
8857
1527
10868
11313
9719
9063
4514
11024
4955
8247
8371
1157
12789
4809
2080
8676
11192
1922
4935
4820
1353
8887
12583
4167
9114
2993
11503
570
4970
12313
5658
7068
7603
4678
10208
932
5672
3427
252
1219
10473
12262
6669
3576
7924
4451
1252
6258
1090
2807
12577
6928
3395
9648
8410
11773
11143
12610
4466
2335
8530
3548
4689
7246
6634
1089
797
7706
1856
4883
9573
7365
12361
11730
4526
4007
10472
6825
6100
7304
5450
2049
10743
6081
5910
9295
3759
4667
599
5329
5621
6289
6439
5447
9455
5626
10017
12916
10376
7414
5443
35
6738
5330
11591
7982
656
12414
6060
3457
757
10443
9806
11765
3827
5114
6478
4385
5521
8200
9135
4363
3516
2165
447
8612
408
8252
7781
3082
7083
2997
5678
10255
8110
8190
3966
10566
9921
12976
2365
8254
11674
4229
2383
5742
6170
9184
11552
7192
2084
10597
12067
10971
1362
6143
957
2681
9366
5072
4506
3159
12842
8571
9283
1979
5917
10629
3731
999
6395
4698
10005
259
8479
2300
11476
2553
3320
2959
7238
3810
2557
9504
2742
6182
9517
11307
9988
11945
11479
10291
4452
12353
4899
2660
5848
8059
4500
8700
1090
12501
1115
2520
6809
7030
8137
6748
1407
8978
3880
9642
2566
7746
12911
180
4253
5632
10344
3444
2563
11063
8327
8984
12126
10465
10793
12819
3895
4827
1406
7526
12574
9563
10469
5798
7934
10
8995
11191
10237
9972
248
767
11643
3963
14
11573
2516
9923
10134
903
9595
5265
