89
1547
8114
6222
15759
10460
5676
6339
8820
551
13454
13565
6176
2816
3833
14760
14217
171
4139
16358
8130
11219
9040
5512
4192
8859
15729
11595
12302
15796
10693
362
960
9980
8195
10427
3796
3759
2106
5689
13644
9709
816
5318
1504
4888
8126
9099
14569
11896
3332
6733
12233
172
14385
7317
9853
2359
11635
8997
15268
2349
4789
12978
5657
1241
11407
14002
5524
8333
12390
14235
6736
14348
9220
9822
605
4951
482
8166
10453
1482
12682
7449
10836
2442
15578
16386
16048
16566
2754
432
14080
6487
9471
8374
1769
15734
4696
8984
1276
2800
2021
5687
3827
11184
415
3545
4458
16393
16114
2600
7634
10454
3360
2325
16248
1625
5439
12289
5525
15796
4330
11688
3359
2703
8478
14866
8988
9126
4194
3151
11414
6014
10690
10478
3530
5205
877
10251
3907
11771
8001
3755
1627
11528
14729
8397
16162
11827
4997
8838
9639
2621
6751
16273
915
7632
13686
15737
12477
14175
4355
317
10720
5203
6369
8751
12456
5638
12450
2304
11299
10312
6092
5500
8525
5380
10634
4413
876
6511
3550
415
15650
13884
2829
39
16913
4078
6555
9032
7481
14547
1381
13196
13724
13858
5942
11068
5090
3353
8257
14836
2496
813
14157
11694
196
3902
542
11713
6980
4054
8496
1726
4388
6599
8799
4230
13701
15046
7666
15763
12515
6440
4358
4802
11895
11951
14198
10074
3811
6176
16415
8956
8405
8477
12114
13350
10570
9066
9059
15302
4956
3846
2071
16751
16974
5192
16794
13483
15044
7331
7166
12414
2207
7896
14079
714
5958
15895
15260
14668
10968
1889
1848
13523
10294
14148
7054
3464
10310
15204
13939
1006
15970
6507
15205
3247
6406
1709
3978
11545
14432
714
15955
8508
5835
10104
11639
5352
4467
1421
1084
16695
11933
3950
13720
5852
6687
12431
2278
13655
8146
14248
14587
6495
2744
7759
3544
4434
304
16752
1803
8764
13503
15894
6262
2529
8336
5508
4305
14241
10932
5373
1858
8447
8485
14788
11971
3453
9924
14553
8148
16184
546
1401
7943
772
8916
8905
16091
16652
2567
214
8744
11240
12067
13011
5586
14443
493
6600
5800
12679
13020
11956
14243
2976
8308
16695
9540
13690
657
10471
16894
5831
3339
16405
4795
2657
13664
10586
611
9496
13688
6227
8638
15041
7418
5222
4219
11732
3875
12416
4049
4704
9014
3189
2738
461
3927
10299
1680
14365
9122
16772
4527
447
3321
12934
12763
7986
9098
1568
898
15035
4542
5291
9849
5027
7726
15843
965
1632
11553
16712
10336
13287
10176
2877
14372
8850
12050
8516
9251
8643
8235
10300
8820
7725
9287
2961
7314
8779
6101
639
12862
13873
5614
15642
10853
1259
9237
3324
2125
16421
3736
10716
14617
2399
2237
5895
12275
13317
16888
12838
529
6593
8816
9156
15696
9877
1922
10418
16029
7201
7468
3929
6883
7925
16460
3204
5486
196
4089
3799
9806
1173
4607
6871
11671
5559
4096
2528
7285
3648
13870
9413
517
8010
2933
9544
15863
14698
8365
8990
6656
4783
7381
7421
9627
3988
9011
3836
14775
14481
10288
14032
2092
6708
13304
9847
13815
5768
15359
6659
9965
2383
4639
14557
8476
11106
10598
162
1733
2785
3972
927
13838
4369
1811
7916
16276
13553
13007
4520
7269
10280
6412
13362
7300
15304
12391
3014
10861
5871
5477
3052
14176
648
3319
7721
12898
16053
12247
4280
879
6374
15941
7401
6693
8451
450
2924
9537
14881
13621
12371
13652
10733
13899
12761
552
16459
5321
3490
5765
2377
2622
13800
16545
389
6476
14063
8587
5223
7093
15110
7960
12204
15529
3698
5167
5873
16037
3937
2495
13560
4264
11704
9024
10130
5048
2585
574
6265
10538
14109
13154
9561
8221
14026
2244
1538
9703
13817
7355
5580
5962
10327
2356
7488
7095
13125
5249
11447
4210
12318
6304
82
6885
9692
15189
10100
4079
5552
5802
13536
6933
14556
13618
3578
13520
8111
10317
8285
8143
10460
11765
11529
13547
16559
12216
10718
2664
9766
1790
13065
15988
12255
2426
10498
4392
379
7830
14456
15747
8183
9878
13234
10070
7483
11927
9211
16858
5706
369
6448
5030
8844
9142
6913
9012
13651
13799
7113
9547
9360
5348
13540
7191
3065
4648
13797
8732
1682
9696
865
458
7596
11768
4963
6042
16022
15190
7373
12031
13087
42
1783
10592
8302
15922
10119
4674
12486
13701
318
14202
10377
10525
3827
15791
3983
4815
14006
3878
2931
4743
1427
3599
12570
7380
10464
3221
289
2362
11445
795
8835
10215
16520
13154
8188
9029
9281
7023
11180
4966
441
13609
13395
12094
9386
8600
901
12010
13018
3337
9291
622
9370
5614
974
13028
14701
2290
12448
15857
15832
6322
12961
6737
11749
13175
6338
2243
3283
16768
10890
4079
3821
11661
499
6619
7277
15486
14928
8077
1141
16105
2237
8611
14874
10395
6995
9766
13886
7454
10247
8805
3984
4208
6661
5430
530
15260
318
16479
3623
10698
4635
15139
2423
6529
2629
9688
8280
12869
12259
6244
15130
796
1503
11528
8976
6018
14486
15565
3870
5532
13873
13363
7843
16153
1108
12737
1852
4989
15115
1174
5626
4375
4148
12438
6082
1874
7477
13168
2864
5617
11227
13212
16727
15371
15972
9914
13230
1615
15946
7165
5178
11513
1228
1727
16316
12769
10626
10222
3823
7773
10501
6580
12857
16717
14920
2292
7083
15916
2215
9072
16119
2942
9531
160
2245
4949
9207
7029
2106
14238
3971
91
14165
8936
15570
9836
5007
2948
2610
2082
12143
13536
4135
10813
11583
3286
6092
13682
13646
5458
4247
1684
7251
13976
15368
3276
211
5739
16286
16516
10559
12859
4750
10034
2301
7270
1937
9848
1985
12767
1312
4143
15919
2715
814
108
13152
2064
15075
8723
11039
13368
6257
13240
1623
14532
1669
9445
13339
16932
9683
6596
11673
4418
12318
3334
2851
16638
10763
3477
5556
2836
15833
3996
172
15898
16631
2478
14712
8565
7185
16907
13193
4955
15873
8039
2119
8428
5126
2693
4785
4770
12044
2922
2908
13599
3919
4491
11822
8133
2557
5632
10678
10600
3440
7786
1570
12800
1628
10687
3027
6451
491
807
1521
10967
2274
11351
14063
285
2216
12674
4707
10585
6243
10791
15412
10302
3606
1646
10296
70
16555
3100
11425
15135
15465
7151
1796
9218
7610
13923
8974
2244
16428
10322
6602
375
3586
15802
9339
6363
1230
15144
123
3254
14685
14258
12166
547
9167
4034
7790
6238
1073
2935
14691
16782
401
13982
1079
10203
6797
5621
2499
9710
2041
10504
2185
1432
4283
14101
16480
1219
5492
9065
7573
1012
9894
12829
2317
14538
3588
16412
251
15441
8771
4891
999
16631
10571
12563
6070
7103
11689
6267
3672
3412
7117
5741
874
10861
5554
6707
4304
11759
7879
11883
9023
9824
8578
1358
10348
11879
11332
5102
7885
14978
11333
5213
15546
4551
7188
10787
11350
4236
3370
3527
12600
14450
13172
3830
257
8435
9028
9482
12825
11116
339
2601
8075
10574
2509
2231
16553
2823
4360
7070
12453
16477
16114
16825
12006
2827
13855
6440
16579
532
10780
16254
12087
3323
2163
12686
7129
9165
11043
6876
5110
10919
7362
1736
11917
12753
11762
2156
11927
16372
15166
4559
15762
11255
2080
6459
3921
5757
6288
4800
8329
10003
259
11043
5105
3621
10157
7890
14159
9992
4940
9862
7299
4378
2587
4427
12747
11326
6015
13379
14723
9195
15018
10758
15078
15788
11129
1654
5141
4746
2540
5959
13859
5478
11634
548
8299
8835
15031
12812
1350
10383
6299
10700
5877
5778
15215
16422
8399
15144
12070
1358
9831
10561
15734
1437
2326
303
5419
9935
15504
6295
6142
14975
5165
6376
4415
13643
823
11001
10364
3930
6187
15191
1196
13033
5374
4188
572
6629
3629
12075
3981
4882
16601
16488
97
3858
8869
9485
16536
802
7381
11422
13755
12118
16493
6590
13468
2461
3347
15875
3880
13719
5394
8956
9298
10291
5052
10346
16718
8020
4195
3852
11102
2715
12412
16997
15132
14649
1304
16057
6909
9123
640
15109
11270
13464
6893
7347
3326
2166
10850
877
4976
3144
910
7113
147
7708
9657
11354
7135
16568
8579
6111
11039
12661
15923
1853
10869
7412
10771
16
15718
11413
12134
8054
15588
12103
2418
7348
2570
6593
16528
9459
7087
16263
4780
13874
3754
16545
8795
6127
11710
11885
9521
9263
6522
12052
8621
8882
952
16497
8049
11149
12447
14038
6761
3511
12496
11545
2655
10125
2074
12100
13089
6761
498
12546
12776
12436
11906
14741
8741
4244
2604
16189
546
1969
6644
12539
11899
5146
1792
2195
9879
12909
15180
13536
8839
15435
10054
7721
8841
15321
7451
2865
10729
2635
14452
12540
5117
2915
12680
13006
11276
13679
5079
5278
1938
921
9153
7775
16690
5495
14233
15863
11473
15107
4297
3464
6914
10709
3251
10355
1020
15252
3297
9293
14572
8549
9593
11306
3928
5074
4953
5102
9130
1099
15971
13115
14069
337
6565
7396
12575
8815
15327
10007
16546
12780
8562
7289
8776
4283
10514
12476
12427
4332
16039
11388
4551
2267
10598
11319
5253
15965
935
3810
14820
6923
7699
4352
7174
8184
8043
9133
8188
16356
13752
4353
5191
4819
10498
1577
8909
192
4031
16287
4979
11234
12779
7113
6157
705
5062
13799
1343
5418
10543
14382
2727
4141
2403
12137
13074
1168
1929
8992
7767
6516
11037
8521
3860
3013
271
10874
6899
12087
13927
7184
6928
14356
15896
1081
10170
2267
1710
4550
8451
12082
4605
1781
7686
13876
7383
8019
15804
8741
7554
5143
7931
890
9444
12145
16468
11965
4611
13409
775
14190
5414
3892
5677
4534
16889
2928
722
15301
10617
9409
8469
739
12437
4477
13237
13420
9188
10489
7138
8828
1537
3591
6660
4529
3760
391
10276
4480
8324
12970
7870
6672
4686
2981
303
4107
6284
11258
16577
9795
7700
387
9552
14049
4371
10440
3736
4072
16006
512
15605
15032
9188
3315
8159
15887
14222
10718
3648
7954
2004
16704
16035
8241
7446
1809
4050
9024
2635
12795
44
5729
15569
13408
5889
5615
538
16923
5067
2390
14888
15507
6820
10502
14325
4313
5910
14791
16529
3690
15163
14398
10096
9104
9257
5565
12103
8652
12177
14104
16563
9822
7621
14372
16119
1405
10972
8850
16072
2681
10331
8833
16334
13557
7705
4346
7097
5227
5271
15517
4869
10280
1570
11120
6236
16150
10926
2656
1487
11792
11673
10048
12985
12760
13466
10102
12543
9285
1492
13797
8800
3568
14963
4581
9581
10725
4153
5927
11500
11934
12309
12892
3039
4083
15017
16982
3748
8046
3918
9630
65
1515
10078
2491
13735
14621
13478
4196
15911
8444
7798
2405
597
6850
7590
13510
16264
3284
9759
14658
16554
13662
13476
5906
12387
3159
11419
1305
14596
11116
667
12427
9370
16752
4171
10158
16450
433
14893
6251
6579
11798
11141
2814
10572
13212
5082
11760
1955
10072
336
7150
4351
16007
8824
6234
13979
13489
1237
2719
9800
16939
16251
3667
1941
16284
1773
525
10654
5176
16811
8085
11742
4120
13207
2979
12570
8002
6106
4927
10131
6812
4336
13848
3519
10244
7109
5272
2709
8163
722
4764
8828
8297
6744
11466
7119
12130
14648
15003
3526
11405
10396
7
11724
14133
7542
5072
10505
12864
1755
13959
5139
14084
8515
10147
3390
9186
6439
4200
7621
7787
8999
851
915
6112
2352
1924
8171
11422
2983
1916
10104
10261
4013
7726
11570
9729
4734
9978
15358
2505
11271
11804
16176
14333
9860
13235
10288
14277
16755
2086
15526
14205
2024
13569
16491
4388
10998
3333
637
10948
9215
3477
16399
5996
11976
13212
4315
7072
12324
581
7661
16258
9436
7226
16445
922
1295
9054
10928
5585
12260
15782
14084
11899
15321
6521
13526
16203
910
16761
6290
4176
15539
16554
13542
14349
12651
8327
7212
10639
12868
4484
15754
3367
3572
13669
8679
11527
7170
11454
9940
13738
5629
4564
11228
12019
6061
5512
9105
8151
14796
14652
7549
2359
9601
6198
14963
11798
15345
7281
11688
1737
1034
14467
9536
6884
1285
16882
15841
1817
7943
7071
12622
6163
13581
692
1753
6017
7457
10729
13977
6037
1421
2394
4755
9764
4979
12909
15936
1777
14774
2104
739
1018
1849
6743
9693
420
9746
811
3895
14523
15291
15862
12459
14697
2693
16530
16848
8319
9200
6161
5096
6313
2532
10311
11359
5636
5205
68
13354
1003
5159
16631
7338
16823
12446
14988
5060
10677
599
14981
13462
11913
1481
1054
10703
7664
9170
14698
2252
13211
4327
7660
7619
5927
8020
8032
1974
1577
2524
935
9685
11360
15590
7457
1808
8699
14084
5357
12408
6769
601
9308
4369
15135
1222
3652
16359
15731
5449
6264
4481
11800
16202
16645
3998
7459
3787
6111
1874
6425
14828
11337
4093
11123
1033
9532
14105
14274
14728
6223
431
4573
8210
14100
1908
7130
12654
9652
3349
9128
12868
10264
6500
8194
1557
12456
301
2072
4412
5145
5770
840
16745
4111
13694
12626
16946
10171
15234
11488
14422
301
9435
6796
3288
8922
14340
8244
13828
15624
7973
6577
1177
15839
10808
15358
9779
586
7395
347
548
8083
14135
1328
10902
12692
12140
7383
9247
16249
1863
12642
2586
5796
2001
11028
6502
13976
3989
8236
9909
14015
3901
8651
1931
6471
9514
16639
17
5375
4766
11984
10581
11431
4943
5343
9880
3349
16411
9367
6427
524
16963
7747
7687
7695
3533
12495
6248
10484
1290
2971
6101
1283
12560
15362
1374
6605
7933
13569
1826
11066
8489
12738
6132
3610
8718
16624
15450
15973
6863
5965
530
9423
14818
10584
11129
6859
10531
4042
7874
10520
15135
12943
6239
3169
250
481
13214
3365
5469
12224
8987
8143
9727
10471
6598
553
2743
11336
857
15865
12019
3399
3769
11670
16296
10579
4942
2891
16463
14001
8768
12369
1168
15819
12928
7028
6062
5030
8992
4596
8431
2137
3216
7323
8206
16185
16750
686
10134
4673
9385
13613
9621
2343
10402
15436
1434
3042
2368
16228
13949
15855
7991
10228
4970
13339
1875
2248
10578
10139
13639
6468
6550
3783
14284
5826
5792
4829
3808
1983
10712
7265
501
8076
2063
10122
8371
8567
7748
14344
16740
10474
14841
13634
3345
8419
6657
4436
4830
11371
5496
8565
16814
16539
6719
198
11852
10895
2706
6678
7496
13742
11256
1171
11699
10466
3206
11588
9671
1922
9505
9274
5197
1895
13078
1852
12420
2668
7903
5865
6363
15174
8973
11799
13603
6595
8373
2411
5540
8711
5304
1946
107
865
16690
3252
372
10532
2463
920
14242
6073
6853
2858
16856
1170
11386
8370
1123
2178
14739
8470
254
16416
2077
7719
11225
433
3924
3593
16231
7549
16262
8915
5435
3434
5355
11671
935
13725
10252
1524
16952
13248
3892
4262
1657
1693
4983
15023
8946
9120
8222
6679
780
290
5300
4535
5220
16538
11361
14196
2450
6110
10152
11134
4950
6383
22
15416
12502
3938
3554
8546
8741
2219
11436
1137
11123
13325
5251
4353
14021
2636
9374
15561
1785
11491
8190
5524
1593
9688
5079
11992
10377
3485
3530
6471
7718
11115
6536
8715
3798
11223
12549
15975
10750
7254
6246
14048
11099
9925
10760
12754
9144
11184
3807
14999
3233
2100
7335
2522
2906
14361
13051
9858
4640
13311
136
3650
2217
14801
6844
5061
2410
7671
11337
10934
1533
13365
15600
15830
15637
16041
795
13839
5056
12058
16196
10077
1615
6508
4987
4493
2677
13224
7464
1701
14634
559
6717
6946
6195
15215
4359
2833
12263
2927
12225
15333
392
2916
11749
6487
3324
1262
12704
9460
6224
9301
10457
4344
12008
5381
13110
11808
15845
16608
12234
2245
5731
15498
14487
9940
11286
7304
9764
1531
15905
4618
395
10174
7026
10008
170
4023
1765
15720
6035
1940
16347
4493
7762
1523
14927
5011
11179
15952
15542
5839
2622
3551
9960
1252
13976
8204
7759
8064
6095
8199
15899
10717
11945
14278
1287
11499
14658
15755
9628
13794
2096
4437
11311
9477
16020
5106
2834
6499
4520
993
5644
7128
1495
3797
3629
10344
9526
14158
6475
10211
16917
9922
5738
2819
8209
15793
35
7754
9857
10558
476
14081
15355
2337
12152
3419
16379
15153
14842
11121
6519
6775
6971
7734
3994
15285
310
10306
6987
3102
2677
12388
5825
1751
6506
7649
5557
14931
4091
2505
13044
5764
13650
3152
8024
3789
11528
6690
4250
10565
10566
5592
550
16525
4680
2695
14770
2275
12526
10047
13004
7527
2240
12641
12288
12410
4118
13834
3307
2199
5049
604
7934
3362
13578
3284
10018
845
12156
9494
10173
15857
32
7404
359
833
5022
54
16996
16281
450
6395
7045
1550
9514
4901
277
728
15259
3315
16877
13394
15435
16544
9748
5011
6599
8032
9399
4100
16153
5379
8865
8225
4917
2762
9759
7501
928
16071
1115
8045
12302
6049
8178
11271
11447
12260
8476
12196
7949
14911
8752
13496
1124
15863
11057
3179
15814
3665
4057
5415
11930
9965
15793
3297
16728
2942
16010
1605
7908
11933
15419
3291
5757
16118
5247
10662
16585
13442
3634
9610
3639
4579
9696
10325
12160
10214
2186
11110
9738
9147
7662
6778
9411
12728
15417
15174
1318
14843
7924
1839
5541
94
3441
5229
16356
245
3384
8918
11790
13115
8842
12543
3166
2474
6361
14100
8619
8130
14930
13785
11985
10384
3664
11713
16744
3592
8958
8619
12923
11430
11129
15757
3976
12165
9152
13209
4623
7786
1921
1452
464
13219
12609
10133
9229
13409
11799
15411
2033
2741
3293
16063
7620
12271
8860
1960
16629
3337
15587
2133
7179
7954
14349
3909
10039
7622
3108
6570
16185
15875
3637
2996
8133
10502
14562
7658
450
10116
4829
15380
15919
6797
7600
13652
7570
7042
14254
3050
15551
2943
15333
14766
1201
14012
12547
9977
4872
11181
8402
7884
1311
9769
14226
2698
12848
12240
14129
15050
2879
16790
15553
16356
4400
10684
11806
8428
2509
14021
1938
14324
10384
11974
3927
3932
13513
9143
1737
3229
3117
16390
15725
9404
3036
12267
14274
10514
16165
10629
8131
559
6032
1963
11717
8742
12639
2456
13891
2172
9562
11797
9276
15434
12278
5786
15550
11307
12409
15264
12537
11967
14284
15429
10778
8301
7005
15986
1410
2167
16896
1081
13123
14727
730
9136
13935
7944
13722
451
13212
655
5733
12078
3992
14176
13188
15775
14925
12557
16787
12530
3977
10161
5720
6478
6732
14003
14718
9901
12783
886
5966
15713
2006
10717
13993
4849
14049
9804
6636
16979
16581
3497
9729
1163
3209
1274
4630
4506
14608
9632
15668
13146
6467
6872
5293
941
12152
16379
4083
16726
6347
6707
970
16031
13791
11382
6153
3569
8408
14087
7114
5186
16432
11727
11931
14377
4325
16787
16272
9765
3276
6983
15367
10307
4188
4192
4912
16054
11321
8719
6319
4921
11027
5130
1671
14464
7634
16804
10837
8797
1529
1357
12870
4398
13004
8700
11862
4595
847
6768
10558
1373
12372
5662
12865
11570
7832
1741
5579
1181
8211
15221
14575
13723
147
8950
14147
11440
6268
13685
14946
3560
1070
12825
2294
9050
8130
5132
7639
1326
4882
597
8525
13342
12124
11394
6782
6171
15627
6154
11236
2199
3379
505
8894
11727
9383
8076
5977
10604
10808
868
16259
2015
14908
6249
348
1161
9056
1435
570
16109
6651
10565
8239
1197
7497
9054
4841
9417
15849
6716
16654
5030
14740
5093
4489
14450
14282
5816
5438
5342
3259
1398
15389
14437
5054
9143
110
5985
11218
9574
15602
14709
8182
9086
12674
14164
16807
1662
13351
4736
3966
11575
16709
6695
13811
4879
10068
6664
10954
13686
332
11283
13984
7550
8012
7615
9082
11288
7575
133
12626
11520
5053
1809
6440
11794
8721
13953
4457
16246
13060
5981
15550
14735
9245
1678
8755
13546
2578
1020
7026
16450
120
7624
14987
7040
6092
9744
2451
13495
5508
7825
12751
1118
8940
5726
1931
5798
6936
8862
12915
11571
14435
10500
14372
7536
3242
6512
13488
10979
3137
9435
9477
5031
7503
4367
1753
10672
15736
16373
932
3594
3799
11024
13122
16770
1958
10215
12804
9542
3020
4016
7585
7736
14321
16872
13606
11893
12297
6567
2311
9868
4890
14296
10040
15954
9484
3230
598
2643
397
8681
5939
451
16222
3584
14849
2074
3933
6833
7366
7685
9671
7804
10976
7825
12722
7837
3502
14675
15276
6768
12043
14939
3900
10023
6064
5247
7003
383
16932
9452
6998
8977
12594
10975
12043
332
10968
11513
11094
12319
7503
601
10647
4676
15932
10947
15497
13521
4658
3318
16233
4512
409
5036
1417
15974
12055
16042
7992
1400
5985
13359
3112
8233
14175
3690
15036
1336
4177
11620
3364
13550
5754
15716
11374
14934
232
11209
3003
7973
13220
14690
3027
5857
2164
7233
14533
8526
16634
15231
7536
4979
10025
13857
8007
668
828
12159
9644
14480
7475
5141
10460
4794
11938
12939
4882
6021
5128
791
10531
12368
6441
15954
8430
9873
6568
4984
16414
9221
5517
6353
10493
16342
3319
6276
446
4782
7958
14228
16599
16680
4927
10266
9130
8126
6261
11985
9934
3356
16136
305
2399
9915
2357
4516
16182
418
11746
5820
14006
191
668
11413
15485
16996
4671
6879
6418
16844
11409
15995
14289
5580
14347
5854
14729
15222
16901
15916
2423
2145
7469
10548
13592
9085
12108
5666
12712
9450
725
3738
16282
2528
13851
871
914
464
14398
13907
11855
13770
12441
2129
13039
904
12235
1894
14054
1463
3919
16446
13615
13942
7427
8539
11549
10895
906
5832
6030
9043
2014
1900
14069
1242
5334
15098
15242
10800
10287
10534
13928
12051
11322
3153
13732
10864
2434
12093
4749
10725
6872
9116
827
12513
3965
15658
1600
16992
3531
15548
15238
8179
2928
4912
2948
11572
6936
3828
2353
16407
13350
8530
14507
1483
10359
14369
11827
13464
3580
3751
25
8779
8682
4306
15432
5261
5391
13422
8310
6130
15066
3240
9739
11780
7200
1114
5795
1984
6711
7303
873
14536
5800
1958
12961
8000
7086
2803
8410
12212
1518
10288
11311
366
4410
5852
12345
16822
16125
1186
8259
1513
9981
7450
13881
5796
9648
16908
12037
1250
13133
4888
479
505
3817
8451
7305
13835
12290
6556
10108
14376
8435
13365
15043
8593
852
3877
3258
5247
7701
6714
11178
14194
8447
16939
5548
254
15895
2596
11207
7095
16928
12563
12264
14581
2299
15471
13973
14618
7662
5600
6638
13353
16671
12937
12720
9713
13811
3226
11239
1406
12952
2970
10296
10249
5427
13162
16936
6469
9006
16293
11668
1259
8346
875
9271
9944
13765
1277
825
10977
3183
11787
5682
14873
15135
2904
3419
5449
13669
8687
7484
4550
9620
12551
160
15441
11342
13562
7226
14343
6203
6411
2474
3673
3728
16302
8967
4614
7704
553
12019
6123
9306
10720
13694
16325
2390
10175
13735
3366
2325
6296
11030
5523
196
14972
9783
1070
10628
2470
2676
9935
2314
13523
7451
109
8518
15542
6126
5747
12554
1240
8517
11013
15153
8428
6028
10617
4001
8081
16298
13955
15918
8024
13488
9193
11661
2077
13969
9309
170
6195
6788
5537
1454
4784
9827
1292
7024
14872
13176
16659
11535
16493
643
16427
57
14435
2890
3802
7067
7618
9078
14581
2094
13068
12053
14524
7522
13655
553
1370
14554
7461
7885
6193
14475
8742
14567
2130
16818
6655
127
7809
633
3948
5162
13975
16350
16153
16539
8538
14793
982
10847
14215
8983
10465
16875
3984
9207
3693
3125
15920
6513
6335
10835
4786
11398
1706
13875
7170
4936
8041
5385
9571
10462
7425
5862
10680
14660
1321
16083
5374
15949
4818
8378
5086
15790
14544
8173
11425
10297
8451
6174
6220
13762
2751
9530
3634
10538
11790
14131
11305
7013
15112
13792
8604
13666
12697
10203
14824
2351
14953
8887
15867
4542
337
14139
10990
6632
6184
8776
355
404
917
4563
4505
11027
14327
2335
7220
4988
8992
5050
5810
1631
14801
11546
11961
7552
9159
12524
10323
5578
5195
15969
14403
13142
3927
4974
4586
11735
8427
16814
794
6114
5264
13062
9204
16295
15324
1588
16156
1438
7420
3149
15450
6889
8384
7290
14500
15812
2639
7374
4838
1971
9236
1375
6092
7593
13040
14926
11414
15600
7719
1909
7354
4953
8871
9676
4584
1721
8306
3839
6990
13991
5012
7096
14340
7078
12792
1260
8146
1283
11742
3581
5285
12093
4071
13476
8128
3979
2625
7976
6175
9406
9045
10551
4959
14925
6166
5928
50
7767
9580
7427
6054
1673
16422
6702
4285
5571
15159
13428
7935
12977
7511
11260
13795
1179
12778
15132
15285
5609
12781
8287
6281
15143
7452
11050
6197
11129
12793
2687
2461
10979
7000
7796
752
6760
15974
9932
3576
15765
12231
1343
15607
4320
15814
160
14021
14546
16703
9419
14989
14319
12664
1185
2247
8630
7999
673
14609
9681
2077
16901
7638
11547
6592
13510
10128
15808
5486
6845
14026
8702
12669
4207
15158
11558
6383
15644
7294
7031
939
6285
8118
9735
799
1583
822
5854
13553
3520
13845
6746
15813
3517
13576
16017
2849
10590
12635
15966
1828
726
4590
923
7508
6658
2417
3359
11647
11014
2834
5804
5122
8182
8619
3327
8917
12152
6025
14669
5439
4836
4526
1239
15877
16020
456
16026
15790
10958
1939
15686
16091
2795
4633
8472
7802
12707
7986
10637
3273
14351
1294
15462
4735
4331
5663
1131
6334
8334
15980
11037
4933
1639
13672
11405
6642
11742
13234
490
5741
972
8357
4786
5327
3583
2895
12481
7241
13046
10862
2479
1265
12174
8630
3785
12759
15199
8928
3598
6503
2398
14181
13588
16895
9559
13072
5526
671
8366
4729
10213
992
9427
8493
12161
8429
8064
6635
11913
14254
2631
8066
4142
8308
365
1029
16641
12287
15134
7697
956
8858
12587
7317
15940
952
1279
14224
12585
16760
521
4129
14607
252
13630
11855
4516
8752
6087
13537
1054
805
6035
9408
6648
9421
10577
7928
3689
15296
9044
8037
14874
11901
2410
16659
4466
15189
15299
4685
4624
9018
9787
2807
15531
6205
8140
13624
12777
2940
1523
7790
16227
12114
2372
15053
11857
10512
15845
13307
13991
4769
16173
1266
1027
9052
14031
4345
6122
14314
3791
14116
7303
3343
6439
7495
1727
6150
8502
7690
14987
12901
3814
2166
13075
5152
3648
8734
68
1185
3726
7680
10062
15829
7149
3131
580
2905
4390
15115
3936
2275
16175
10247
11106
16077
10554
7420
12293
7941
16889
1850
3223
11760
16661
15148
14779
15300
10618
4053
11525
12501
10424
12302
12777
15223
2665
16468
14736
6858
16482
8070
3400
13948
495
11852
1846
13272
1904
4507
1595
11516
9106
13789
15601
5240
12107
10893
5368
6762
10886
11336
4793
2047
7255
6407
1189
9428
8723
9449
2315
9074
4663
15509
5574
2384
15868
9109
5007
1314
11508
1183
12619
13680
15356
285
7699
16913
10173
7180
4372
8862
16704
7025
15571
5795
7694
10447
4431
9440
14281
11190
14826
16638
7523
11101
7037
15964
14025
14608
9552
10233
16923
252
1059
1772
1387
5679
11619
64
1007
11126
3284
9155
4413
3278
7847
8381
12522
14947
4585
5486
2342
13895
3376
8288
8312
5426
6259
2684
14466
10871
9869
9408
12296
3728
6437
2174
7875
10616
6733
1696
4284
662
652
13887
2935
5697
13082
7578
5086
13879
6832
2891
16558
2472
8434
8694
12466
11663
12922
3124
9987
16576
6658
11852
15865
11316
11182
1928
11168
11522
16027
14229
9257
5777
12920
15500
10860
968
784
10373
6127
366
13376
14100
12934
4333
9019
10196
13463
2488
9448
7311
7592
7942
5588
16247
13288
6391
7522
2383
14230
9891
7428
4451
9330
14986
11612
3438
11574
12742
7707
7299
8721
15908
7053
12147
2272
13962
1744
11956
6225
9578
935
13266
16189
14868
15319
11671
4761
3627
7789
3839
10578
11293
945
4623
16058
3158
16372
6059
11339
6846
1209
16662
13207
11230
5499
644
2546
13019
14043
3532
10629
9857
300
11793
16671
6544
2406
13960
11393
2812
16730
1843
15303
6326
14808
10964
15142
15216
6827
10885
15526
6270
5814
12844
16222
3704
16110
4325
2191
3508
4499
7031
10686
15464
4891
2952
7425
7389
8221
11756
13060
1103
11103
8217
328
10457
15717
4942
13490
16957
10071
3274
220
9521
14933
9032
2306
7341
913
12984
12674
15185
10697
8097
8585
1468
12128
8611
10638
15343
9105
5321
4046
3799
14511
13891
11627
5857
9483
15818
1161
14928
2370
16660
4855
6187
8210
9319
3094
7122
11938
10930
3810
2438
11891
4303
16465
2832
2735
3661
10220
13561
1477
15202
5882
9033
16413
7718
3204
2324
7150
4578
9904
16478
7625
5327
1517
5391
6258
15996
6551
9130
13027
4407
8280
13591
2437
9900
9588
11001
2052
443
1679
8681
14885
9076
14197
12105
8903
2798
8333
14885
9275
11964
15347
2035
10985
8113
6104
1099
5424
3155
2249
16026
10914
16890
3689
11681
8842
14868
9756
12162
16123
15073
16801
9026
5422
14857
2002
11306
887
4830
8275
14847
5373
2460
12061
8626
7628
15164
6142
3610
953
16248
2111
677
8737
12529
15754
4878
8838
12900
12965
15352
14623
10555
5759
2736
16147
8167
14582
8112
16338
4523
411
13944
7600
5908
14059
5095
3175
16749
3178
552
1360
14192
3318
11888
8765
15806
6365
12163
358
2511
13309
15478
7270
684
4606
16895
15273
10417
10693
14848
12060
7137
12864
9803
2657
3338
9457
9968
13262
2768
15177
15769
8073
77
9378
13174
2970
1294
1168
13348
16645
11145
14917
13721
3954
1626
7193
1523
2723
8124
13139
4790
7409
5676
3830
11220
1331
7042
11498
5134
5093
961
14781
761
3289
11134
12654
1580
5452
8573
13046
11406
11455
54
3700
3188
3121
4151
3484
5920
3509
13915
13475
10797
4885
1328
5577
111
15451
12582
9523
5359
7696
115
1235
12852
13811
1700
10711
8413
1959
10702
7548
1499
4209
3523
11876
15612
2165
2143
16347
9874
1892
2522
11033
13850
4140
1088
9797
2208
1996
6764
9407
6311
13914
9380
10936
5374
11740
5397
1113
7854
12015
5102
4220
15561
2879
3219
5842
12005
4371
9600
1034
10925
12300
8229
427
13648
14986
1985
3446
12194
8915
15695
14835
2481
5161
12222
9863
11635
5087
12492
15095
1539
12552
8690
11755
3274
3955
7482
5594
10338
4687
13524
12381
4029
16143
9545
1019
10876
1635
13599
473
12883
15171
16291
8451
10914
10495
7789
12252
3383
10720
1037
15286
13311
4925
3419
13118
12363
4491
14148
10479
12143
2813
6745
16921
1798
2763
11625
3174
5657
7882
13422
15441
6422
536
16989
14899
4469
6818
12623
16835
7518
4516
10797
7353
12302
14660
13976
5944
12769
2995
3254
1214
3953
12593
3033
13137
12380
6308
15625
7935
6012
2173
8514
874
13655
447
4192
630
2967
13276
1358
10800
16300
5614
3831
8350
1645
13111
13203
10685
15998
14694
10387
12410
716
1775
15904
15801
13803
3221
16270
9667
10224
6070
5646
14128
51
11547
9224
13657
9091
3362
12247
2672
14750
4643
8631
630
15288
2507
16178
7209
15256
15472
3399
7536
939
2666
9612
5693
8184
16554
16826
6886
11618
34
5503
4759
3652
6353
9778
4775
12582
10761
6966
14021
8302
9046
14617
9880
13498
4077
1119
13736
11690
4470
7935
1276
3570
14400
3111
5753
8989
11520
4299
11643
6653
6477
17
3715
6727
9955
7456
14622
908
1419
6423
6821
1785
2675
1778
542
14992
14735
13422
7863
175
14651
16558
6378
9199
6259
10686
16025
647
13938
5901
2567
5670
13068
12592
4249
7144
4200
7816
10959
14800
3245
5669
9019
6227
10543
11965
2877
10581
2862
4181
3696
12277
13684
6104
9197
10395
3913
6901
1978
14082
629
7866
14286
3769
5313
8687
15835
8963
10138
4206
14153
13158
6618
16870
9883
6633
12133
13502
1368
1334
8638
5286
25
16279
7788
10170
10490
4972
13892
1576
10854
11947
8572
1960
3267
6705
4336
6883
11055
10124
8069
2396
15758
11171
5824
12204
14049
2605
10874
3634
8349
3886
2283
9150
2821
12688
12007
8990
2084
3438
5257
2186
1867
6020
7731
3674
5803
15554
14991
16192
5056
7223
16101
10424
15763
15859
8410
16884
5026
9036
10521
6283
13381
2450
9041
6289
12960
14390
9338
7698
13856
1013
2876
360
1068
15546
2759
8357
5778
10337
8569
11666
12810
14385
13647
8109
15131
15665
2595
12513
1232
67
13998
4415
15863
13157
11363
891
3278
7692
14280
14210
106
14139
353
3390
11413
13314
15531
2204
3619
3594
9274
8253
2954
1812
11495
5840
3867
13753
129
209
6793
2404
4502
10298
13325
11028
6655
5063
13843
4782
9006
120
15845
1615
7092
3472
9043
3502
16283
3067
12811
10680
9925
14428
6474
13381
15520
3091
863
2776
3190
2246
11216
13845
5117
7423
12308
2810
9455
16123
6380
16432
12431
5194
5526
915
8265
10330
5808
6868
10340
15070
16830
424
10256
11948
10632
12785
5102
16452
4266
15050
7224
7989
15233
9112
6285
8273
12399
8388
12537
8857
11036
6757
5831
4787
2513
3027
16196
10087
4594
4030
10962
3858
679
5093
8029
14321
838
7490
16997
5087
1913
5314
6393
3993
5824
7531
5796
8103
9619
8878
11439
5013
7951
8523
2843
3104
8994
3428
10761
14172
4787
5706
13856
15833
16811
3963
4329
695
5082
11070
8674
9054
14480
2789
2798
1224
5641
13904
6678
10906
9732
14179
14566
2933
12504
14205
10006
1035
12340
8897
1515
11949
10825
11210
13570
5146
15053
8016
16800
6113
11111
6287
10881
10015
3443
11278
8667
15964
13729
4229
1254
12056
3014
12215
12426
8755
3326
15655
13157
12946
16851
3143
13768
16606
5887
2020
14660
16014
6499
933
12406
16892
16178
13499
16493
9845
589
3050
13716
8786
16051
3316
10056
9484
9132
6391
431
12308
5738
8357
16547
5817
1061
4266
11674
5122
10905
9675
13515
6635
2415
10009
16311
10420
3301
12332
10650
6693
12282
13172
15781
2806
5386
15195
305
466
10890
11919
6785
8980
6489
13803
8572
4962
8956
11661
14518
8918
4428
6018
9883
11892
5933
14518
10703
6373
13798
9104
893
3777
7448
497
6969
9756
15908
11421
16836
14775
13678
2530
3932
271
3696
3053
16525
2187
9172
9837
7128
4398
10034
3319
10183
3701
12170
10648
7906
16539
7567
16329
14921
10743
14785
16764
15270
16343
4476
5573
13413
11206
11242
2596
2908
10921
4770
1063
657
13975
14459
7317
9013
582
4185
10261
14579
6995
2306
8548
15436
11577
16758
7973
7834
9755
465
14170
607
6316
10799
961
12265
14939
6410
13395
16084
5237
4731
16846
9565
2762
347
16681
1503
16226
12748
6688
892
6152
11801
1685
7176
10148
16430
2734
6701
8791
13118
5167
12183
9279
6719
4748
13172
11683
10732
4368
15818
8832
1631
16100
4884
8897
1856
3527
746
3621
3607
4867
8509
9666
978
13048
1076
13584
16003
4074
1957
13745
4529
10502
13275
508
2778
3514
9777
9128
282
10538
7304
5502
2474
6382
13011
14735
11704
9504
3412
16588
2414
7748
13306
2197
13394
10289
16146
15617
15650
12684
5375
16492
12289
13067
6368
16815
11138
11663
4932
4064
5224
8666
6820
8738
15248
16336
11373
4256
15189
7211
13000
9963
1661
2734
10992
7084
108
13947
2280
12946
13469
4584
3734
7452
8960
467
328
6707
13085
1319
12897
1927
4836
1111
11040
9922
6638
5518
6190
8449
8995
817
16514
4110
1009
3157
8626
10971
5261
8914
14184
9993
11314
6481
2783
902
5675
13394
4096
6413
13998
2941
8645
3119
7744
2946
14169
11088
14479
933
83
229
8263
7425
2685
14632
12764
11325
10917
16350
89
5331
10319
13008
13044
2589
16532
4365
12022
13947
4836
11145
10546
1503
484
12830
7928
14850
9723
14785
3967
6103
12407
11296
13221
14917
8207
9407
4732
9506
8876
329
13004
7018
10361
5964
11782
4407
5324
3981
404
1426
12120
6355
15947
8440
8432
151
11530
6777
7954
11209
4962
3617
11494
1582
12793
1553
16218
12629
2564
13544
5067
393
14705
10802
1722
3560
13255
15835
4112
12491
3290
9645
3872
6214
14454
2684
10160
12103
10176
11451
11282
2371
15564
14152
4381
5764
1526
994
11915
5071
15072
11059
4455
7609
16653
216
134
2842
11360
9621
13919
11897
15524
9413
13231
15919
6072
5191
2189
6313
3062
14077
13183
6548
11265
8670
3975
8941
8681
707
6190
296
7397
8223
3252
8422
15091
9143
345
7340
758
10953
4458
9286
10693
14625
3699
8570
11268
16125
8909
13193
6905
1026
10213
12000
7078
8049
8065
1509
4638
6641
5503
14494
837
12584
13660
6186
9208
8004
934
10939
11062
795
7991
5243
5154
14026
6030
467
8334
9723
9740
4827
2997
1863
11303
11603
14349
14283
1878
13608
4632
12504
15954
3675
1838
12354
6213
16699
16016
6906
1483
12451
6203
15495
16985
1917
406
16999
9878
854
3498
12811
13508
15707
10430
12360
3675
65
6444
7362
15667
6227
7996
13083
9195
7380
11690
15801
14819
4412
13254
1558
1266
9671
2056
3657
7901
3625
7126
14153
14717
13206
11628
8530
5508
1422
1775
6424
14355
4277
2406
16776
9195
5601
6077
7638
1582
7044
5983
11753
15585
6290
3071
147
11657
14036
539
5173
7718
4259
16014
11047
5984
1024
11633
7780
4533
2951
7877
4076
12981
10549
16599
16107
1474
10198
5312
6447
11999
15689
4416
16854
10171
14408
3727
16574
3882
1574
11016
12631
2641
1245
13074
8419
12388
280
6803
6981
11901
5267
12268
1351
5315
4451
5035
13077
14069
2239
5497
11783
4273
805
6529
285
6510
2546
1721
10946
2362
10345
14065
1419
7617
7789
5581
11433
15835
3850
6560
4673
7968
4133
9879
15533
12162
10939
7103
6796
2815
15743
11580
14932
6914
7325
12279
16528
6941
7412
9298
3188
13701
13825
5675
13909
15258
9422
9780
5206
8242
5473
13899
10557
513
12096
12971
9316
10182
7699
12909
4467
1925
8170
13524
8986
13436
4437
15580
124
1237
4675
16670
5264
3383
12001
15499
12153
8169
4300
12042
10333
7084
9122
10960
16891
4388
14019
3579
117
3451
16573
13619
2229
7466
2237
7046
5260
16829
2313
12406
486
10689
11457
11024
7049
5404
11431
3364
4731
11025
13996
12148
7299
5111
14121
9579
5520
4565
4215
420
95
16037
686
236
6176
1562
2378
13197
9447
12975
2964
15848
4272
5213
15813
16141
2283
4848
12117
14258
928
6655
8033
9694
4292
9278
11618
4849
14665
5746
4378
1554
7603
1208
14074
15364
5551
9562
8631
1454
9198
847
6900
12678
15423
15798
3544
7201
7059
11287
7871
8033
13466
13630
623
5083
12491
13844
16993
10660
15744
3348
11039
12561
9464
2007
9525
16487
2662
10757
2272
2781
11038
4489
8739
7284
14048
2799
13712
1959
2149
2532
7275
10061
9406
3506
5554
7057
7173
2511
7489
15258
16747
3377
13403
1940
5272
576
466
5874
7384
11648
1759
7197
15651
6769
5909
4342
3429
16524
12136
16540
11220
3621
12523
19
4713
8520
2463
5633
7637
3249
4671
16014
3204
12836
12848
16447
15399
10557
7879
4631
10731
3534
5442
5843
1607
7387
10080
1216
668
7538
12284
8764
429
4444
13820
2621
14629
11043
2017
5354
8783
11824
1455
16492
3249
15610
16324
15528
16858
5292
11142
10812
658
15115
14676
16027
7361
1834
4134
9615
9311
13789
14161
4498
13603
16743
10122
16193
14023
15680
3484
4638
8088
14414
2261
7160
4980
16302
5226
6273
1148
871
1851
5204
585
1180
4354
15064
5731
4668
8476
3342
8212
16752
8170
6619
5675
5136
13721
9482
8540
2826
213
13386
5060
5280
10205
5334
211
13948
15071
4071
13730
15867
1148
915
4508
5020
7382
11031
10361
10732
10638
2825
12429
9455
13387
10275
368
12180
5364
15900
1774
12037
8439
7049
13390
6122
7946
2051
14224
11057
12398
2949
8552
12260
6323
957
10175
9456
5982
4380
8672
3453
1456
8092
11136
10574
3456
6589
5415
4927
2329
14827
5259
14046
15358
6240
7459
5128
4577
8594
6913
2153
12947
16496
5369
8462
13981
86
6742
5995
5398
13875
16964
14572
12845
12003
552
6002
2894
5374
15859
15213
2138
16932
12005
4472
4286
15163
2367
5238
3574
9950
12633
2238
11306
14068
16641
13189
12902
11347
5365
9433
15496
3503
6128
14998
5315
1154
5064
16135
12664
2633
945
8338
14420
14201
1378
15760
15324
10693
15020
8167
5084
16557
7619
8358
4816
8444
3829
949
4754
406
16456
16295
16306
1892
8328
15613
4260
7630
5918
15280
16570
13019
1148
2290
14354
7640
14116
8049
15699
707
15401
6113
11985
4578
14293
1077
2608
6605
14489
11154
2788
10469
13819
6120
6495
16112
10658
3342
13404
11962
2365
6657
5753
1600
11681
4488
9074
11788
929
5863
3191
14985
1936
6623
6863
3642
3418
15518
718
307
4176
5368
8754
4755
1674
537
8211
4269
1279
4461
9321
11809
13456
14295
14168
948
10603
13002
16006
441
15996
16791
3309
4546
16053
11388
8123
519
15685
13861
2982
14593
10983
5770
9606
2020
14337
9885
35
16495
16197
1094
9445
16737
11525
16869
2171
14058
5887
14003
3003
1955
2096
14037
1359
15859
6085
15797
14777
11855
6732
4751
10765
5884
2937
3702
13085
14644
549
8216
15346
13843
10456
8029
2469
1950
14079
14847
15270
15295
1961
974
468
11694
7483
4203
13627
16647
16756
4223
12892
4540
5298
8271
9302
5464
387
6534
1090
2704
2512
14551
636
749
4723
7773
15637
15106
13202
10634
16390
16054
6796
13584
3439
12711
9544
3655
10277
15404
12077
9716
2138
13620
5395
7314
3285
15600
12304
12215
11515
9666
15119
8622
9702
817
12195
10100
15009
12354
426
4849
1118
2861
14068
14069
8438
15736
9859
15109
14584
12612
6364
15977
4037
2178
1155
7331
12767
9545
1757
10493
42
12664
6646
15351
7075
10762
588
7957
6037
8723
15179
15425
6538
15069
16214
12098
13046
12127
2527
12504
14375
12267
6014
16546
11745
10179
3334
9422
1599
12687
5765
8757
11884
5853
10634
11880
11927
2141
3856
4571
5700
11024
633
725
12511
5877
15078
6457
2299
2639
8058
15700
8913
15815
9919
13211
2876
3937
4608
6808
11545
10525
4973
7368
9892
13829
7533
3789
4678
15182
8950
5387
10955
5
8424
4889
11295
63
1879
13967
6689
12212
9935
15862
6271
8377
6714
6231
16969
3065
11061
11340
578
280
7889
13861
13072
13300
13540
3345
6373
8640
4232
10434
1854
11126
15956
8258
15104
6096
2774
8935
16051
5067
11874
4905
3167
2760
6780
9244
7011
16936
10985
5991
15492
14068
2572
13511
4482
758
548
14768
14943
15872
9698
2762
1160
4527
2985
13796
13758
4435
7366
839
13758
2214
519
1745
2580
4982
3536
14629
6015
8209
1592
7788
8061
2668
2962
8642
7583
7000
13631
11111
15464
15577
11105
8544
1399
8676
5603
2169
1675
5381
7828
6474
7390
14747
14586
14907
6930
4048
12211
4685
11585
15992
7262
671
209
11565
1712
6498
13747
10460
12603
393
14540
14113
2705
14016
1693
11394
3574
10719
12861
15418
6435
8699
5119
13668
4575
16171
14590
16490
14480
1962
3596
5121
407
853
2074
12211
5714
8306
5154
936
10802
16283
272
14305
11077
15190
11743
16132
1942
10786
16168
10621
9656
6768
10164
4967
8450
13691
14003
14551
7228
4110
110
496
9591
13689
8934
12225
12131
4799
11727
5527
11010
15160
2167
7472
8865
14469
5241
5054
13527
15517
11070
5099
766
5003
9667
7527
10831
162
10549
1036
4954
8894
8857
16466
9898
16464
4176
10580
8775
6926
7991
16853
133
15668
12765
4008
4890
15867
3070
7188
15157
15444
7613
14848
5610
7602
15630
12224
1450
12385
4145
11908
13527
7358
14202
3857
12037
10037
14485
11183
4579
3073
9374
663
10721
2228
10135
14590
15884
13995
13595
3082
8325
8540
568
14639
7775
2783
10690
4679
6119
7542
15217
12852
8582
5106
12676
9243
2154
13236
12559
14687
7227
2485
616
2359
1417
4867
1504
2413
10602
10136
8085
16308
2577
3688
2355
13621
8842
11879
1082
10078
1314
13980
14083
14880
6100
2558
13693
10019
9630
10338
11268
14936
15714
12542
3441
14051
7312
15605
5580
1523
10785
2800
16037
10695
9614
11581
16883
822
12471
5550
4308
9603
15383
8176
8979
11308
9445
3782
15775
5365
10878
3474
9464
5806
1885
2064
2980
6685
15060
9031
5008
16881
13324
3517
9370
5645
9265
2142
16555
5677
15729
7160
2938
15385
3091
6501
731
14315
16876
12782
9079
13669
636
1129
15749
16572
1543
10759
8406
2059
10936
5725
9342
15646
10928
4604
16318
2244
15316
6967
15495
2743
16148
2169
7713
68
14768
13176
12921
1097
173
10122
9025
9720
15053
378
15801
9727
2021
10823
11371
13560
848
15650
6388
8476
14104
6169
311
15335
5708
13237
16827
9080
1669
220
14189
11088
14283
8900
9368
2324
4381
6597
16512
11880
4782
9050
10287
13618
15602
1980
7895
7025
13999
3266
16238
10232
3937
10248
8983
1850
8174
5867
5636
3299
5480
8935
2969
15961
10912
16669
4717
16110
14664
4653
9250
4275
11337
8331
16099
13242
4531
5249
13173
14736
3611
9665
7486
11229
12070
669
8682
1705
1996
11557
2981
1453
11872
3708
11307
10404
3604
6104
7682
428
12745
15252
5777
1604
11996
1708
6778
507
6579
7580
15778
12242
2831
11556
2522
2472
3300
2156
1062
9537
16572
2080
12130
15234
7866
11385
16245
5403
4809
6832
15877
14497
15941
8215
250
16967
14193
8934
951
5944
10663
23
130
8500
815
5735
14677
1797
16319
15809
7101
16285
7032
4392
12072
16309
8977
5232
7228
9252
11341
6626
10538
13610
4831
1643
8049
7376
5462
695
4966
5951
15555
7663
3009
9113
5535
405
6284
9935
14714
4415
5628
6280
11670
1056
12314
1211
2866
6143
3027
15810
15274
2537
16163
1067
1692
11746
7425
11275
9517
14003
15780
5825
13234
6792
7691
16917
1811
3634
13537
8843
8529
11900
8975
7944
16128
6252
2428
12288
10480
192
12784
1969
10581
2193
1078
16879
7231
4841
3455
5989
12588
13925
259
14877
15208
2007
12715
8124
11535
898
13378
11709
14265
16954
314
15912
16692
5152
14346
8335
11320
8200
9829
13589
6275
13151
13366
11715
9069
9788
439
8641
3245
10945
1818
15845
8066
11214
6742
9218
4543
3282
12771
6816
16198
3047
3536
6732
6749
12361
10473
11533
8717
11635
14103
6098
15054
1239
16672
1907
8409
6071
4253
3130
3774
12876
12570
3278
9884
138
8688
15708
2199
8950
1758
16033
16547
10261
5631
3809
16238
13947
13660
693
1956
10293
8634
6509
2988
67
12838
12754
6344
5861
1149
7214
8746
15529
14641
13467
5329
11438
15781
16220
9571
6329
11753
1212
13908
3329
1025
5729
1685
13833
2815
14645
11576
9377
2274
5745
10880
241
9598
14357
4221
10060
12914
13416
7020
701
4305
10617
918
7160
12768
13752
6615
2215
16471
6972
14014
2679
5131
6562
14805
11559
5799
8814
14278
2357
14722
2386
11541
11325
3100
6872
16477
6686
6258
2045
6066
11971
7025
8996
2614
7795
231
187
8711
4293
7932
230
16093
5491
15728
6815
15865
15034
9415
10175
8193
16924
8863
10132
10881
15154
5354
16054
5643
1305
5831
3559
8759
1647
10978
7671
1933
8546
9156
4689
1039
11574
2869
9518
1684
11249
1437
11140
11103
1189
15691
5626
7054
13377
4053
9923
11247
4612
598
9876
6708
8023
2661
11116
9039
16046
16010
3639
5689
7043
15619
5775
6179
12086
12845
103
15296
10061
12159
4757
15002
8108
7143
1924
2545
8762
2112
9131
8162
1512
7683
2486
16060
15541
7874
13686
2990
10395
1076
16944
11291
2600
6210
12367
5792
11466
15080
12142
8148
10235
16584
9438
1222
11508
8256
12032
13141
4721
11099
6817
928
1417
10733
13535
4542
8888
13928
5243
12351
7594
11228
11317
8698
7230
2835
8070
2408
14573
8747
7983
8533
11158
6860
10692
8743
8944
6313
740
11078
515
7683
12295
6300
35
889
5796
7518
13074
980
2870
3992
2840
4143
2331
7856
2018
14052
11129
13880
15956
5801
9613
4262
5788
9977
3561
1417
485
12558
4809
13922
11460
12461
8827
2866
7203
14498
15849
14218
6808
1930
4644
10644
8105
11440
9606
5497
4478
9183
12307
10364
7210
13102
15093
8844
6087
4705
16683
8624
14926
172
15750
10610
14008
9218
14264
9445
13324
15452
13113
7139
4238
15478
14327
2879
7423
16827
16881
13730
3175
16072
13752
12777
12484
5126
13539
14339
1597
9449
11901
9688
2599
5998
357
180
8827
15281
4114
7355
2683
28
10305
8871
11807
4979
11356
3237
11153
5684
12313
6382
4249
10053
11484
14785
3949
13390
7442
11238
8024
1229
14843
2453
12189
12608
7339
9244
16945
1316
2325
3583
523
6516
8364
10194
9793
9494
13824
4890
13680
9896
6761
16738
4919
14768
10404
12514
9457
10281
12247
12193
8077
14752
16297
14563
732
11118
8307
13549
10118
13225
7374
5829
9873
9659
9032
7127
5599
3395
4046
13458
13346
9402
13303
12434
16423
15806
10498
1134
4589
14363
9501
10897
11728
11512
12660
12198
15382
8821
14146
1852
11798
9322
11183
161
13840
16218
9838
1507
9268
1870
3650
2713
11635
10942
10253
3985
16220
15427
3052
4283
4236
16272
8209
15569
8253
9839
1886
4682
5609
9440
3860
13260
5972
14475
8646
8239
10540
1710
5637
16785
6334
16523
10784
10900
1053
9705
10599
10883
10281
14971
8349
16603
12098
14437
39
3359
16112
4282
15589
14379
7153
1147
1980
15946
4662
15722
14510
5635
4146
9220
12063
13486
10471
2333
1844
14013
10399
2278
3298
15973
9948
8785
248
8060
6140
14741
16747
14124
5309
9477
6028
11813
521
9090
2919
7881
3694
7593
15739
5649
4677
2072
12369
14237
11028
6657
4379
5865
15114
4265
10626
10339
16863
13354
2740
11840
8014
6772
11624
654
11776
859
10911
15188
12141
850
2529
14094
13969
6813
3833
3757
8265
348
13950
16811
7713
10939
10751
5812
6572
6630
859
4880
7943
10538
770
13973
9258
15199
10867
209
3404
1002
5850
1669
11346
4350
9845
6373
10411
3522
508
7147
9587
9398
3892
7388
1730
5703
14446
5858
4097
2874
8896
1457
10664
13309
15703
11533
10415
13785
743
1848
8399
2604
15794
14762
14179
586
6153
13080
10169
10516
1153
10351
12695
9353
9148
291
5147
4072
3371
5312
15020
10992
9750
2849
12974
9767
14816
3510
6038
4590
609
1384
6755
10462
15185
15928
14277
4923
7822
14054
11981
4438
13643
7262
13367
3577
5213
2428
9472
11516
7802
2744
5481
15100
13312
14452
2581
11723
16192
9667
8205
5755
2669
9412
5045
14275
12677
4419
6163
13260
15827
9977
2315
4973
14469
2538
7882
11427
11657
14316
6461
6709
1031
16687
3501
6603
3411
16792
11329
11438
13883
14711
1216
466
9359
9433
4810
12897
15993
5400
6081
9953
6082
15597
11505
1877
5285
8400
15577
1402
16397
11399
16374
10031
5359
9874
1443
15320
13147
4655
1782
15812
8413
15816
9673
8161
13754
11938
13196
8010
16865
3761
9484
15663
7703
9183
11522
2546
6519
11868
13898
10738
5060
8360
6742
15240
8972
731
15567
12271
5924
14509
6544
6193
434
5089
5879
10316
11899
12644
968
3307
9121
756
11759
5360
8447
7059
6178
15648
5293
5035
14953
14263
15259
11379
16603
3250
8692
15016
10214
8252
9465
4431
11010
16528
2894
16342
5483
15469
5933
7634
12114
7096
2029
11731
14319
6858
9174
9380
4780
4122
8124
5079
1712
8174
6966
9733
3999
11619
13842
8291
15371
180
4063
6720
2930
5726
6246
2515
2923
7322
1013
12353
14525
8700
1553
16220
6167
1497
14384
695
8566
9949
6569
8669
3438
1594
8200
5578
3711
9077
12874
5305
9635
15818
8217
1621
13506
4583
13164
1156
2763
10934
2679
13916
8407
13884
16274
9945
11235
14999
13720
1391
11530
5693
9055
11458
8684
16295
15710
5429
3200
10004
1752
13567
3441
6738
6268
3545
7367
15103
16662
16148
11645
10758
8014
16400
2571
6293
13755
1832
9200
13250
9363
3929
8981
9702
16906
5608
12480
8442
16132
11699
124
9126
12752
7704
9450
1848
16900
6233
16318
7034
16471
7385
5328
14324
6439
13025
13220
6040
13224
5875
9361
181
389
13256
3955
15843
3606
8421
13198
10310
11622
11295
8264
2677
11599
6431
16552
14505
16044
2121
15361
9555
12355
2854
16669
13270
6462
9498
456
1028
3277
6960
7651
10173
7497
4177
16296
2193
3199
10635
2537
16679
11135
11150
592
7150
13256
11714
10922
11712
3417
6756
5749
15775
11343
3023
1594
11440
11414
3199
11969
9868
16558
16649
14465
4380
13820
8623
11488
13853
2985
9592
9501
8497
3659
9699
1983
6917
350
3307
5737
2626
5695
3958
3414
14082
405
4416
13011
8212
5980
4806
9461
12011
15687
11036
13863
15816
12265
4103
3079
9528
11057
10310
13894
7457
6912
12995
9267
8318
14311
10072
4012
313
4618
3085
5608
11952
12539
5709
7515
16304
13468
12064
4710
4902
11517
8172
946
15949
13958
2348
873
15193
5313
4371
1106
1362
1040
4233
5783
15740
5486
3260
8684
10467
15845
2330
11798
14316
2995
8963
12886
6287
13633
14531
1497
16089
6411
14245
14005
8925
8381
6675
7290
2450
4487
16881
7706
9296
12215
10282
2222
9404
3920
6699
7167
427
2684
8547
5310
6332
16027
612
16128
13325
8432
11571
16994
3895
3076
9634
4093
14558
4082
7360
14789
5976
3182
2134
14748
584
9107
3554
16222
898
15111
5992
864
8638
5813
14100
10810
2354
3262
13061
3247
12111
4381
11683
8245
4814
13014
11841
5365
8763
7746
8373
11944
14375
2738
11349
11523
2252
4830
7468
10697
12306
1193
3393
16028
11583
9090
15064
6416
5130
13465
10274
13620
16960
16491
4672
2174
6344
4165
4165
9601
3633
2513
4377
1149
15571
12240
513
3964
11586
13132
5556
13524
16847
4272
7225
12110
8802
15847
8988
770
6386
9110
12023
15765
11684
8575
2437
9384
3610
13579
6498
12390
14666
7091
16182
12578
3984
9810
2200
11562
7590
11114
8215
13556
16759
8306
668
8987
5979
16570
7347
13910
16620
10699
3081
11341
6288
15013
10791
7321
591
16421
9572
11599
9116
12819
5713
12601
9465
3166
5941
16281
12427
13012
3041
4907
11924
11138
16462
14270
9815
14973
16986
16342
10414
6642
15826
11545
14423
11888
7417
6795
11797
4568
12263
12105
8899
16694
2437
3735
3019
10471
412
1526
11476
14982
11813
5598
9267
7365
6731
12363
11024
5196
12828
4855
9833
3425
16631
11100
6501
4053
15800
12356
16830
8535
2759
4399
9673
9527
15110
3888
10818
3081
11345
16621
1480
9595
2119
8985
9727
15957
8487
13199
717
10156
15574
8061
3404
4451
12533
4635
14214
9039
10239
10430
14639
22
11080
11030
5788
13659
6121
10368
10817
11184
4895
528
10776
10096
5333
11543
16702
9527
16030
9253
8895
3473
11796
9500
882
14756
270
12600
11767
14772
1835
16254
3548
13473
15406
3992
3687
5974
15962
2179
7798
15808
2220
5549
10098
14793
1000
16630
474
9648
11660
2354
4044
983
3833
9536
774
3817
11095
2098
14219
3198
1968
633
13193
9492
7517
9420
7942
4411
14892
15741
10931
2357
4379
2440
4513
3729
8518
6169
15056
13051
6061
4473
9191
14697
13737
7108
11893
812
1637
12962
15486
14353
13745
6889
3425
459
14041
3275
12286
5783
11788
4361
11957
15996
11744
3268
289
1845
15515
11443
1316
13588
15997
1254
13348
3588
1073
9094
1427
4635
2250
1871
9748
15826
2482
6131
16825
10819
9406
772
26
11734
8717
16949
8776
16504
9031
8749
3599
6248
939
13522
12217
1183
1144
8526
11672
2468
13653
7296
16508
2465
14484
4282
8274
1949
3968
6114
6125
12863
10656
10776
15166
12595
6868
16195
8983
10205
15428
15096
10382
2495
7136
15840
8109
5080
2882
16196
2278
508
14128
10160
9003
11682
6141
15305
8243
3614
407
10532
12649
10539
563
8421
6743
6556
1556
6817
7136
9847
6163
4328
474
2574
5233
2474
602
2436
13407
15485
13442
6577
10278
8576
5637
1994
4643
2327
1099
8480
3978
8140
368
6403
11011
12998
11735
5666
12954
2673
773
4610
5760
2818
11584
13841
3384
4700
16909
2613
3620
3596
15328
8494
14156
5133
13502
6309
9096
3681
5031
6848
11006
3902
8808
2187
3437
2576
8732
6404
9882
7128
9578
13066
11383
2465
12602
715
16793
15114
10290
13361
13979
15669
7749
6993
3518
16980
5786
4768
12610
15386
8794
5345
5222
7381
8435
4271
963
15678
5874
3124
14967
5050
4189
2916
573
13049
582
5681
13201
7280
2620
3507
8081
7821
14044
6539
3407
13479
10004
11757
11020
1151
3072
872
1639
2966
8734
7180
15762
12501
8139
70
16941
13995
13193
8082
7068
13511
5936
2990
4539
1882
15944
4831
554
5463
6105
923
15196
4371
3986
5018
14801
6563
2662
3697
11332
12414
7524
10460
11702
15544
1141
8392
14233
16087
10665
7826
3969
12814
15762
16431
9300
3628
3202
15641
8323
13120
11649
5755
16608
14483
2118
3506
3751
11962
8246
2880
10074
927
15611
11293
2684
16667
9979
2188
13639
9730
2122
919
10744
4683
6642
12984
15424
3026
11774
12750
2358
4819
558
5328
6312
16893
12293
4345
6609
11265
3110
2440
4764
10190
15029
4298
15798
3211
12418
10270
16474
16904
4488
11837
4814
2977
11795
7709
11010
7431
8960
2688
16817
5869
11366
9333
12439
9932
1170
13411
8579
11875
7978
5837
9527
4895
16511
10367
12826
1411
9829
14420
4382
7220
10830
10369
3685
16884
7338
2409
7734
969
10571
15917
14238
1136
14989
12455
4618
16811
2139
4372
1721
5085
5844
2269
13014
14686
5069
9768
7370
12360
2992
7240
1752
4988
4873
3533
12778
4753
13921
11472
1146
8610
2868
5200
482
13731
9878
9602
3805
9928
15186
3993
1070
3674
2586
10626
7446
9359
10978
12258
1108
6613
16775
16862
16492
8738
1166
11975
9170
13091
13342
7416
6367
6887
9551
16397
9210
6055
4204
4530
7403
12781
5820
15373
16168
10942
6263
4441
2434
11126
5940
7111
4954
10750
7615
9603
11933
16580
16486
4553
15711
10263
2421
3675
6331
4468
336
13480
8504
16971
3870
10698
536
5744
6957
1747
4410
13294
8496
15325
375
9966
16989
10181
12122
9528
14226
16763
11168
11492
744
6873
1550
4592
7496
15750
14010
606
6162
317
15210
6456
16653
6463
14185
13571
1913
2745
9064
8549
13183
13099
737
14509
11826
16615
12446
5686
13767
8434
6920
11559
5575
5362
6268
10162
3717
14876
3991
16039
7059
3441
1835
9900
7967
13908
1137
6875
1787
9795
12166
11864
11706
3471
9563
3405
7414
8321
12828
9293
6983
10747
2018
2497
11486
7361
15987
8490
10423
11826
10887
12348
7805
13415
13926
16426
1863
13014
9677
44
6880
14875
12064
12378
413
11756
4817
6716
71
15503
10254
2800
16944
13779
12529
2654
1426
14392
13937
12427
13675
16532
2901
11944
5253
3594
14777
4311
401
13465
7849
13658
16388
10478
3746
14064
14882
4335
14000
15660
751
5054
15514
7931
6629
6654
7610
3418
4879
8092
9040
6938
1931
14357
11822
16457
13870
2600
3079
1382
11514
384
11416
12817
16779
729
5096
8004
2943
4908
6548
11802
3011
14144
7899
16635
11042
9135
5904
8097
4272
11042
10606
14162
6229
7026
11062
9514
8686
7548
16427
3396
1821
1416
2087
13204
16152
1839
5230
16933
12647
15246
12912
7474
12519
16491
9965
11923
5780
5291
4824
6854
747
15533
2638
8703
805
10015
14752
10622
3175
3387
8963
7916
9406
13493
15729
15121
6280
3188
11592
12844
3054
11282
2369
1632
4182
11762
13803
12664
4821
11477
5270
13359
16218
13889
13115
3150
7157
12135
8960
16339
7790
11359
6322
7706
13842
14186
627
7843
6927
9628
763
15759
4441
15692
11858
2080
4702
13065
13131
4261
9187
7802
7525
9007
6226
14794
14731
8170
2971
5527
7019
11827
15471
10630
3316
7739
12115
12396
11600
4117
8905
10875
3393
322
14331
10575
6904
9998
2569
9468
7720
5398
9762
3910
8409
9041
15078
2213
15241
9840
15178
8179
2676
13987
5165
6202
164
10898
9863
3975
16109
10820
9058
10069
10615
1008
6344
8872
5510
14782
14732
11303
11646
13320
5925
2245
5439
2250
14356
8036
4088
15899
12822
2462
13360
16343
10925
777
13032
5707
266
10798
11869
15045
16573
3311
12745
9541
6589
12283
9489
14131
15634
7559
12289
12118
8056
5578
12355
13022
2078
1437
5478
4832
15308
365
9323
4556
13756
13662
6243
867
10318
2254
1805
6978
983
4588
16588
8438
10869
11219
14524
5859
401
998
6205
149
5311
12074
13656
12162
6697
3594
10238
12338
8263
3147
14672
508
16643
13734
505
14942
6585
14587
1160
2120
10900
6511
5738
13166
4364
16909
6852
7240
15155
16018
9638
10624
8694
6376
5394
1528
14513
4425
13204
13573
9083
4526
7916
8851
8049
7875
3574
3967
9846
7472
11299
1979
12512
1151
15952
9209
846
6884
84
14384
7669
9638
256
2924
16218
5305
4382
14973
2690
853
15324
12614
15445
7743
5874
16943
5208
5338
12166
11618
4890
2522
8665
4639
13687
2373
6939
2972
2424
2326
10409
8901
15019
2878
3527
4379
12470
801
768
16508
15623
15803
16874
9024
1031
3469
15103
8419
11614
11232
6309
16075
13720
15541
4727
16752
188
6526
12789
13067
1341
5028
15415
8892
15809
10510
6023
6540
5583
3419
9507
8827
3685
8549
8929
719
15696
5226
14150
13163
12957
9408
12647
12319
12612
5596
4841
13865
11388
6095
15779
13256
3377
15693
1993
4121
9586
4659
3716
2088
5351
7428
9612
9181
4432
9313
7415
7288
9833
13947
11452
9194
9474
2054
9944
12122
2010
16660
13282
10600
1443
4634
15642
7377
6472
1427
10739
16376
9867
6663
794
2766
6124
2696
16294
3597
15892
15169
10055
1423
5784
11580
8636
10261
13232
11574
6908
16655
14014
5248
3366
2904
7668
9333
2780
16858
951
9811
13506
9557
7960
1904
12525
5423
13305
5587
6886
5529
10149
11427
957
3694
5855
1888
14651
8113
9228
10524
16904
13850
8965
13630
8626
1764
14789
10147
2439
9086
2153
16697
16266
7188
11213
14129
3937
5249
11683
15352
9063
10131
6582
16674
13173
2739
6613
5420
3892
13640
10075
10021
12462
14079
1842
2847
1722
7465
4160
2264
1222
2097
5890
2808
4774
7288
1526
2742
9898
15015
8149
13419
1030
5665
12476
12531
11932
14898
7547
131
15676
12887
16142
16483
16979
16403
9762
13850
11577
2708
15442
5256
2916
13632
9383
14021
3434
9095
16062
14707
11364
12494
7523
7642
5711
15133
2155
4128
9972
5558
16663
7306
5654
12282
11412
10388
14027
4394
10120
12785
2972
7567
4079
15744
10319
14214
14299
16259
6836
11731
10394
15597
2676
13361
8545
16975
2421
3916
11134
1590
8146
5547
9092
9189
5815
15733
14552
6539
12683
9919
9760
13401
9990
4911
690
7746
361
8080
2458
7903
1965
11714
11086
2366
13964
1045
16140
1878
7268
16586
3227
3594
5938
14342
3918
2728
12539
13300
15925
1276
6285
11686
4862
3077
7108
712
12513
14956
7184
16593
14473
16869
11508
12830
4765
11220
9425
7341
7679
7149
10553
2363
7052
11279
7248
12858
16386
15510
15069
11083
3368
3035
6806
6044
6374
9035
14377
1222
15398
5697
11975
12157
15442
8312
11874
10500
7285
6554
12240
341
8334
9710
192
15867
2518
2889
984
16228
2427
2811
15321
14333
3005
10493
14003
7652
11757
340
6418
15228
6270
12101
10586
9617
8307
6893
5558
11033
2608
14635
13003
13650
11077
8245
9380
15989
4117
16412
9975
5047
10757
11005
5236
12728
14015
1932
6414
3242
12862
5911
6802
2584
10140
10620
28
3856
9608
3312
2217
7895
16307
7422
976
10319
7601
9848
10449
4231
4004
11004
743
8255
16700
7966
8058
16271
14500
16918
8668
10771
4350
15918
3246
8165
4230
10811
16859
6071
3659
5109
6146
4826
12378
3996
6265
13793
10461
745
204
3747
11729
13302
2197
3841
2173
13843
7790
6061
5110
9358
10170
6194
10311
10526
4081
1806
14886
9396
5754
9409
11378
12791
4819
11136
9200
258
5699
10795
8325
12988
4041
13511
9798
6684
182
15288
16507
10471
4597
3231
3850
1928
3738
9396
247
16922
12944
14856
10777
12013
957
6874
11632
11114
12064
13076
9635
4589
2283
9577
4798
10742
2307
2589
10488
2964
4644
8385
82
3207
12602
1745
6516
16016
4746
3276
7953
16623
16559
9816
12067
177
9272
4303
15834
14804
10782
14346
6909
5592
6468
15296
14699
10363
11151
5427
14715
377
13965
12719
11039
16703
13169
3295
12247
14490
10092
2807
538
7889
1457
648
5975
11876
3295
10251
12058
7663
12761
11789
1291
9983
4937
5451
568
13191
2904
5003
922
12351
9011
814
8501
2802
1288
12078
11960
6395
8438
5487
16981
7540
13666
10013
14915
5202
10414
13139
15998
1832
6564
10811
2496
150
15448
12215
7385
6725
12195
7050
12682
14282
6540
5267
9936
5381
4432
15423
15707
1357
5163
14123
5358
2051
1983
7931
417
2847
3753
6994
11666
10194
12403
9982
4290
3209
7419
12767
10995
9162
9003
10572
7535
7031
6322
11449
9028
6196
10296
129
6156
11518
16342
6701
9089
698
12044
1182
4174
7232
5124
5820
3056
16706
3491
1483
12819
11732
13344
13815
6561
3130
3853
9997
15429
15424
5435
453
2574
11138
12178
9767
6351
10689
7157
9833
4539
5815
11908
8098
6334
5367
11515
6862
11622
11044
4672
10567
8088
8620
3946
180
10135
16616
9540
12632
1880
11891
7809
10194
16353
4500
16538
4749
5591
13626
2851
8115
9063
8372
9163
8131
13556
10834
15050
9123
10111
16579
13421
5204
5573
11347
100
2209
14922
5801
11237
11475
3067
12635
16410
12277
16265
14534
11549
16542
6945
5478
8123
9880
3057
14157
11822
16644
14565
15844
6837
11560
695
2100
4407
983
16509
1655
9620
12555
341
9136
2652
11009
15723
14404
10096
12848
851
6131
10358
9064
8233
15695
2595
7683
4381
9816
10569
8131
12925
12585
13176
5880
6043
3731
5433
15964
4494
10611
11037
14893
12028
1330
10804
2837
8716
13746
15689
10570
15369
15744
12634
2981
14123
3531
16238
9721
11448
2223
6039
3706
11848
6429
1711
7368
2510
8835
5167
11726
9994
9171
14491
16835
14819
3875
14097
15901
7834
14801
8960
11332
2210
11425
6821
10
2387
16644
3824
12389
9557
1390
5085
9327
10986
11589
9239
10019
11628
16121
2551
955
6526
9708
10194
898
9191
2071
12584
8099
5448
1046
10529
11740
5671
9809
11506
13435
7636
7832
8397
5180
13137
8707
2790
13988
6254
1875
15866
15997
15178
6136
1467
12102
12038
4736
3182
13365
12571
5113
7597
4332
6788
4459
7927
12230
1262
15165
12317
16716
1627
682
7521
13201
9046
14872
11583
8646
13585
6557
14181
11458
8331
206
12023
16122
16957
4965
5939
15449
5459
6862
12739
12540
8144
350
16976
11357
11369
16441
15579
9337
15100
15350
14088
4792
5618
12817
15452
16417
3359
6486
8549
13936
3195
8165
9040
12165
14912
4134
1068
8345
12124
9729
5486
14327
16577
11250
3327
781
1671
10376
11736
13150
7483
5097
5550
11822
16760
12508
5255
2441
12228
13450
13692
12792
12838
10777
5569
6865
4947
9639
9783
3290
456
2543
203
15233
16258
14875
13616
4363
16577
14151
2239
4479
9835
15165
16287
5726
11669
12835
14031
9602
12155
8149
4999
12944
6841
1415
2311
59
14170
1780
16495
3622
8293
16236
15822
6478
10777
5101
14247
8602
13645
12673
2373
8736
15193
11960
11063
10117
12323
7098
910
14928
12906
13619
5947
7947
12735
10955
133
13879
16545
7961
11169
924
14007
2563
6418
15762
8856
7245
16504
14839
10078
8884
11965
316
4321
12213
7082
13246
11408
8062
16216
367
9043
7057
13762
10406
140
9993
10248
14785
10411
10402
9071
7974
4152
6130
9916
8889
1500
4229
4871
2556
7208
3641
1092
4065
511
13856
16652
12741
4480
5523
3826
8890
2787
8441
3858
16340
9564
8388
13548
5333
16501
10156
9102
1952
1798
11962
14799
1742
1552
5891
6032
16744
9760
11559
133
16257
13975
829
14225
327
13925
13285
14280
16623
11973
12617
7741
12170
12900
4553
9484
10711
9091
16986
6706
2774
5205
3690
12320
1031
6682
2522
6559
949
2273
10544
7709
3098
1044
14704
5693
14039
11693
12351
7821
1648
10519
8580
14697
1123
215
3883
7221
12179
10241
15903
8767
11597
1127
10156
5643
7902
12372
1366
4392
4799
7903
2641
8023
10494
12075
8022
8580
4074
1515
5118
5709
10786
5155
4406
10816
11611
849
8696
15810
12813
15171
2922
1089
4048
2882
3804
12426
104
11747
9835
3655
1218
12495
6286
9624
11346
13232
5665
5378
907
9084
7598
13870
7698
94
1092
10872
2807
3679
13433
9271
11560
5372
16292
9748
9220
385
5744
9180
1833
16459
12086
12320
10107
7323
6858
12092
14818
14607
1543
9020
5622
1538
4234
9937
3826
11132
1440
11595
15002
6036
8141
8769
5306
4209
4482
8901
15964
5248
8114
5979
15422
7888
11313
14447
15958
13817
8649
15733
2250
10051
195
10068
9752
5739
13047
16460
3743
3976
11512
11319
15929
15092
1910
1396
5837
16718
10345
14350
2613
7388
7118
4139
13601
4517
2466
3624
10453
10541
8833
14802
11574
1882
10577
6175
14380
6075
16424
11443
5445
12960
13710
8447
8399
10196
3593
15571
9471
8671
1795
3812
13170
968
3138
8905
13238
16440
2860
10743
10487
2505
14028
9829
7482
13278
14309
12962
10591
8884
2242
2689
4808
4790
15136
11159
3904
1022
5025
5475
10986
951
2150
6404
2687
10984
2152
441
4259
15403
1731
12865
2213
7451
11039
722
5761
387
14748
16567
15700
364
3873
7955
10419
4463
4633
5722
2537
736
12035
16615
16163
4251
3437
1824
649
2184
13652
13598
19
13450
10875
13768
6637
9862
4541
9095
5905
4367
4928
4571
2832
13662
12985
16029
2852
8030
16341
7262
11629
9502
9499
16612
1686
7967
3380
709
14595
445
11276
3228
5346
4571
12632
10649
5067
1023
659
3237
10644
6940
1631
16235
9406
8582
10229
14433
8142
11881
2705
8022
9600
3522
15533
9878
11943
11119
10991
384
3642
13314
3402
14920
9091
7120
8958
6153
3561
4736
10181
5330
13648
3840
612
1865
15842
11185
1497
10006
4060
3466
12927
10382
2287
4266
4492
16920
8842
3175
5371
19
10353
5419
6290
8038
13812
3254
16082
10842
438
14031
14198
16762
15791
2764
13123
16691
5473
3050
15403
11798
1244
5598
13181
8834
2422
10329
13292
13614
16578
1602
8762
8364
5972
1101
10482
8073
4031
8545
12767
6009
13283
3120
9572
6216
2238
6279
13024
12971
10614
9789
13045
9149
1224
11433
15022
14894
16592
6724
299
15381
7013
9453
6226
8413
16672
13091
14676
1358
801
11493
5993
1683
11326
3341
14984
281
9209
13412
9295
15319
9493
1703
2524
9032
7557
12078
854
7085
16001
11861
13883
11512
54
13604
10806
11596
7736
11585
2340
13904
11198
7389
13948
13154
6091
11772
11177
3416
8204
6654
7549
5441
6451
13907
6923
6083
8503
7707
9193
6101
4766
10370
1904
5812
16296
2267
2426
6884
5113
15252
16575
11620
8058
8671
11140
6820
6980
7464
11305
1146
13155
13722
16532
5855
11235
12901
16503
6385
5914
10658
5499
7497
9066
12735
12640
6629
14025
10285
16874
7672
15326
8982
15985
9469
3593
749
11821
243
13856
6646
236
16370
14682
8140
13930
14076
16866
16145
10308
3702
2802
10920
11585
5101
9905
8582
10909
1902
6523
391
1459
8758
9091
5637
5230
14880
15415
2075
8476
1957
2256
16960
6272
15029
16445
4512
8154
6667
1115
2188
573
6703
6339
8952
8645
13014
6712
8205
10299
5364
7523
2429
15567
2953
6069
16772
12753
11464
16624
12703
10028
4876
14546
3092
5503
4110
12544
16505
11656
5122
15683
10392
8719
2096
8833
12720
7445
8318
14434
6207
8960
9642
7189
7667
15492
15756
14263
5176
431
3042
3896
8723
12760
5062
650
12878
2245
12546
10494
2764
6841
10356
5397
7332
7622
10108
12615
5586
84
1034
6308
6736
16822
868
6885
8061
3453
3949
3486
5516
11395
1498
2322
1189
198
1966
11891
56
7352
4397
773
16461
16479
15573
1813
665
12341
9248
11779
16251
4494
3190
14345
15421
9985
6544
16015
11142
15886
9775
9597
8556
4891
1419
14564
15927
12162
12079
4297
4624
11114
10794
1343
11496
1320
7209
15136
93
14905
15447
359
14367
2463
7966
7789
16609
12367
8255
13463
12395
10043
11806
8160
2004
3728
569
16104
4597
16726
14903
11545
8697
4287
3949
1881
3040
30
131
11537
2035
7366
3374
5833
5138
8980
9478
4181
9664
2970
1600
4345
9888
4744
13934
16284
6945
2761
14961
5100
4701
6655
7425
422
10287
15300
7387
16983
12011
9967
5329
4148
1495
1911
3256
8003
12543
13975
931
12149
14495
16126
8716
11952
9465
442
3803
2468
11310
7080
3295
2754
14417
10850
5161
1284
6927
13637
11648
8293
8251
14702
12094
10750
1006
10137
14154
13682
13899
3462
535
7399
16209
1657
6914
12938
4193
3195
8776
3045
6919
10882
9758
6287
158
9098
6522
15216
6980
2166
8583
151
16701
12431
2862
3835
2179
2840
16927
13098
13450
16180
8487
12905
10410
13532
16668
8465
5950
14497
3419
218
9465
4522
6674
9599
14544
5363
5282
2757
9154
16530
9404
10401
13684
1847
8733
4422
9970
10911
5356
8927
6648
10397
2728
15175
14270
6390
8302
6898
11738
6471
15143
11752
12527
2181
7441
12358
7387
15857
7716
10464
5574
134
16381
14831
15126
15296
999
12027
9439
5051
9900
13885
9944
8813
16924
4012
1354
10617
16749
2330
9737
1217
5552
10258
8165
2607
14844
9488
2562
9816
900
7796
15530
11654
10891
8421
13701
4184
15408
9014
5759
8936
6372
7928
15736
11800
11888
14236
10809
15458
14340
14883
961
16067
954
372
5391
340
10857
10897
11074
7653
10686
5190
4037
9029
5876
5574
16934
15178
3084
6932
3645
8665
1952
14252
15578
10027
6105
964
4791
11989
10976
12450
9172
1802
866
10995
11850
14551
13852
6676
2175
7754
15718
10641
4280
2280
16772
1160
10509
2714
1479
11473
12813
9739
14835
7620
3683
2953
5209
13663
11000
13349
9733
10907
11768
6536
7498
2362
11081
15364
13248
14471
13157
5421
4888
1457
13233
1970
16894
3773
469
16380
5333
11048
5268
12538
13913
3534
7798
16541
822
16770
7465
71
4678
170
14679
3587
10127
15773
9120
16201
3754
3388
4311
5393
14888
12483
178
5681
15311
867
2228
13116
14778
2061
5669
3921
8919
10964
1129
4181
10922
11375
85
8974
2295
14731
8717
6582
389
13025
14203
2488
4094
3009
3267
10274
2442
9306
7730
6182
14403
13564
4164
647
10875
11148
11772
3333
12841
7412
1062
15596
7635
12533
6000
12551
117
7513
2408
11197
6328
8569
9991
2510
7158
3472
8731
14028
7226
12107
946
1328
15484
2469
14034
9727
2162
1578
2005
8321
2730
13696
10810
5911
8316
13814
5495
16342
5500
7434
4258
10028
3444
1194
10303
8862
5169
13550
13612
13187
7044
1264
15240
825
9785
4218
25
10754
940
9563
13413
16618
9151
4069
16449
10576
7640
6
9245
5151
1959
16872
13520
2256
12662
4543
8136
1157
6441
10431
3953
11188
9468
3312
16551
6246
1412
10135
6511
2411
16805
14026
3495
13340
12891
3359
4222
6397
2237
2657
3582
8013
2523
10441
13686
627
12352
2117
8020
10927
5866
7503
9248
10546
3438
2757
3787
7218
10617
4872
16502
15734
14378
9635
10303
2579
4315
7026
16246
4249
9782
4348
11103
9245
6067
9071
13064
8883
9703
7559
3665
5663
5817
2370
1747
920
9495
9435
889
13330
4293
11801
1211
4879
14173
7643
1786
2282
16754
3714
7774
5711
8342
14923
10922
7650
11724
7751
8609
2018
12072
14497
810
10338
16482
11164
13023
1188
13393
10550
7676
8498
13524
16741
14498
8939
2371
4285
11443
822
15173
363
14855
9453
5259
15744
2293
1753
14385
12581
11078
14822
4213
2968
11548
3484
2792
89
11768
11473
3873
14835
2504
5822
3313
12850
8535
3812
10841
15749
16526
15146
6055
11056
7328
2359
3312
562
3220
11542
6815
3605
15027
9955
7443
1263
8393
4808
7895
7556
8489
14596
403
12638
14889
15721
9776
13434
10005
16848
5129
4888
7903
1267
7157
12135
5788
871
3145
10746
1305
6940
14321
1003
13596
5003
4551
2195
8807
5835
15996
907
11040
14295
12316
7002
3684
151
9751
3523
5113
7818
9345
10961
1411
12445
6002
2098
14830
13675
385
7086
9138
6032
4164
12483
16029
15379
6355
7839
6890
11208
13795
6424
6263
13056
15494
6155
5532
16694
11919
8231
3647
2550
1779
8013
12981
7539
10723
3423
9395
3589
16726
1066
15850
12478
748
13273
13033
13600
11597
4047
6580
10781
5407
585
13011
12002
10231
9805
11229
11944
4414
16715
7571
14488
1477
5799
8793
16875
2812
1464
11671
16619
6699
2937
4622
10570
12140
12241
933
12237
1415
14736
1739
11828
14533
1544
463
16560
14393
5085
11292
5554
11360
3627
8896
13076
13769
12124
8963
11566
6104
7218
9749
3288
4708
5983
14768
13127
6616
4502
11549
6126
6343
3237
9026
6177
12528
9618
2801
793
11409
4543
13852
11335
2224
7859
6028
9959
7309
2487
5904
15955
1619
11689
3139
14352
8997
8576
14310
257
1941
46
4221
6079
16760
4595
9070
7113
14765
9243
3603
13022
13212
9710
13521
16364
11651
14735
10329
12355
8756
11196
16459
11260
3210
3001
9491
8392
210
14073
6420
9270
15375
5011
11672
2612
9045
7053
10265
10176
7319
9687
16602
7652
3108
8902
12527
3149
16524
14955
3628
9254
609
13384
12585
4230
12137
3302
13018
8962
3791
7854
7924
4728
7417
5930
1907
9233
7252
13951
7089
3050
595
6186
7386
232
14743
9484
14875
10037
5608
11707
9072
2131
8826
8894
6932
11532
6563
14044
3235
3668
8552
9146
3468
1659
11111
8159
15538
15523
3176
12406
6818
11458
11148
8776
15582
13940
1856
531
4776
1745
11787
4218
11387
2782
8746
10554
5034
6971
11684
7239
4100
14048
16841
8105
4671
11629
1015
550
8129
5996
13948
6157
14630
14965
11927
14068
8644
7494
4018
959
9754
9237
11584
8606
12535
15036
15748
9657
13150
3151
12722
1979
8303
12612
15190
13976
5929
2592
10202
7387
15284
410
16862
13089
11307
7206
5064
7500
14222
4305
3467
1293
12022
1612
8747
1401
16729
5631
16278
4783
13
1315
9190
15099
14073
3331
2604
2746
7991
9208
6238
10970
15862
16032
585
5621
13364
9195
7490
3635
15849
16521
10373
10192
14822
235
6241
10657
14380
16573
5483
1406
10714
14988
4391
2461
6190
12226
9157
235
15356
1475
13815
12927
16404
12762
12609
3237
6782
6053
3809
12644
10041
14563
11510
141
8513
3446
7933
152
5214
2000
3983
6852
4769
12790
12582
1499
10098
1115
14182
11848
3140
11331
2312
16246
10570
981
1922
4958
14171
6363
5418
15436
6817
2593
1241
6135
1088
9696
12060
3643
15729
10534
11254
7509
6214
7644
15618
5266
176
14460
8227
9644
14892
2420
1198
8667
16436
12779
12615
11467
8889
1047
5217
15663
11998
5785
7314
13715
2209
11622
7738
13158
14306
16786
13028
204
16470
9571
5260
8334
2869
1719
10193
13260
8871
15291
7460
4625
15453
2978
15590
11241
8532
10870
1345
15378
15860
10518
7389
12867
6430
10891
10586
7981
7661
1400
8477
10901
6292
15519
11723
5187
677
986
7242
8075
2985
9340
15655
10446
11083
16933
674
7163
13078
13715
1510
11511
7215
1540
9901
3926
9414
13637
12713
5092
13814
10613
11004
1685
8196
11187
11129
9773
1132
6416
595
10062
6782
2251
803
5364
5624
12904
2727
7142
3421
2291
9510
13411
6259
16375
11424
6221
4506
8070
13162
14591
4592
12227
12767
1231
6322
16316
8490
896
16917
16357
745
14288
323
15067
6899
632
2073
15087
849
9733
3244
6154
13466
5849
15787
8619
9009
9087
11840
7218
12354
9226
8593
12760
450
11920
6251
11949
7427
5936
11102
15686
14142
7397
14827
6929
8163
5102
11473
1614
7940
4300
4175
8452
7729
10735
13236
3244
10324
11077
5563
3550
13004
5200
4491
15575
5991
8563
2890
292
12047
4721
6217
15245
11480
2042
7962
5977
7312
13298
8110
529
4420
2480
15403
14916
16484
7000
11330
3807
4125
1077
11879
6182
4797
14199
3754
15964
10995
3700
10683
14539
4699
2063
15562
8032
8273
4810
16428
11214
1678
16208
1378
11717
4414
4236
12859
9294
2626
4783
11609
2831
8464
3274
7817
13862
7000
6985
13300
7219
12442
14288
4763
2174
5051
7277
6487
2242
10799
14825
2550
13821
15424
8380
2202
805
16628
276
12867
384
6684
9498
4973
16559
14457
3833
3676
9425
13962
10108
5603
14464
8248
8122
11717
11554
746
10072
2467
14711
13684
14660
10331
1681
10186
2570
9185
7092
14107
8301
13656
9724
3777
16595
2937
13366
6860
16325
5684
2604
13718
15698
2164
12664
15017
1599
1485
643
5333
14125
289
14867
15390
11679
15519
13991
6993
14510
15197
3680
2679
7314
13092
9375
14507
5104
12074
12173
16205
6803
1982
13898
8721
1856
10963
13445
5641
13154
7447
9221
16711
8206
11798
8722
15511
12876
2431
6323
14017
11115
14856
7621
5924
10064
5469
11708
13822
3219
4700
16649
8376
14150
4332
8928
7678
14242
12028
4861
4981
12743
8120
11131
15556
5576
10797
784
10213
16154
4486
3769
661
6167
2583
157
5487
2306
11327
12336
14815
9777
10099
3175
11113
5554
1052
3130
5274
6308
5587
3443
9375
8651
15451
16522
5322
8055
11404
3658
15427
5842
9448
1596
9202
12836
6014
2341
1906
437
8676
11999
9729
4318
3514
945
9957
15020
16202
7116
7889
16866
1739
10659
14604
9506
76
4365
11802
14471
10205
10099
3644
15666
674
12464
5859
12279
10737
14498
11498
7652
5690
940
13785
9678
9398
3021
4398
7351
3272
13729
5846
168
4713
13665
6441
5990
15360
8025
10339
9380
9333
1279
4478
10789
2286
379
1733
14781
11819
4007
13756
1179
10660
10300
10323
1045
12539
11326
4841
5416
9620
8174
4533
5265
15825
14050
6352
989
6321
1698
16582
1218
14992
2042
1644
10520
4434
7143
5987
12904
3065
6880
4794
14223
7887
11587
5186
2614
13613
13664
10586
3994
15041
4670
8475
67
7598
13576
6742
5667
13534
548
12082
16372
12138
14776
3825
10342
6882
9793
10898
15253
11287
3361
8209
4555
9094
2164
7242
14175
5632
7855
13622
8145
2500
54
13740
4248
13070
13681
5456
13683
3088
10882
361
6688
1910
5333
9371
5844
11144
11884
5797
13592
16377
134
854
6652
2813
9580
13385
9050
3391
1072
16975
16218
6703
16386
16243
7454
4307
10096
1944
14401
12517
1505
8999
9241
11090
6934
1053
8493
6442
16925
15529
6221
8747
14276
9203
7069
3184
2095
2832
4101
5759
3461
14098
8376
15776
317
16445
6127
5114
1689
3572
15010
11912
11812
8097
12786
3488
5509
12475
4789
16307
1792
98
10303
8384
6981
15886
4586
15556
7512
13101
4898
8204
6620
13588
10712
8371
764
13293
11264
302
11896
470
7913
5645
14584
6314
6648
13308
15160
5377
9729
5304
7992
5347
9156
2573
5743
4193
2184
3187
4508
4276
3199
14330
1832
8399
9581
6986
6227
8335
9389
8853
9033
8884
7218
12400
11537
4479
463
13668
10402
8347
237
2163
7322
1608
599
14766
10893
10306
914
7364
206
6648
5350
4836
1085
14753
12283
11731
9877
2769
3338
13825
15185
12768
3850
13806
5794
5476
8124
6154
16823
3485
13667
9514
2074
12438
11507
2527
15243
15316
9237
14536
2012
10718
5940
5191
11927
16012
5743
5881
8591
16132
1675
15271
13802
10176
6756
1914
3120
2996
16817
16012
12588
8771
14169
13785
1171
16785
14021
15739
9797
8538
12436
5821
10279
16505
2029
4135
1323
16238
6404
9585
1397
5127
5212
12955
11882
11191
2741
7688
1255
14627
8027
14771
5811
2569
16467
5458
12155
12132
5066
8367
5616
882
13091
13118
14598
7166
16029
9488
4939
81
775
16069
4570
14060
10625
16961
1020
12464
96
2749
15827
1454
14629
12694
4098
5707
4612
4395
9723
8667
14172
5592
9582
4135
15559
10695
8611
16681
1111
10382
3973
5115
15315
4939
443
1191
3357
12460
4116
2785
5098
10012
13959
4289
1133
13416
10636
15341
7992
855
1441
5243
9968
7199
4845
15900
2467
16933
3395
5140
14857
12020
1628
8614
252
10271
4860
6061
1622
8425
16831
8653
14766
14993
1159
1471
4238
16644
13989
15523
14123
10938
169
5712
6506
10187
16104
9047
11908
7642
8378
3166
8950
3047
12316
3960
14575
1611
344
7881
5150
1444
2983
3648
12784
5601
1201
4893
13371
12175
3985
8185
1939
16025
4063
4181
3478
3782
6811
7211
6773
15197
11275
14753
3353
35
10217
13252
1656
13669
12268
12336
11579
4185
7538
14933
517
14294
11927
4406
12306
4957
8876
3196
13561
12039
6430
16167
13696
3269
16978
4460
5138
175
5051
417
4720
5748
13855
2837
16753
6200
4788
14614
991
908
16162
9482
7760
14438
2461
6639
3341
14009
5130
12758
16227
5656
9027
12961
7627
12588
13897
10070
12904
10822
4245
7475
4205
7765
4147
16705
12984
7048
4315
1086
14743
9440
14149
15562
9478
3725
5345
9491
15217
857
15736
6716
11748
10985
4098
8488
15493
6439
2765
4996
15314
13485
9550
3395
13109
9884
12000
8787
153
11570
4166
14684
10391
6330
3262
16593
4218
13917
1957
6263
14115
14407
6713
15554
11009
15245
15446
8487
5360
5642
920
1868
11957
12696
11826
7452
12052
16579
8145
2943
8767
3025
2097
1165
15363
14518
2001
15491
13680
16836
14981
7238
13861
5752
2912
15117
13413
512
16828
14779
4266
7984
6880
14377
10012
14995
15124
3107
6902
4303
8468
11577
16622
889
10607
7605
14919
1352
11147
1860
445
7069
13454
16013
9284
4600
7083
1743
14476
10278
5856
10856
1757
1750
15856
11191
3556
12691
2210
739
14775
14915
860
13156
16443
9599
11301
7415
3319
1603
11422
14320
908
11701
2796
6280
4012
2850
2686
8109
12387
16612
8517
14496
10095
4736
5252
16802
15408
15363
8677
4232
1491
13581
15446
4014
1513
6694
9734
16016
6815
14532
864
1851
6841
2935
5539
10946
7992
14635
9451
12204
12398
1669
9024
3290
5650
14113
648
12654
980
2064
10924
7088
11454
7095
8052
1530
5068
14266
8600
5787
15314
14303
14236
12753
5641
4679
6038
3119
4942
13504
9511
11230
7663
3845
4164
896
10427
13023
14817
10023
3965
15444
15065
6788
8227
8454
13868
3524
2553
10399
5581
29
2110
1856
12150
5734
2608
7377
11010
10724
5753
14826
3455
14833
6157
13000
447
2678
1022
6548
3817
9546
9078
1989
1057
6419
12296
430
10048
568
7764
1098
11545
4793
2981
16667
6306
12966
673
11097
16627
3685
9812
5944
3118
4303
3713
7675
3874
6025
1351
5997
294
4313
699
15174
14007
13870
520
9570
11750
2394
2447
8485
3817
3484
1716
8019
9420
157
7640
10572
13324
7389
2653
7292
840
5462
13705
16433
3980
4093
3745
15454
12979
6081
12161
7140
9152
3020
12718
11967
10817
1446
5129
2623
6377
217
896
13517
4401
6000
1338
16141
16170
2960
14974
100
16513
13112
7480
3254
13895
4293
4426
170
4156
14414
16579
14066
13560
8959
12599
2746
2245
1064
6459
2297
15549
61
9371
12405
563
689
7282
16649
7056
15683
13996
234
16797
12635
13427
14591
14160
12038
6565
1510
14685
7572
7742
15988
10258
3251
4983
16316
1247
14812
4739
7785
10800
15980
4562
1591
12616
8653
7900
9947
13172
1714
13779
10562
15961
15338
14229
9879
11386
635
16429
2158
9986
4520
12133
2854
10443
16725
3850
16300
14849
14199
13188
7938
15959
12656
4897
10198
9051
9168
5157
11647
8631
13000
16039
12410
15815
14056
13323
122
12603
2201
6656
8638
6824
268
2013
15965
647
1864
11333
1324
1337
12019
4275
3944
13965
3376
2196
5103
7528
6535
5256
7425
14872
12546
13708
3228
2757
10403
11192
2709
5100
11963
4008
12746
6514
4509
7505
10172
12745
161
6049
16786
10282
14613
5443
4952
4391
10726
3734
11590
907
13676
6042
10389
7201
13827
2806
10421
4902
16486
7048
8874
2668
15878
15618
3053
16875
16528
16701
1591
13334
3588
14981
15376
16360
10041
15193
4069
12369
13118
8237
471
10977
8652
12606
10536
3575
13904
8353
8033
5086
12940
408
4935
16917
4397
6658
509
11553
11047
7702
14482
12426
16268
16868
3090
4519
2060
3024
16747
13766
2781
7916
15606
2236
1708
15168
2621
16957
276
6945
5772
1257
8715
11163
11224
8164
2493
7788
15460
14840
10599
4375
10402
1624
4621
10018
1838
15875
2832
4028
8558
1067
12103
5310
4478
98
16878
4813
3529
6128
14252
16369
2769
10028
10758
9494
7087
15940
3593
2500
294
16810
4349
15477
4762
10085
6357
8586
6694
7553
682
7882
10339
2724
11615
9769
12300
7126
15968
4328
9294
13076
5947
6071
13974
3969
345
2108
14186
3946
8902
4886
1929
11668
1675
8067
14958
3269
6637
6154
16591
13715
7879
13245
501
16693
1922
4615
9340
9284
12308
11014
12386
4317
15502
14637
4461
10774
4480
12249
13020
2266
7855
13782
11727
4699
4807
14229
4315
107
12155
8828
6357
3839
3977
15322
6416
1737
11267
1477
4594
12704
72
3298
14232
10910
281
14152
1138
510
1175
9274
8106
11799
5145
2503
10213
8722
5027
11568
14596
6316
15507
14517
16300
824
16621
5364
5137
7140
5399
6951
5402
3686
3070
2209
5653
1812
12175
13741
10835
11925
16746
770
15046
9310
10936
6423
15215
16972
14173
5935
14981
2547
7696
7041
8088
2938
11072
12687
10555
14668
11369
10257
15759
14107
4812
10118
3652
2162
11708
14270
906
16311
11509
12694
10646
13803
12407
16392
14209
16024
10352
6471
258
9206
16479
8988
12764
10769
11836
12984
9530
15875
3390
4991
502
15409
9988
3877
9705
501
7893
15248
6932
1120
12620
7361
1102
7697
7266
5400
3926
13719
6711
1171
9480
14047
8595
6058
1413
3194
15567
7795
8642
13949
6753
5685
16371
710
6980
2339
14296
4441
6718
6583
4749
9380
13723
12455
11416
4797
7110
15609
12036
3782
7320
4879
2834
8146
4377
16983
16719
13759
12931
4738
208
12328
15735
12535
7073
9429
679
13211
6582
1505
14314
12071
3753
7864
910
16525
16938
2003
5343
4168
4621
7458
1558
752
1740
5948
8005
4159
12469
3086
230
12683
5383
15134
7803
3104
16566
2330
9273
537
12374
2722
5886
6563
11596
7407
6449
11159
10671
2462
14648
12681
16029
10933
15156
7441
3995
15625
7250
14390
14605
6274
5803
6138
2067
13027
4290
10494
14868
5314
1333
11794
8604
15736
317
13513
13393
7389
3512
1815
13635
2875
10670
11816
7394
14261
3104
5751
14658
8685
13532
5047
4449
1439
11069
6578
2953
1541
14648
9779
12984
5279
14177
3978
276
13374
11411
12787
5197
4902
5559
395
10115
774
13244
9393
12294
6837
3661
1125
6821
11723
7448
4640
2654
11905
15010
2055
16075
2286
4648
10381
16878
13671
8992
2067
12027
9089
6942
4511
164
8190
15906
239
11562
2714
8135
8664
6503
3841
14775
10847
15120
776
11905
147
15919
16356
6149
4870
2512
12818
10982
14126
385
5684
11998
7948
9692
15741
4383
9991
15929
369
5525
9142
3132
16148
13674
15961
11574
9238
12609
74
4760
983
9156
3470
7074
1221
16401
13690
7409
4391
16991
12467
13999
44
11207
7830
15372
9717
14109
7209
8498
14476
12565
8284
8302
5448
7666
7887
170
678
1233
7226
2832
9981
1069
4995
7281
7550
7540
14495
9740
11934
8791
4688
13474
15370
11030
15007
11445
1694
730
14743
3281
10386
4988
5470
9467
14017
13434
11288
15926
11431
7306
16969
13428
3014
5183
13463
13609
6781
2169
15986
980
14174
9401
13449
9015
8130
2377
13530
7309
10268
7082
5966
10003
9175
14271
2799
16495
9796
4783
1702
9589
340
14040
2805
5753
14478
8839
15118
9430
4397
5964
3446
7637
10265
10697
15194
7337
3761
8355
15796
3487
2098
7362
7970
588
9591
11531
2595
11926
1613
11452
13839
11468
1216
5103
1650
15449
12184
10720
16396
364
3714
2593
1960
16043
15676
12477
13079
11494
4905
1352
10944
11872
13813
8365
1815
4487
1614
11522
14599
13349
7575
7190
5757
15551
14786
3387
7907
4210
592
14950
13253
13630
6440
8212
2027
419
1891
8046
5468
13448
3232
7836
7403
7802
9777
10360
12105
6937
2888
1777
9526
10127
7607
5673
4901
10177
16483
16184
4300
1672
7284
8311
5437
15073
13020
624
11996
1608
2537
15818
9652
12244
10961
9179
8528
15459
16265
15287
12587
15190
14890
9557
15413
14544
728
9336
7843
13976
3160
4170
1954
8813
11694
1652
2639
15649
32
12315
4134
8142
1619
6893
15141
15278
2080
10442
8403
8391
15858
5773
1787
8082
13910
15992
8695
13484
7423
2943
4283
3814
15518
2149
12304
10887
16219
10788
12185
1402
3970
12216
9109
6514
13892
14178
11465
12329
16161
9939
1145
9520
6591
7774
8603
14985
5130
7584
6425
11568
16864
7291
9761
8368
4624
10902
2074
6386
2158
4632
12173
15215
1957
3739
12686
13887
13514
13910
8501
14475
11512
771
1645
10884
3270
15143
15241
9630
9505
1703
10206
12487
7407
7184
15865
8242
13697
6791
11197
15520
3676
13359
2641
10150
1773
14912
12308
665
1534
3413
830
10166
5450
16022
780
12438
11944
9764
14567
13726
9447
395
6986
16909
7055
2489
12558
11815
8263
13773
10277
16055
7785
14971
823
8921
7838
3836
9139
9149
15391
1497
11438
15599
2033
88
521
9707
9500
9024
6394
1205
6968
15127
10866
2695
13549
1931
3358
5181
4102
36
3700
5226
1752
720
956
6021
7669
11409
12976
13637
6631
14457
4114
897
13035
7621
6033
12741
13108
11744
4134
11335
11209
3302
4633
3456
14604
3961
12220
5678
1160
3816
1408
957
16534
8707
10956
4149
16700
7452
8335
16143
14411
12455
11646
178
14315
7138
1630
1978
16029
5439
9784
5040
596
3910
6852
2652
4241
7199
1035
15702
4378
13550
12549
6053
12095
11023
3099
15655
4361
2025
11523
11735
470
2455
4062
7372
5077
3057
4119
406
4098
3449
6634
12323
3223
690
2382
5512
11968
8419
6728
16707
15417
11960
4734
16909
12822
16265
11877
9917
15439
9564
6184
4783
14805
16438
1157
13212
701
12351
4413
4979
13153
10164
9904
13253
3909
1437
5803
9654
13181
13094
4719
400
16648
2371
4647
13569
296
6757
12614
16868
14177
11737
8882
9717
9948
16968
5473
4398
13584
7681
3542
14591
4787
7826
16104
2994
15890
9773
9864
76
6347
14207
11285
5208
1403
5068
3901
2581
1025
8438
90
1864
8670
6061
15454
14452
5703
9344
373
16165
6608
8729
3102
7341
15999
3311
8477
6806
15026
14101
13536
894
16886
144
14284
8464
8430
8765
5779
4438
2732
4649
10572
16156
7791
16474
4344
6441
14137
810
1052
12431
9683
6325
1864
7473
13679
16544
5898
12148
10154
16977
8152
10390
12836
6205
14137
10387
5957
1948
6342
15703
13710
7393
7546
13030
2969
845
818
2750
13622
12884
13059
14590
7204
15927
15768
13392
15176
8952
1085
12473
12252
11373
1795
642
5431
1787
4815
10087
3725
12147
9825
3485
3555
1906
15454
11224
3497
11267
3819
1705
4300
11495
95
10119
991
7085
15843
15805
8357
9492
14840
5809
534
9756
1309
13629
14140
14125
16380
1990
16456
1792
16528
15650
6262
11481
12846
6263
12138
9150
7220
16206
2773
6961
9266
15182
1280
1313
15860
6060
11851
5655
15265
4864
12035
12252
1787
15924
13542
15592
15291
15901
8116
813
13760
10036
15116
11706
4164
254
5112
9836
3195
14367
4286
10654
14329
6166
9411
4593
15439
626
14734
2174
11354
8810
3903
968
13152
12977
16194
6664
4559
8416
15196
7600
15084
14878
881
11368
14957
13467
3079
13871
44
14434
12778
1609
16088
1100
1165
6287
2369
1098
15042
3693
4208
14162
4134
220
6929
11578
4100
4864
10622
6555
7732
3579
9345
1813
13544
8960
8901
12208
6371
12804
1898
7066
4422
16783
11019
14589
10680
7033
9781
6184
15378
6615
3743
13525
1932
9460
2569
3907
8111
3788
15050
5346
576
15036
2570
43
3494
12013
4832
13298
7888
7240
10713
14436
15094
5891
15814
5034
4602
11050
13840
2864
1106
4512
16491
16431
6590
16804
444
6054
11120
15921
4096
6440
3469
13798
891
9910
6526
1868
3946
2381
11763
4758
9893
1514
10621
9306
8389
15162
6582
13421
10341
4935
6584
13286
11608
4748
14158
16208
13511
16609
571
9715
16373
4570
12773
9436
10529
7850
13821
15033
767
2181
3799
15393
8332
9170
4560
5424
7515
9399
2360
12448
11769
14672
5918
4658
6841
12183
6178
11060
15933
295
3723
10405
9251
5684
14774
11116
6831
2993
5879
7327
14706
13413
14047
3095
839
10344
563
15848
16086
8855
6076
9614
5023
10287
6176
5538
836
4654
6901
15901
5083
2564
12645
15612
7807
737
6283
15545
3986
12401
5464
4154
14729
15122
3441
1978
3700
12382
14105
8694
14312
9988
879
15330
11083
16392
6476
3714
8396
1451
5795
13317
16796
709
4533
3915
9541
14351
7048
13911
14309
6157
14691
487
1974
3080
9801
13504
16262
11570
4271
11007
2191
12042
9987
6002
1514
13720
11108
14357
12844
11979
14800
6377
6357
5389
1070
15511
13584
14472
4473
1938
8964
15521
9253
4993
10303
9963
15433
3676
8946
11407
1601
5054
11493
15175
14942
809
4663
9034
8252
13512
13993
16177
16145
8773
680
6640
14989
10195
2334
9017
9602
4333
5332
7410
12065
7101
150
5534
11630
938
4531
9321
6770
11216
11263
525
4307
2051
8959
5410
10082
3910
2856
1275
3560
1853
14692
15931
14078
16132
3922
293
6360
15526
977
4635
14996
7799
2488
12015
701
2797
2549
6709
5855
8977
13953
15153
10614
14788
11349
4061
12040
14844
9907
875
13299
11774
10082
13345
7164
12301
5111
13386
1941
2568
3021
952
3906
11962
13674
14456
12489
7963
14861
5774
9131
2692
2007
5511
707
9520
669
13118
13978
13829
5207
5670
5957
2834
12025
7350
4660
13971
1091
5746
14575
16383
10254
1502
9119
2643
13118
3133
2838
14335
15559
15920
1996
814
9141
5723
7031
459
15396
5257
8710
7790
5312
12487
2746
2582
13266
4750
11489
1201
11928
11098
14489
1295
10696
2776
4670
4605
14425
8524
2248
16621
16757
3296
6716
14002
4607
9160
2964
11713
12733
4042
3006
8699
802
13428
6870
16455
11363
5926
10817
14540
5275
6958
10375
13844
15062
15738
228
6693
10534
12831
7715
16217
11845
11609
8527
9877
15320
5532
7160
15246
11493
5166
9238
7719
12489
15815
9349
13831
16631
12257
4510
12880
4440
14170
14637
15826
5060
16528
3380
14334
3331
7100
15411
5895
1899
6023
4042
10714
6862
1745
9110
6694
16903
3888
15243
342
14648
14645
13356
9628
2547
5075
12700
12448
13116
4593
10320
1269
3511
10615
7819
16932
10427
229
3309
3051
12682
14678
8649
11781
44
12099
14826
7477
2799
13132
7993
12677
15877
906
14350
8712
1922
14912
8784
8648
10601
2216
818
4097
3242
14882
6261
7749
7537
15518
8700
7689
2758
12123
14392
6324
14349
12960
8864
303
13914
15487
1676
11488
9731
9690
2854
6801
5865
11573
982
12701
11795
4827
625
2323
9993
14405
15485
10555
3795
989
16436
13093
13524
3424
15730
8537
3886
2290
8884
14264
9435
15212
5639
11570
7637
14416
3906
14065
2067
13149
4762
12187
13448
10886
9616
1573
617
276
14464
13594
3947
10244
15585
1883
4959
12844
7372
3080
9380
4374
12667
5492
13663
14039
6855
16343
1776
14313
12789
14390
13452
10804
6527
909
4707
13532
12907
5500
2174
8764
3034
2207
6551
9040
5103
7167
14172
6704
6801
4230
10449
16752
6423
888
10697
7036
8488
12428
3345
9361
8332
7986
6449
6375
3802
16735
14631
9739
12958
14820
8674
15464
6286
5813
3457
637
9866
13429
7014
6602
5230
10790
4042
14452
13046
11222
12053
11616
7165
13381
1602
9972
1249
11251
1325
8161
8638
16279
12658
2781
14653
8345
2187
5845
11577
15209
16662
9799
16775
14865
10673
813
2967
11829
9211
2565
3171
10203
4776
12310
635
4413
16672
15006
9346
1684
8036
15942
1632
142
1782
3319
15517
10536
7309
7373
9775
8870
1378
4689
15864
287
8266
10205
8600
2119
6280
233
1010
10972
9533
13578
11309
16681
999
14410
4817
9344
13899
13355
5388
14066
529
6796
14609
5043
15219
9502
5419
7625
2873
7304
12491
10939
3660
591
4964
4751
4060
16914
12111
11907
13689
6089
16136
10204
16499
8901
11244
5429
774
16562
10253
11935
11805
10802
14612
12887
14161
2827
2010
2630
3551
8560
15875
1290
7748
12526
8040
1921
9757
11533
14943
10461
14823
14846
14584
2595
5367
7859
10966
5382
3960
9457
2969
9569
11487
15635
8604
6513
228
7641
15024
16008
7727
3917
1012
10270
4725
13958
12687
3834
3326
3797
1828
8063
16875
11157
13969
9177
16233
8432
15924
15071
7181
396
1049
8954
8427
11540
12844
12827
12791
1586
15944
5852
3183
3195
16947
4548
9355
16731
4198
15662
11170
8040
11580
9987
10386
12138
3118
5619
14316
3391
2176
16907
1945
14629
9972
3745
13469
15313
177
6179
14239
8540
11079
10941
10169
8389
1466
2841
875
7362
5097
11680
4182
14936
12538
3895
8
11426
13379
2437
6339
16141
6519
9920
625
3346
332
7896
10961
14997
4877
4555
14895
1595
15097
7951
16843
16680
1751
3663
15416
6598
291
2276
7231
4802
14378
2261
1871
5536
14502
4178
10875
9646
12798
14881
11745
7278
2622
10275
12035
10365
16926
14537
3651
13673
3585
11608
3983
15328
2204
2531
5255
13083
401
616
4047
13361
6904
6491
12413
7192
9969
15238
14481
6750
3072
14386
5748
6270
10629
13063
6086
3302
4079
11303
9840
8492
13036
1265
418
16929
183
1434
15099
12862
9623
9117
2099
8091
13200
11035
814
12783
3505
2022
223
1713
12593
8231
2862
7780
1990
5767
15616
10450
11899
803
11705
12911
8502
7272
8569
3390
1795
8510
3904
2098
16896
11282
9567
11386
8359
12363
11653
3655
14329
12013
6578
8250
16525
11092
1204
14798
8589
13384
15731
16117
5649
5327
15171
16983
10786
2633
11694
7677
13821
5653
12211
9003
4649
15936
9655
15011
6327
13357
10902
7670
12286
3840
13366
326
5176
7909
15033
15352
2237
230
12141
3965
8834
12249
3561
10871
12901
3152
4262
7328
3943
15665
4415
15965
1974
12646
11951
5370
4982
16031
1118
15408
6484
8379
7831
9209
4919
11926
3321
11780
5259
452
4032
13020
5675
8812
16263
8635
14538
15599
4781
3987
2287
10992
8321
14125
9730
16302
11994
7947
6967
2316
8152
2575
9230
1777
10097
3927
8733
14267
6809
4536
11763
7271
7569
15647
15713
16379
5994
4887
2495
3237
13638
16708
9543
14356
2220
13278
13730
15060
12262
9625
3054
7463
15896
11073
1409
4759
13192
5635
4973
9984
14556
14815
112
16306
15740
6842
3086
4444
4653
12959
11885
3060
2111
1669
16533
9267
11492
3212
3554
2869
526
9993
31
6934
9643
3609
3337
7328
6503
4683
1229
641
4519
8421
975
9577
6877
2312
2072
5794
7597
6536
14315
12288
9491
8675
356
15784
9254
8204
14205
9988
2037
15303
15703
14428
9733
7620
3705
9033
11212
401
7640
2610
10437
4575
16740
1242
5304
8519
13882
9441
2925
3445
15947
14638
5805
6306
8088
7854
11821
10240
9824
9510
5456
3823
11824
6277
632
15741
6878
15573
9393
721
5659
12608
8506
5544
6154
16646
9177
12217
12200
15189
16001
12491
8714
11074
4179
9550
8014
7859
1646
9519
14463
3351
12700
11661
16984
10109
13419
15232
12236
