8083
1438
8756
5403
7948
5283
2633
5767
4937
1817
8171
1712
2377
2283
6415
2303
7275
2587
956
5823
5806
6577
5278
8543
8059
6496
4027
1191
6449
3194
7977
2807
3701
2314
1883
2866
1275
6087
5582
8665
5421
1896
636
4565
1631
6282
1332
8588
6693
5071
3435
3020
1930
3225
4643
6726
5582
8117
6726
6058
7266
7986
7040
6752
7347
2456
1607
8911
5729
3901
168
1014
8699
2362
4910
5255
2922
5221
7625
3708
5990
7504
8137
2505
1728
870
1734
6945
21
2814
6166
7245
3899
8320
3489
5583
379
6196
1933
5645
8916
6122
3697
3056
120
8755
7160
8924
6445
6751
1172
5154
4354
416
3083
1361
3147
3172
35
4404
7499
3888
6638
2053
7710
3679
4322
7646
7544
1298
8952
7448
3237
1377
2878
1812
5558
4984
6579
8551
3989
3796
3967
8932
4101
3205
7453
529
5216
8262
5565
8034
791
5991
2914
1804
3952
5884
7765
6146
7
5870
3404
2196
6203
5623
6027
7494
619
3051
5861
2653
93
2610
6855
5075
1971
2689
7321
1643
3819
2161
618
945
418
1871
4175
2112
7636
370
3655
1071
4434
8548
3518
4118
8248
111
8628
5202
346
7105
4386
6400
842
1322
2408
2166
1473
8082
1478
2997
4216
6344
6349
8187
5625
1589
7464
5069
5767
2246
8508
6025
4694
8424
6842
4905
5345
2662
7221
8388
2823
854
6869
4286
5240
7962
3542
6808
7081
3739
2197
8386
2650
6343
1777
245
8705
6531
4866
3373
7773
2780
5072
235
5672
1710
3778
6273
1481
8568
1810
2303
526
2823
5106
7394
6035
6334
8157
4156
3489
839
3692
8599
1110
3836
7347
4434
8540
4958
3208
5262
4017
2183
223
3635
7747
6203
4581
7963
6445
2856
5839
6160
4915
7342
7453
1921
1070
7401
2457
5655
356
92
8758
4382
5471
6408
4783
6504
7992
4419
3894
4427
1792
2179
3749
5539
2043
4425
1452
946
4553
1018
6040
5683
1666
4496
3292
2302
326
6200
5590
8341
2278
3605
1912
8941
3850
5298
6674
313
7312
5212
1633
4513
1686
8109
3718
3679
8692
8757
237
6610
1793
8619
4496
7019
128
2266
4872
5645
598
4127
5264
4426
2979
6062
6133
6136
3523
4619
2590
306
8400
8078
3628
771
2206
1409
7790
4317
4050
5523
2036
5727
1024
903
5285
7638
8135
5862
855
3658
6163
1344
850
1969
4240
6490
6170
7337
5165
2570
2528
3527
3980
3174
7851
941
3005
3146
3816
7759
2098
5192
6755
4470
5834
7633
217
4398
2053
6154
7876
4938
1729
570
8946
6887
1343
391
8914
454
4421
4009
7699
3907
377
4918
1779
5939
5654
6821
2274
3666
5734
2238
8425
5026
3285
1398
7681
2792
7989
3096
6804
2512
4724
6383
122
1768
1206
3048
6857
258
4919
5124
8237
5860
7209
8300
4912
5417
6671
4869
5390
3650
7964
3530
2367
7911
8643
1273
1530
359
3532
8606
7730
2576
7927
2043
1951
5656
7544
4481
5580
418
3023
3128
6193
1196
6690
3234
4701
5132
2386
4598
2513
2123
5919
265
3211
7826
6433
8007
542
5145
1604
270
4946
3247
1974
2819
5646
7827
2737
6950
7247
352
6792
6625
5618
5184
4727
3030
318
3536
5659
198
4951
384
4419
2589
8577
5318
8530
5787
3458
3456
2490
6966
5601
7503
6263
5835
7193
3180
6309
4155
4132
7386
2862
3770
5718
8803
4444
667
8127
6527
7719
7750
3276
6607
2724
852
596
7767
3275
2546
1994
257
387
5016
1803
4151
4484
6
4053
6440
6752
7508
4401
2020
407
5751
6599
8675
1157
7476
2405
3079
4266
4973
5396
2706
6287
1168
6944
7513
2576
7663
5145
3552
7418
794
3698
6264
802
8032
8830
1747
2263
6173
1210
8200
3437
3597
6986
4538
8303
5343
3596
6019
5352
141
2923
3573
526
7743
5393
673
5436
6911
5405
417
3531
3271
3837
4711
7660
1070
7375
225
2708
1698
522
6012
1948
8232
1292
8757
2636
6191
687
1279
2044
3610
829
5382
6255
4859
6484
6914
7068
5037
2857
6727
2858
3011
5133
1401
6527
7444
1630
5941
8677
8711
197
4419
5226
5987
6239
8024
6274
103
3658
4119
6347
4657
5046
4543
7645
7386
885
216
132
998
4016
2647
2547
3113
8192
4714
1735
5645
2206
6733
8405
2096
2383
1426
6113
5307
5848
7494
3820
5437
5754
4760
6073
8669
1889
1022
1028
1895
5983
4184
6207
8069
3888
1109
2523
5247
3993
3012
7551
6598
5634
4179
3672
7050
7350
6883
6501
6835
1675
661
7462
5988
1178
6173
8857
3419
8188
4021
8888
2349
6294
917
5154
7127
2075
4701
4604
2632
45
413
8180
2266
8712
8092
3282
6967
7803
5124
7140
3824
8411
7359
1620
4432
6854
4211
2720
4223
8937
4024
7149
4890
7919
7099
7481
936
1038
2899
5260
3816
1623
7320
1866
5598
5394
6099
8976
7988
3300
6184
6768
4925
1742
4681
618
6765
1427
8021
7345
3828
606
141
2952
2113
6405
4926
4471
5307
6646
3298
2126
4643
6868
49
7868
6037
5438
4150
5460
2893
308
5612
6349
8415
1095
5447
7093
5494
3860
4910
5385
8598
5613
6518
851
3926
1956
1083
2025
5732
2405
5247
2638
3180
6223
4109
8783
2076
8054
6111
3764
1655
5896
3755
4096
5153
1929
988
831
2353
5742
445
3132
8538
811
2880
6196
1956
6921
1965
34
4425
3272
3238
360
4673
3660
1495
2903
1798
6847
2883
8747
7932
7075
5633
8293
6048
50
7013
1998
1705
6668
4579
1381
6628
844
7079
1646
1945
5344
2600
936
4235
4266
5235
4792
7509
6248
5067
6751
8336
4821
3309
2893
6633
7825
5106
152
7183
2044
3446
7549
8530
202
8310
2498
8983
7860
8119
6925
2872
611
8816
853
928
2313
6113
4451
916
2686
1405
4068
8261
8780
4715
5670
659
3071
1515
1820
1155
5972
627
7864
2936
453
8025
8668
5512
4935
4251
4237
3829
4576
2162
2509
8684
6056
5685
1428
8266
4947
394
8025
1538
1519
6311
1450
5764
5041
4855
2830
8144
8423
7432
7331
767
6521
5536
3938
338
2720
6376
3579
2628
5195
3201
4381
1306
5083
8299
8886
3923
3178
933
7428
7411
340
6158
1254
5665
8169
4594
5994
3360
7759
1880
4963
8683
2784
8168
2094
6242
8045
386
7049
7857
6919
2898
2617
1015
2829
2967
3543
1180
3823
378
4959
7555
4942
236
7980
6095
5854
8024
7979
6642
6737
1648
7570
224
8784
2412
501
2051
737
7701
4541
4560
2496
7743
4661
3534
7299
1845
4690
495
8543
3758
5598
5462
5176
7957
7466
1968
1873
438
2446
2248
4424
5252
4014
219
3461
6512
5602
698
751
8396
2370
5365
5355
2734
2180
6820
7650
8928
8668
7177
1701
5772
6550
1385
3112
7660
6507
2746
8536
247
4158
2807
730
2968
5898
654
4874
1337
1978
1338
7469
8581
6508
8108
5971
554
2291
8436
8108
7933
6991
3606
2006
2216
4579
3032
7080
4438
1931
7440
8790
4688
6712
5394
5586
5056
8578
5006
8395
1050
3113
784
8109
2658
4887
5033
469
2792
4309
5459
8590
4280
2353
3066
6773
1190
4857
5838
5629
6887
8823
741
7240
4003
6776
7069
6739
8959
82
1975
4677
1015
3898
7591
3388
952
2768
136
3036
6602
5687
5901
2412
1541
7149
3601
1934
1267
2739
8976
795
5947
201
983
5945
5862
2706
4126
8907
234
2583
974
6979
6204
8498
1108
3278
8346
1065
253
2980
7039
5365
2437
642
7655
6527
4944
6022
4370
5718
6769
647
4022
6447
1104
2422
3828
6729
3678
8772
7845
8779
3893
4738
374
2301
4347
8783
1046
1800
4237
362
1952
4531
4767
8956
7891
8795
8057
6248
4095
6581
5790
202
1723
4939
2734
8778
6378
7690
4675
3756
2611
596
3697
7493
4207
5582
5999
8819
6814
2560
2410
2153
1562
6924
5688
4134
1461
4221
6809
3209
8743
989
6234
4739
4711
4387
8404
937
5194
8768
5009
7037
3026
8380
2406
7648
2230
8258
1572
5982
167
4325
3225
8029
8306
661
5276
1243
6473
6433
3557
4332
4845
6554
5810
8653
4046
3018
5230
6520
5066
7816
8763
8476
1980
4121
5609
3944
7924
6997
7543
1844
45
363
310
4339
5051
2601
542
5577
6763
3804
6799
4710
1461
2448
4961
820
8396
4868
431
2642
6838
262
254
7957
3454
4055
1956
4112
5031
1770
1404
544
3603
4430
86
1703
2538
4829
5666
739
8430
2952
8269
1913
6507
7642
3900
163
3700
1526
7021
4780
7480
8277
5574
2572
4524
8456
2301
8301
5346
6358
5190
7376
4967
1802
347
2436
2538
4845
125
2556
2775
6067
7217
8788
2852
2901
7326
6016
4931
4026
5627
2609
5110
8626
2854
3877
2625
8417
3998
8217
1753
6109
4906
1198
6803
3148
2418
8958
8591
7236
3211
4609
6642
1456
7249
152
2019
4644
2420
8333
885
5798
1021
93
7883
8017
5810
7396
27
8751
6909
7803
8649
3242
2315
2440
8324
47
4456
5434
5405
3695
4447
5990
7051
8099
5295
5203
3972
5860
8594
7464
3254
5813
767
3661
8132
4429
3415
5436
8132
341
1676
2973
6061
7298
3741
8504
7293
4295
2375
4227
8592
754
6638
8512
2294
1601
8193
4641
83
593
8387
2715
7266
5139
7589
276
1675
8059
8256
7211
825
4751
1241
7779
3457
4592
3590
2539
6516
4744
6341
5757
8957
4696
6331
313
262
4788
5401
4197
7125
7830
419
4771
7884
7052
2675
1655
8374
4887
7618
3267
6885
4209
8630
6809
7785
8874
4407
5373
4683
1038
1876
5709
879
6526
6987
4749
6296
2546
6917
8723
3093
6912
7079
5260
1705
5380
5701
5857
7617
4749
8953
4466
7430
8975
7337
3781
1074
6817
431
6514
8647
7293
7018
4046
6899
7776
6081
4498
6912
7518
7680
7496
7352
6803
7323
4578
6821
3928
5087
7542
2638
792
6608
5138
3142
8493
4437
3240
6503
4836
4024
5558
7812
858
3665
4733
7988
4537
2210
1883
7105
3524
7637
8319
4368
2011
4210
7457
2732
3482
973
2899
1371
5492
3228
7568
6178
3280
5773
1112
3628
5669
1190
8365
3837
8312
5215
7205
782
4390
3129
4716
2129
8608
5434
7661
8067
4131
608
8492
3113
5624
5779
8828
1699
7591
3776
6120
2790
4242
5239
4184
894
3697
2390
2346
872
6826
6870
6546
8149
8979
2443
5416
1786
7854
2218
5365
1012
5559
1115
3657
4154
509
5541
4259
7611
5587
4400
8334
5806
8977
5638
1253
1776
4276
723
2467
3447
5134
4980
769
8661
2467
4876
7941
1369
3722
776
3563
5728
8789
1012
2883
3281
2173
1663
7510
1573
5028
7922
2966
6365
1072
1774
4506
1142
8849
3714
2762
2439
1264
716
7853
3107
5179
3247
341
354
8153
8978
7812
5978
559
394
4037
3050
5868
2317
7993
7623
783
5047
4700
7032
8459
5179
6563
8668
3437
3167
6517
8916
2346
6073
4131
962
5543
2976
1077
5328
246
4651
1315
5998
5369
3206
6636
3355
327
1092
6959
7988
2512
4974
8748
7107
535
1416
7757
823
787
5381
5902
7769
2729
1905
7430
4143
6962
1996
2777
201
6765
1119
6596
5336
3905
4927
3341
1566
2648
46
1028
3353
4883
2064
6233
3666
3142
7787
1419
3130
128
7920
1090
5811
866
6287
5323
716
6473
2839
2990
5471
4754
5362
5924
1533
7577
1158
8018
593
8877
5720
8029
8713
1523
8860
6353
392
7342
87
298
425
1656
6557
1662
3894
6800
5975
1133
359
456
8188
3861
8431
5737
5352
5815
6871
1165
7098
184
2614
3737
6031
8101
3888
8829
4516
6022
898
6026
1176
853
3856
6383
7008
3948
5790
4247
6660
6176
7251
2578
7847
853
5708
2270
1957
7935
5621
5042
1573
3419
7577
6760
5341
6520
2258
101
5164
6006
8780
6446
4714
865
6764
5592
1196
2025
3503
4403
6148
4689
1885
6756
5822
5505
3052
246
3853
5515
7936
3380
3171
5511
5304
8686
2311
7547
4804
2534
5225
3123
2106
8054
4593
7864
416
5967
8126
7472
8876
6696
1090
6875
8552
3105
3330
3773
3569
8323
284
1020
8254
8351
6369
7280
405
5143
5274
5713
1441
5541
1470
8290
5160
1790
5129
6105
1977
6202
8353
2191
211
8899
7698
1586
8688
6671
769
5052
5080
8283
1662
4344
6458
8310
8450
1017
3829
7952
976
2471
1645
1741
2392
7807
5449
6146
7766
3829
5217
1331
6586
4801
6245
4142
8552
5587
7121
3088
607
844
7645
3209
6663
5147
1832
3270
1243
4016
20
708
2671
2704
6500
5004
5435
7142
1323
3975
244
435
3814
7383
7476
1281
4561
7703
1792
3985
8248
4968
6984
5623
2667
5313
4867
8815
5325
59
8128
1599
4606
6990
5513
2713
2091
6323
5066
5243
1255
5552
4352
5340
1444
1513
8892
2437
218
1321
8702
6305
5872
8276
838
2595
8176
3632
654
6883
6059
6360
2732
820
8222
2260
140
3061
1781
8921
5769
2642
2340
7072
8068
5342
1813
5806
5789
527
6179
7896
7382
3782
493
6480
2800
242
974
7432
3828
5240
4865
4554
8972
4785
1329
5617
6834
8136
2911
2784
230
3622
5149
8181
6589
6436
7735
5562
2044
4556
8089
8536
2164
4189
4867
4232
7840
633
5082
1199
6554
2148
2584
676
7595
5003
2179
7842
6409
5039
843
7301
2730
2941
2501
4875
5575
7715
5949
136
3756
673
2888
8501
2708
5993
6055
3583
4506
6004
7175
8144
3778
6059
7758
236
6589
767
6408
6225
3915
5421
6895
2507
99
7905
6201
7548
390
8974
7059
1029
402
744
1132
2164
8603
286
6276
4026
1459
8559
779
1774
5801
2696
8606
2499
704
7439
4908
3812
3886
4711
7150
5200
6573
5824
2677
5829
7031
674
7150
4229
7402
6526
8392
7439
3179
8401
1734
3124
934
6382
5160
2752
5388
6951
6748
2120
5349
6008
1138
1078
5645
8528
7749
5605
7091
6532
1645
5683
4468
4034
7161
2451
8111
4823
7953
828
6297
8053
5290
3562
4920
3085
4923
503
2133
6333
4101
3917
4491
2261
1959
5482
1204
4004
4118
8145
3978
1162
4676
3761
5442
6130
3720
8172
4893
3183
8867
2926
3993
6359
7115
5432
8501
215
8304
6664
4673
6693
7563
2663
1523
6044
1551
6998
4878
3072
6495
2638
3941
4990
87
1731
4782
703
8607
8020
841
4473
3730
1545
6983
4546
8309
1753
6320
7826
755
4744
2277
227
2252
1433
2124
6840
5022
8030
785
5767
7924
8897
2569
4356
1082
3389
58
6036
6323
7366
6927
1867
4522
8898
6144
6314
8908
1066
4213
6488
2399
3553
2147
8740
212
5536
6920
2325
7527
3436
5168
5854
1135
5173
7089
4592
3809
8859
5716
2718
7527
7351
3634
8535
8278
2963
198
468
37
311
8498
6895
4369
7513
4873
1011
5797
6320
5483
7358
3543
3302
6383
6464
374
935
4218
2150
840
2170
294
416
8287
1683
543
1867
5363
2938
8270
3083
5211
7540
296
4257
1605
5483
4305
6669
7837
7781
3962
8480
4058
3678
4346
8705
5692
2499
8088
6386
2450
2620
534
8126
7608
6461
2225
337
2277
5034
53
3540
2434
6452
7709
6459
887
1947
6049
7797
8632
3346
3752
8960
3452
8554
4413
8174
3950
8100
2446
360
6916
2583
2406
4253
4357
7074
1149
902
1824
470
2485
5554
4503
1467
1021
4137
2498
1598
3139
1120
320
3404
3738
1344
1945
8797
75
7306
3878
5951
7400
5291
8778
2982
2436
8696
1122
2173
2358
4047
7351
6836
7052
3313
8989
3567
3267
4975
7956
1862
517
3624
4035
5062
6516
1453
7900
8083
3258
6522
4090
4904
7083
8865
5360
1909
2946
6532
6523
7612
2641
998
7111
4272
6996
1782
2136
5594
8508
7817
8255
777
2505
2172
2420
6301
17
2987
2530
1041
2557
7505
8374
7746
7691
892
5257
976
1246
5996
8453
1273
8881
5712
7580
3612
339
8124
8196
6344
4795
1811
8223
1154
3565
8541
3751
7357
285
8926
8863
6841
4544
2683
1468
3346
8315
3049
5434
7692
851
4708
4011
4160
5603
857
4010
838
6867
3224
4214
7175
8677
665
8114
4149
7164
762
5257
4089
7709
4730
3463
4193
1960
1197
722
2540
8447
3749
6287
2091
828
5497
889
7622
5642
6380
997
3112
1690
7677
4657
1265
46
1359
4890
5478
2385
2172
4389
8806
7477
6739
709
6483
6967
2954
4691
6051
813
4082
612
4227
3479
2926
8228
2943
6067
3319
4704
960
3058
4008
2497
6882
4577
712
4741
4865
7322
6529
5111
7496
8416
6836
3126
8141
2298
7583
3324
2380
4038
661
7949
3207
1711
6720
1031
5311
7113
3485
6328
7273
7937
1523
731
7008
1866
3130
1301
4362
1890
6436
8620
7514
595
1851
8326
3922
4573
2175
4215
2555
3896
1177
773
2963
4880
4666
8518
3857
1481
1913
753
4327
4010
2933
5162
7605
8158
2551
1622
8790
3149
2818
7542
8961
3713
7106
6409
3823
2636
6167
266
8499
7975
3860
2065
2107
3030
4752
5053
3482
5999
5321
8615
4223
4137
823
8106
7013
5952
2692
8854
3936
3567
5478
2163
7233
2495
6991
6459
7086
7531
4473
4760
7673
1494
5945
77
8459
8244
3023
5993
8637
2238
8431
7038
7275
2673
2975
8527
4582
7430
381
1847
7804
6787
3589
1071
3965
6224
2452
2663
6261
8199
2892
8790
1385
3330
5692
1125
2480
4216
2090
5293
951
8442
6608
5129
5537
3464
2297
2982
4066
4993
6646
8590
102
5767
2970
6756
4674
6393
5566
6066
2758
8642
1921
2399
3262
2535
3232
8636
2612
5757
1942
1573
2812
5872
1360
4317
6564
5697
8408
7698
3325
2167
731
3975
7370
4398
3649
3656
4156
2381
1849
56
6927
4689
3911
1183
2045
3527
3443
4168
3829
2175
6462
4630
7736
2812
4555
222
2776
4264
568
3815
4732
1484
2328
3574
3332
36
1863
2606
3566
3601
8953
133
1459
4113
6399
554
2002
4729
3351
267
7494
8466
4375
8123
6750
121
1637
2239
6601
4097
478
2705
3931
723
1033
5046
7257
7405
1687
6203
8389
3321
3554
1949
7366
3284
1247
4293
8608
8047
8033
6881
5427
5146
5603
4656
8618
2324
6186
6254
507
7711
3421
6917
366
3865
1370
8541
6539
4221
3462
2002
6733
3064
6584
4499
1053
4007
3370
6155
7148
8381
8285
1336
7640
3363
1225
369
970
1184
5198
2541
986
2968
1761
7030
5232
673
6574
8629
1576
2896
8735
7383
1033
5522
1174
8420
8082
2775
7445
8728
7817
6576
1079
4018
6810
1297
7962
5235
4264
1114
7876
2433
3019
8743
6543
3841
7126
5992
5171
2218
4579
3738
4110
1422
2622
4564
3650
4196
3563
8550
5979
7512
8028
812
2499
933
2827
1784
6093
1681
5777
1717
6850
2766
6729
7520
5259
5568
5523
4153
4843
8242
3440
6456
1320
5851
295
5178
5359
4823
875
682
3649
3248
2697
3540
1813
6907
8553
2229
8483
8031
6016
8926
7970
7215
223
1543
847
1689
8861
6561
3988
7503
6596
1100
8032
6435
5562
3439
3480
7512
7902
7989
3002
8059
3324
876
4377
6888
4479
6554
7690
1697
7098
8568
7466
7641
4500
7776
5922
2327
3541
627
7896
2286
5825
2499
1403
1193
6240
3303
2746
8836
1664
4629
5482
8902
224
6889
1915
8802
593
3628
4949
708
2371
2416
1676
5913
2545
3295
2277
2383
2434
3404
2228
8843
6813
8001
196
7634
7872
311
2362
5039
5509
4429
6062
6883
794
4215
390
8883
1619
7967
5113
6579
7534
4537
269
4736
5675
8025
2278
5924
4478
6047
6044
2346
4643
7706
6759
424
8348
2635
426
7141
1001
8520
1601
2776
8277
2345
4904
816
6937
1247
8241
1226
4064
6960
3209
5621
8831
8848
8825
202
3598
2329
5364
8590
4294
83
3625
6593
6889
7926
4743
6265
609
3220
759
4400
1918
6060
4475
3237
5456
1761
7378
8518
7781
5697
1852
195
527
7289
7840
6341
317
6446
4936
5237
2485
2350
4741
8353
2355
4269
3413
6705
608
6555
7397
1368
7969
3067
3853
798
4643
4495
447
218
3664
8783
4682
2005
3641
5992
4401
2353
8144
5057
8700
8969
209
1136
2496
6098
4197
4763
584
3911
5322
7267
3415
5122
1618
7899
5968
6838
8453
1510
6220
6866
4742
4622
343
2328
384
5473
8792
4363
4435
7678
4123
783
5223
8550
6429
3906
6283
6677
6691
3224
8875
7527
4080
2860
7236
2719
5953
4138
8756
531
4406
3163
5835
8699
8847
1399
872
545
5328
6918
5194
66
1219
4898
7524
3986
5273
8572
883
638
3324
1527
2743
2595
7964
2690
956
4812
2508
4110
852
7888
3160
4119
7890
1242
2838
5472
4885
4490
5573
3159
7056
4433
1318
2096
874
3074
7974
4077
8463
5523
758
8586
114
7547
7199
614
3637
6613
5997
8422
4527
5979
3183
4532
696
7310
4919
8773
812
8857
1732
129
3986
3470
4122
379
4335
8632
2219
5775
8948
6199
4468
2715
289
826
2990
4870
3684
607
3560
2766
5450
7830
7718
4814
7201
1132
3152
1108
1783
8579
6560
3832
7731
3502
1673
6768
4374
4065
2521
6368
2085
2207
1780
4487
6942
4334
2557
6973
3013
4358
880
761
8522
311
4841
6143
2024
4215
5555
6950
6756
8778
8270
3136
8528
1684
4792
6602
7091
2954
3119
3707
1031
6407
8376
4306
191
3578
3335
7472
7235
3629
2971
8300
2010
7320
3061
389
5930
300
8077
6186
374
1075
5601
6533
8917
3908
5083
5439
7323
6078
2430
861
2046
506
485
3775
8055
8066
2552
8521
8219
8416
6500
8915
1902
1919
2149
827
8435
3846
5738
1747
3777
7875
238
1524
2565
7124
5918
2753
4856
4568
4316
3833
8646
444
6967
1996
5722
5762
2005
8758
8273
4828
5782
3514
7562
8326
342
4614
1782
4658
1958
5428
601
7740
4279
8136
1333
7469
3829
701
4232
5918
3020
539
626
1882
2386
8835
1029
6430
617
4179
3368
2933
3430
212
10
4675
7715
312
6648
6747
8637
1722
5515
1276
4523
8494
1513
2998
6580
3999
5542
4466
3147
8919
430
5376
7098
3649
1218
1802
2312
8242
1621
7990
1313
6646
3986
7169
2224
4567
4860
4222
2067
825
6889
6813
6387
4929
7308
8985
7999
4547
6334
6506
564
2530
6560
3713
2083
4106
6031
1410
1095
3873
812
3467
5705
5732
7343
6347
7330
8311
3607
8526
3020
7196
7529
5477
3949
7605
5139
5882
3193
3764
4052
6753
7860
6919
6858
3938
3681
1569
8071
4818
1553
6275
3288
8329
5331
5906
7739
6927
5340
298
2957
4760
8356
4761
2014
2407
6845
5110
4722
3622
768
1151
2172
8307
6318
962
2840
4126
8127
2347
5742
6110
7035
5757
2078
1052
5963
8108
852
8168
2523
6574
4866
127
230
5362
8156
8246
2294
3784
8732
8392
4478
7840
5746
2995
3334
2743
1664
8017
7587
5924
4928
4667
376
4961
4922
4191
8781
1189
5365
2578
5642
5574
7033
7280
1120
2692
5943
1792
460
5552
2118
8341
7241
3091
531
4191
2577
5915
1668
3937
1447
5928
5185
6363
5060
6517
5679
8695
1349
5882
5626
3016
8373
5271
7527
6495
2076
586
5795
5608
6452
1545
3956
4177
7523
3652
6762
842
6010
5321
2728
2215
5001
2731
8565
891
6580
2980
1602
6879
1422
7431
7344
5040
7737
3363
5383
1039
5112
6090
8405
4617
3673
3232
4473
5751
1553
3006
6387
4216
2237
1213
4370
3018
2035
5968
5529
3079
284
6659
2463
4908
3246
8784
8297
8333
5001
8400
7214
2668
8686
2646
5480
4681
5687
8871
82
8411
7983
3374
8482
4197
487
3788
1684
6260
3330
1564
6264
7348
6366
7621
825
473
6328
8448
19
5675
2714
1113
6480
3907
5675
2947
199
4019
7731
3756
946
7354
593
3880
3475
1901
5380
2553
8178
2225
6194
803
5149
6684
648
8638
3005
5091
5999
965
4673
8774
503
5403
1081
1680
8627
6205
8744
6675
8328
8554
5783
8672
6859
2080
4202
7420
1335
7480
1266
5334
3255
3073
8094
2572
6254
4722
3174
7782
5048
4225
5790
7210
5005
2113
7428
8262
7554
2248
5830
6013
8371
1030
6899
584
1281
345
2772
7478
8004
5766
6382
1366
2405
3602
1495
2697
1019
5726
3322
1885
3008
6689
1025
4483
2558
2751
598
826
8476
3927
5374
2309
7783
6555
2186
2367
7983
736
7371
3567
3455
6245
8450
318
6000
2753
6826
1637
1155
2997
4427
1444
5993
8168
2755
1469
5329
8889
7682
1767
7684
8295
8402
8375
6113
605
1337
6224
6000
2081
4421
8347
4677
2067
3571
3770
4396
2595
3268
6526
2995
5563
6957
1080
7848
7508
6657
6684
7247
4972
3853
4978
5464
1964
1392
6686
708
2272
2492
5856
6266
1416
4373
8766
3130
908
4573
1645
6556
7692
4794
7046
8878
3444
45
3244
7713
6519
6072
4012
1735
5691
4515
7494
6883
1658
8722
8376
8412
6761
8111
562
4871
5593
2799
6556
2561
5202
8916
5779
1886
4687
6343
7338
584
7901
759
93
7376
7422
1851
5481
834
6530
6759
384
632
3413
2334
2841
2254
379
149
2931
1605
2231
5000
6393
7150
3811
403
8065
6244
3818
8223
655
614
5033
5815
503
1104
596
3485
7504
1774
5822
8318
7827
3813
4024
3671
7619
7189
8794
7419
6694
3302
5431
322
3081
5525
4218
6935
1331
2132
8399
2246
6976
2140
4333
6088
6405
319
7767
5068
6219
2054
1969
8172
3916
2188
5272
4713
3075
7061
6506
4644
3704
5119
4717
7411
7457
387
4700
5732
2628
5944
8115
5920
1504
1621
3755
8863
2508
6280
5921
1756
4711
6959
5537
2596
4167
850
1969
8241
701
1099
5160
4829
5557
5324
2501
4574
5667
5948
7027
5
8497
8733
354
2250
8293
149
8449
2175
151
7022
6719
1727
6808
4076
562
8923
4582
7947
966
465
7333
3979
3607
266
6856
4361
3482
8374
2708
1515
2493
4511
5565
5943
5159
3830
7449
7936
7834
7357
1379
127
7637
4522
3811
114
4910
37
7544
1227
5989
1615
7583
5888
1403
7375
6589
1434
6809
6642
4096
60
7469
7197
7364
3874
2344
3498
1658
51
507
3805
8147
7453
5951
7170
1266
1964
4683
6877
3247
3406
8536
2294
3127
4286
3225
2015
4513
2899
7878
7403
8204
8876
7696
1732
908
234
5695
8497
1635
4482
7142
5467
4676
3469
2512
4746
5858
3414
4604
4088
3559
8016
1796
7442
6674
2537
2012
5743
55
5399
5541
6830
5562
6214
2937
5664
4166
195
2697
5159
3064
8559
8410
8498
5601
7067
5902
7614
6808
3461
4342
6026
8133
2413
8037
5239
7026
3478
8624
7482
6453
8292
5714
3224
7888
8550
5884
685
5793
7592
2753
5496
4244
5657
5344
4878
5791
8099
4131
5450
6862
1156
3452
446
1229
1152
1414
737
2124
7449
8873
5437
180
5572
2336
5707
8888
8761
613
5710
391
3447
1221
4728
6741
4241
5789
8013
1257
753
5019
354
3322
8280
4266
2017
3610
4471
4149
2493
3700
7373
6236
4588
6322
7093
8212
37
1271
698
4049
5359
4492
7106
5351
76
1686
7261
4134
7177
1732
5705
5476
1043
4894
7324
516
159
1633
1540
2412
5629
4039
7358
8364
1554
8587
4873
6538
7049
1242
5438
5979
6478
6621
5063
3580
4655
7915
8425
8870
4359
1043
4815
6152
5127
7584
4060
4663
2891
4461
8421
2752
2551
4351
7120
2909
748
7962
461
3142
4515
4251
2336
6263
2477
3413
1560
432
6709
2040
623
4154
594
7987
3838
4244
1772
2170
8477
7493
7290
4939
956
8820
6494
4186
6744
516
414
7668
8629
3651
4120
4888
477
4170
3777
6881
4114
5878
6522
7833
2846
5781
2231
4280
5036
4668
3197
3202
2834
1837
320
4014
5734
470
2150
2170
26
3588
2027
5396
4581
8247
6122
7316
6968
4438
4125
3789
1657
3500
8202
3954
6583
6162
7914
1133
1907
900
3390
2098
5904
6840
2200
4987
7623
6784
1763
3845
8281
5689
2808
4495
3681
1764
3271
8258
2757
6714
2422
5300
7817
6508
2849
5287
1080
480
1734
7558
5601
5967
3243
3712
4162
7068
3575
4069
4259
959
5538
589
2145
7791
5777
8088
8453
5311
3754
4424
8537
5871
2256
4258
6822
8923
4539
7620
8613
7720
3344
5168
2376
163
3673
5535
2980
8108
5032
2137
998
8767
1349
5936
7303
1619
6569
5660
7101
6771
3863
1585
4095
1659
3942
8981
20
5556
4101
4285
1129
2952
2996
4127
2573
6722
570
7938
6715
5404
185
4314
6692
7628
1642
8976
6630
1600
4669
1350
8188
1006
3530
3096
8179
6528
5501
1086
543
3501
6410
7494
5864
3835
2245
3414
7932
8000
1204
6247
1794
8192
1819
6861
112
3265
4220
7395
842
5802
2529
7715
5064
8978
687
8555
2274
3485
2505
7435
3123
4480
2958
6635
6559
4310
6824
1538
8993
731
1170
81
5294
2069
6837
1021
2552
2859
1871
4708
6392
4422
3160
1775
8219
1188
1498
8821
591
67
4789
808
8459
6242
5165
6448
2409
5875
8177
7910
5160
3477
776
404
2682
6902
8497
1231
8830
5894
591
3478
8571
1423
4615
3245
5803
4904
2008
3362
5807
3760
4926
984
8445
4983
4499
4794
6618
5104
7683
7263
1885
7819
4754
4083
8234
5080
8860
6639
8072
4798
2992
2983
4328
2209
6698
6521
5826
809
7364
4965
5125
4591
96
6680
2123
3051
7636
19
6279
8336
7859
4136
3532
5625
4756
8508
6675
566
1777
8688
8480
5926
3495
5554
1362
5968
2396
3608
6005
7709
5514
2180
8790
6228
3294
5067
7970
3921
5301
3032
6907
3664
4933
6110
4528
8219
4995
602
544
4419
2134
1366
8403
2100
3222
4074
6861
6937
4306
574
7168
7446
6014
3362
8221
6548
6829
4854
7910
5030
1865
1677
715
339
2932
6644
6903
4525
4201
7065
3918
5534
1692
6295
1582
6258
3331
397
5350
1927
3888
7414
2479
712
6828
6155
7838
6586
6097
2412
8891
7006
6148
6055
1018
3229
2685
4071
5939
6402
2732
3605
1544
1240
6674
5164
7035
2244
3225
7022
2937
1998
1729
7148
8638
3145
1368
4635
2974
2314
3701
4298
2309
2757
3034
5904
5141
1754
3851
8546
8034
7535
6751
5042
8939
8375
1402
1387
8191
7008
6316
1345
2968
2226
7682
8974
2489
6052
5639
2886
768
6392
5558
1876
8176
4126
7007
2581
4919
5055
4108
5210
3966
8880
6742
2756
474
8214
2145
3912
1357
8112
1024
1354
5738
3264
5079
181
716
260
1731
2720
7801
7209
6344
7093
8656
3943
2783
2339
3532
1639
769
2731
2964
3720
7621
2007
5129
2626
2098
2598
6915
4722
4914
8117
8944
2107
6579
2247
7890
1134
6794
2053
6708
784
6110
6489
3937
2634
5455
7956
529
4430
2809
7336
8944
6509
6713
8247
5661
4093
8674
242
6668
8064
7828
7254
8912
6600
5803
7152
6497
4878
2223
5017
3829
2313
357
1229
5654
940
2969
2382
7513
6536
5606
8117
4598
4793
1620
1064
657
6733
6341
1735
8027
846
3052
8201
6805
3793
6834
3587
587
5303
8438
3024
2305
7745
4441
4013
6525
3192
7531
2203
1336
4954
7317
6415
1026
7873
6836
6950
2897
757
3302
3762
1022
5450
4821
2162
6060
748
1917
5157
2429
4887
5604
1975
4387
659
101
788
7176
3636
2040
5705
2715
623
8106
2994
3608
6361
6020
8814
4714
226
3194
7278
7711
4646
1379
1797
0
132
2672
1690
6604
4232
8395
5600
3256
7107
3142
5918
1725
778
6044
5994
3926
6084
3344
721
6900
3060
1424
1426
2487
1487
4509
8824
4835
8167
3458
8062
430
1670
6799
2556
8202
3823
3121
4176
8811
4109
6103
3800
3606
4319
4435
6196
235
3003
8380
1561
7953
3455
2692
3279
1901
8368
8682
8788
6647
4617
8711
5321
4521
1389
1357
6274
7956
5351
7128
6203
5800
1590
7693
5118
2616
4463
6250
3346
5936
5770
1033
1069
6293
4463
2156
3657
6095
8185
3486
629
1381
2584
4380
610
2693
5605
3183
5462
4822
6814
8566
3454
6276
4433
7196
5955
2983
6861
5379
1887
465
5620
4196
7385
1146
4197
2805
4821
8410
6023
101
3519
7674
4223
3463
5933
1015
2466
3528
4916
900
2478
8838
4395
8962
3978
7824
7012
6407
8239
3628
5409
2065
3350
6753
5843
4981
1544
6282
4181
1377
7180
2602
1295
7914
7675
8994
3302
2002
3288
3837
4617
7569
7844
1005
4687
5319
5822
3044
8748
948
5351
7160
1963
2188
8322
235
4716
6651
1906
7486
6998
7768
3375
946
3712
4721
7080
5459
514
3123
4932
746
5385
4683
6364
4821
2239
5278
4984
4669
4152
5010
218
5331
4936
6791
6951
7871
7003
4302
2705
3743
2885
4540
5569
145
5016
8882
7130
6454
6667
3997
7137
7682
5415
4197
5337
2244
2797
3788
3212
2046
2491
6524
1099
8689
4382
3477
3358
7017
3522
5379
8887
2104
364
3312
3264
6754
2328
3771
5573
5061
1014
3764
4900
2410
5167
7562
6145
5812
8694
3564
5950
68
6762
1696
4392
7951
7248
4315
4092
4909
2693
1094
1168
446
5129
5209
6951
5498
4542
5342
5604
2709
1016
6093
5640
8046
5247
4576
3190
2091
7127
354
8499
8395
401
6241
4563
1663
3954
8668
7262
3574
5921
1154
1010
587
2334
6346
1138
7557
5214
5433
5212
1627
4611
2707
1281
7370
7872
3081
1477
7340
7754
59
5246
6791
7874
3666
5657
8383
6928
8348
847
6360
5369
5389
6783
5261
3313
6863
3838
582
2051
4286
1
6426
8404
8499
8011
7553
7640
4850
418
355
7853
6826
3979
8859
7836
8976
1006
5650
2782
1728
5124
7849
402
5442
8676
2639
1028
5493
8566
5842
2666
7378
3727
3582
6472
1568
3251
5423
7579
5967
3696
6189
5714
2779
1326
8707
1673
5359
1637
4364
2912
6227
3040
1563
2528
8068
2381
8820
2117
7711
7918
37
7030
826
2905
3507
2617
1142
8115
8906
3844
7964
3828
6220
6191
3539
5628
1661
6101
3724
8004
8665
866
4058
8406
6011
4486
6985
2630
2587
502
3034
250
8834
6364
3328
3245
1757
3253
1722
921
2404
5768
533
186
7574
7783
7429
3472
1195
6861
8553
7645
4269
1656
8640
341
8988
5064
3835
8402
3349
4301
2473
5935
1542
8503
2457
8037
5480
3598
1159
5297
2249
7082
4750
2846
3478
4629
902
7535
2330
565
1794
2989
3845
6022
3386
6630
4859
4947
3656
5039
5367
2709
7024
2128
3036
4516
8777
8965
8113
578
8314
334
2095
5199
3691
1068
6136
2879
577
3619
1077
832
1957
3679
8067
456
6450
4647
5692
4827
698
5375
2222
8417
6668
1593
5234
8390
4363
6803
2851
8555
8590
4828
6776
2371
2927
3895
2320
3776
3795
4946
8513
4987
4109
873
4141
4362
8391
5075
7722
475
2270
8134
6252
7719
6216
2911
4225
4618
1749
6409
2073
7007
1695
5247
8008
1961
3288
5685
530
6419
3855
6159
7610
7097
3030
8749
4406
4384
306
295
7378
2856
64
6474
4735
4138
2281
3741
7440
612
7858
6693
1305
4329
5746
7507
5669
8837
2904
456
5098
4246
3753
119
3707
8111
7395
1712
1170
1982
5129
5581
688
661
5964
1117
2602
3102
8242
4599
225
2367
8349
1912
7367
7100
723
6069
4257
3172
5245
7468
5117
1180
6198
2413
1841
1392
4746
7214
277
8544
4048
963
7375
5591
3046
2773
5081
5438
8111
6857
5273
8679
5212
6537
1005
2262
3436
584
4128
4121
1361
7975
8350
5097
6897
1005
6784
2465
77
563
1084
8674
2130
6132
5268
2481
8185
1028
2177
4912
5525
3904
2484
1649
4337
6219
8184
8858
7203
8769
4968
2617
7361
2251
505
721
3814
3603
2883
2285
7345
3522
633
6017
8675
421
5874
2808
83
7214
5292
3047
5319
5175
6245
217
4457
1137
6853
7692
3804
6642
843
5224
4633
45
6674
8888
1770
4868
6895
2833
7115
5024
7242
7087
584
2833
6919
2519
2838
6065
4712
4711
4474
938
3152
4634
5968
7224
2199
7255
4074
3161
7629
2161
7277
2657
6117
4018
4417
8986
5336
5344
4821
8377
8930
5049
4284
7196
7677
1947
2128
6207
1448
2916
4065
5470
5331
5024
2562
4700
906
8753
3673
937
483
1913
2657
4195
3230
6883
5262
4388
2937
935
8068
2753
7909
7908
2379
5906
824
455
5803
6341
8647
2618
921
7109
2304
5824
4931
4912
6194
7861
6782
8223
2273
1667
2217
1942
2674
1711
8957
171
8031
681
5539
6651
2511
5234
8618
7496
2717
7112
4332
2015
2444
6733
2413
7821
412
4182
7055
8882
1339
7287
1324
5814
7411
1564
7233
479
1443
3698
8210
8325
6221
1907
1000
3349
7100
2608
1469
7257
6184
5986
6312
3376
8584
2505
2953
2986
4186
141
4658
7924
1609
3603
4823
5442
7404
3479
4364
3746
527
5912
8978
7717
4393
2945
1262
3377
4089
5707
3774
5169
4581
4688
817
8822
4560
3274
7442
8878
5863
7882
207
3571
4161
2877
900
4863
6937
1745
8496
3507
1729
8325
153
4223
1061
2270
481
7988
1161
1693
1964
8645
7175
4726
4884
2323
6241
580
5307
8663
4207
3984
2900
5499
6350
8449
5711
6898
2949
6573
6727
6574
6613
8277
4882
7520
4301
6926
4180
4889
6839
7260
1280
7927
5091
7457
1828
5652
1221
2387
5792
6441
4469
6468
4595
5879
1412
2579
1714
3462
8262
8064
1006
7614
8024
3196
3865
8715
374
3638
7253
8430
1673
3322
4736
5661
2172
5901
7583
7637
8978
4404
542
7214
3718
4545
6866
3741
8151
2407
5627
8199
6421
7861
7506
7072
7020
7694
3802
1700
628
4842
574
237
1410
2013
2623
6947
7520
7397
2984
1257
8387
2521
1192
7492
190
6980
6515
5215
8107
3377
4238
4865
8801
3041
45
2192
5983
7735
1115
2695
8395
4997
4116
4827
4623
7736
1690
7435
832
4533
427
3126
8989
1351
5851
8174
8121
457
4155
8682
6212
677
574
5737
5340
1111
5612
8874
1707
6476
7701
3401
4870
7060
563
8500
4250
5702
6100
7563
2891
3915
6659
8214
3378
4586
2474
8424
5546
5371
7254
1801
503
3495
471
8810
59
5780
1523
8449
2334
7711
4790
1749
2690
3698
6071
5259
1129
3349
6834
7894
6083
3200
3461
8502
5639
3047
1706
5407
4581
2462
6480
3258
1742
8179
6254
2040
5865
4188
5974
8403
1899
7869
1713
4911
970
2204
1292
1429
438
8176
8631
4641
13
8523
4998
5633
3201
4904
6038
1486
3320
3983
1037
6815
1271
8678
7462
3488
3428
4314
4104
7378
8903
795
3179
8260
2211
3613
2726
2775
2727
762
2375
4423
5380
1749
4408
1197
4787
8002
2602
4585
909
3650
6833
1309
3061
7178
7284
2909
7045
3442
231
6354
4444
1131
5767
582
6369
5410
3857
6890
79
6209
2023
3204
6013
1605
4480
1140
4441
6946
5579
2124
656
186
7232
1488
8236
1676
499
1731
3531
4153
2998
2465
5192
2146
7217
4547
4328
4494
4209
4581
2339
7216
3674
5116
2988
2636
8506
443
2999
5282
3124
2764
95
243
5214
4435
7673
2337
5663
2646
3384
3723
6456
2513
861
3509
8406
5775
7299
7846
4017
3971
4421
7475
8669
4923
8197
4857
4162
998
3873
8455
8434
3020
2939
674
3302
2364
5430
4651
4861
2291
5201
4051
8898
5896
8177
502
4297
8213
455
3765
8455
79
610
2886
7459
5614
651
8062
2332
1264
5396
8614
4216
1040
11
2067
8142
3061
1545
7815
1752
1317
7801
6646
6433
2464
7287
6139
7287
3008
767
5904
8597
3654
1367
5124
2632
1224
6994
5231
660
4318
8770
7369
8242
7253
7529
5337
7304
5579
892
482
429
8016
8645
1135
7903
7549
5771
4526
1283
8095
8912
6003
2648
3820
5527
3755
657
8014
1288
5721
7877
1381
1937
8174
1069
7414
5538
6753
1449
5817
1005
8150
4623
7449
7081
7130
2849
3933
4698
4909
1770
6971
270
5248
1317
6404
5718
5046
3057
5299
2055
4607
269
2310
340
2704
3948
2455
4650
3030
1309
4997
3311
5752
2314
1955
2360
7437
1627
3562
1734
3131
6903
4794
1620
1438
8334
5011
3168
2441
3381
7747
7659
2991
7726
5080
8551
3634
3572
1804
2324
5437
3264
5137
6495
3581
859
8170
6007
3441
7401
1921
1677
7771
1646
6959
1007
2367
6832
1310
8617
976
2656
6034
8778
2506
2774
2662
5966
4706
3696
3506
5005
8913
5966
4258
3703
535
7293
7890
6602
7909
999
1854
6314
7595
8588
3806
1003
6136
271
415
1790
2999
990
4556
126
1038
8127
8835
542
4659
372
7740
5441
5143
2387
6108
6341
7996
3029
7384
1340
6955
4809
3629
3761
485
1204
7004
4660
4500
7870
5194
7209
706
772
558
2059
6583
1390
4428
6009
1864
1469
2862
1491
3050
7619
8442
3411
8791
1910
7143
3290
7127
6554
6217
8094
1823
1986
4164
2989
263
7131
2613
4168
405
4550
1555
1487
6776
7583
4109
8781
1479
5798
8661
7728
8543
1746
1594
1983
3195
2069
5435
3720
318
7096
6055
8437
3164
5427
2730
4186
1126
6617
5642
4910
4893
4398
4288
6412
1574
3102
2313
7629
2291
588
3724
7395
5330
5875
3294
6372
86
3141
5465
5953
3723
3293
7019
642
6176
6979
3747
8793
7981
6531
5678
5095
1596
3010
319
2326
8020
2751
2150
5461
4031
98
3727
5161
2982
1244
6915
8574
8307
8874
1812
8466
4395
6487
1401
7314
7431
8292
5065
132
5607
3263
6469
296
5735
6174
350
5291
3206
6374
3902
6113
5497
1988
6890
4878
3479
7959
5653
5290
1765
8264
5424
7103
6378
5560
7116
8888
3900
4012
7506
3503
6057
3495
1378
3955
2826
4605
7881
2565
6098
2559
8214
1349
2484
6535
7242
3430
4298
2042
4791
8730
2818
3509
8169
8475
955
4805
2842
3888
141
8383
5978
1840
6550
5512
3035
4845
2849
3411
3106
1576
2786
2421
7465
5766
5660
3894
4754
8588
7867
3751
318
6724
1197
58
8716
2651
6666
1074
8325
4054
8661
5704
491
6929
4819
4367
7314
1691
2241
2797
6943
4034
3186
3926
2941
366
13
5158
5990
421
4029
6339
142
6602
226
4325
8676
5267
8084
7139
6514
8294
8016
6771
5899
5638
7332
7126
1244
2712
884
4678
7043
5780
5759
7988
8612
7171
4163
6514
979
2484
8636
1962
5843
7738
1820
7841
4429
166
3525
580
268
452
514
6941
5301
5060
1243
2098
7949
7560
5295
2850
6290
3853
6852
6413
2347
4720
3506
8311
6836
3382
3165
1016
8969
160
3889
6587
5859
7577
6056
8881
5649
3197
5943
6753
1694
823
5527
79
5568
1823
6863
4350
6881
5463
4886
5203
8270
5849
1742
4296
1317
815
1388
6761
6627
6166
1108
1494
5235
7815
5738
1461
5619
5891
5075
4604
4289
4099
5898
984
6570
2218
7150
5253
1995
5535
6808
8059
7433
4954
2347
2985
8882
1882
1716
6648
4622
7729
5505
6583
7424
5877
566
3158
1791
2068
3434
2201
2962
4483
3312
6043
6280
1587
1330
6668
2588
3745
5039
6121
7159
696
8909
1743
1520
7172
1490
7363
6534
2134
4252
3329
719
2391
2409
2455
6473
1995
7784
3252
8133
6388
1334
5131
8147
2704
7085
3166
4537
5480
6983
8913
5941
965
5168
5157
2898
4033
3345
7677
399
4807
7137
608
7514
1681
5774
5995
2516
1844
5345
3234
3070
5546
2776
7019
6650
580
8757
8760
6252
6713
2731
7407
6359
5871
6864
6199
3572
6645
5174
8129
165
4098
5836
8577
7855
2430
5682
2199
1766
6844
7674
3614
274
4616
3969
1361
3519
8058
2548
5021
539
903
4392
5287
849
5817
1697
554
1706
3091
6516
7245
8507
7778
1161
6959
8465
51
5368
4976
8305
4141
6213
1285
8692
1723
4141
3287
7008
8201
7272
4577
3682
7407
849
6164
198
8951
2392
3433
6777
4287
136
5443
7942
6548
7756
8846
3701
763
1093
7072
4066
5005
8919
3506
7609
3278
1298
3802
2023
7666
2507
6033
4771
4917
8498
7572
2596
3229
575
4281
7324
3095
3846
4488
3018
2786
1825
6147
6302
1323
8133
1876
1253
2326
5500
5353
7660
199
2145
5974
1760
4706
5947
6040
4156
4997
6712
3329
6997
3455
2003
8653
7575
3509
8697
872
8211
6617
4068
2082
4456
4815
4058
2208
5925
5406
3136
3791
2041
3351
5304
2383
857
4158
323
1795
8648
1522
3151
8561
6750
4330
1248
6354
6935
1349
4477
1199
8012
5094
7722
7901
6143
8443
2131
504
6063
5912
1408
6544
6972
7989
1195
2369
5276
2633
590
2501
8388
8345
5522
4678
5834
4713
659
267
7047
69
8927
5577
7258
8804
3677
5435
2383
7274
8106
4863
495
5249
8054
8774
6113
5227
3445
5832
8182
5879
3514
8498
3115
917
6710
2845
7415
8319
8502
6444
3555
4535
5907
1346
8113
8079
4762
3021
285
3857
5507
4859
7825
4859
295
7439
4885
7750
8571
4072
4435
7356
210
5711
8505
2251
7646
395
8063
1914
6735
6370
7552
7583
5340
8998
4773
2923
2469
3809
8885
3619
3780
6319
4001
3940
4280
5687
6739
2913
8881
8701
6127
5316
274
7703
7618
6671
5383
7554
5071
2581
120
3352
4072
1659
2590
264
1698
8708
7531
5499
2137
6085
1086
8038
3994
7734
6259
3577
4040
3722
6705
6482
3037
8635
5037
815
5242
1308
7245
1014
955
6269
566
8331
1169
7053
838
6030
8803
5887
718
4557
1999
2507
455
5653
3825
4591
2558
6905
4190
202
5098
7893
3539
1742
1945
1498
8814
6447
5954
7629
6750
5932
7054
7518
6495
8753
1184
5890
6717
2062
6139
2254
5770
2680
403
7329
7938
6546
6195
8588
1019
712
4614
5720
7715
7351
2817
2436
5289
5556
3085
5354
4390
2008
6538
6101
6052
4132
7583
3298
8628
8431
8039
3495
7062
7289
6069
8828
4273
3075
3304
5613
8410
5934
5153
2513
3225
5060
2121
2274
5424
3759
6704
4097
5813
3612
1152
4021
2814
4242
5328
5184
3268
989
700
2670
8736
8378
2130
2643
1393
5375
5439
8144
8
3457
8592
7346
6683
2280
2949
903
5118
3515
6935
981
7624
3531
267
3329
2448
895
8358
8745
5600
6292
3080
7831
1866
6814
3405
4746
5368
8048
6686
8490
2240
5692
5823
864
4939
6031
5889
528
4111
2868
5663
2756
4890
4299
3910
3214
4375
7518
8118
1241
6645
4152
6949
5805
2330
2827
6875
5269
1536
6380
656
982
2878
2484
8529
6751
5423
2542
2601
1400
5799
368
7204
8376
5857
6944
5047
6495
4525
8628
6075
844
5599
5182
6249
5892
8956
1418
8703
2992
4142
5126
3392
8313
7086
8949
3426
8123
680
6591
3753
4403
2402
5609
4361
3678
431
5284
8616
1600
6616
2133
6010
1430
2498
5104
6006
8616
8699
4618
5246
1350
1261
6666
1708
4726
8021
1002
6831
3704
6493
8016
1789
1422
3197
6171
3267
2523
2121
4853
3271
5254
1164
2660
4206
251
7530
8548
2874
6990
5555
6957
7715
8829
2019
8140
1127
3946
6438
4880
4100
4217
6265
8603
6169
4316
451
6868
3901
2081
6691
1301
5983
700
8619
8550
6116
3142
7186
4269
823
5482
7568
5839
5363
352
6082
3352
316
1624
7853
235
2100
3916
207
8558
201
1866
6481
510
3523
2597
5728
3546
5348
4935
3419
8742
5464
6189
6359
6135
7459
5327
3686
1917
4786
3762
7167
4786
2665
6284
4654
3686
5740
324
7396
1301
3177
1379
4593
933
4475
4291
5878
7935
8465
2882
5911
6809
7285
4698
3981
7430
1953
3305
5122
579
2395
4360
1934
8967
5161
8955
3526
7782
1639
7116
3212
5186
3806
380
2377
3823
8902
7326
279
4968
3996
2113
4380
5995
5463
6691
4904
2510
1668
2917
1391
1333
3898
2063
2706
4706
5360
3720
3952
879
858
4569
762
858
4762
3791
4709
8749
379
3740
3376
3226
6016
4273
1004
6104
5275
4866
787
2244
338
1966
7322
7358
6060
4137
1600
1455
8954
8888
2961
8132
3008
8088
3636
8226
8962
7203
159
1294
7739
5264
2988
6959
289
694
157
8523
4117
4452
3116
7746
5462
5784
7797
2307
7469
2747
1996
8954
5131
5150
1779
8538
1942
6003
3636
3420
5770
8145
4773
5380
3349
4869
7529
7189
6283
4362
8915
1321
5608
7406
5517
2254
6556
5736
4598
7104
7528
3481
7234
2575
1831
2470
2732
2253
1247
7511
2847
1326
5335
4639
1186
412
8514
7561
5169
7462
5066
2843
6920
2773
8288
7490
1915
7179
7144
5602
4384
5512
8513
1631
4670
4610
2849
4373
7511
5312
6192
3824
737
5091
2987
2697
2338
3906
3697
3886
3873
5416
7834
1029
5226
796
7563
6300
1745
7525
4021
4776
3944
7408
7446
1513
8067
8848
2487
902
2521
7224
5364
3994
829
3671
3939
2610
5250
6217
8796
529
7733
2646
8319
8659
8300
2682
5602
7874
6245
265
81
1816
3417
2540
1080
7890
575
5723
8341
4573
5412
7905
760
3529
416
487
284
3734
3205
8302
7415
494
6393
7957
2237
7025
7842
5626
6963
6183
5097
4185
4111
1910
7783
6975
7717
5920
5404
3777
8045
4351
230
5302
5328
2272
3006
5925
5640
6058
2351
1037
2559
2777
3496
4879
7616
7628
5769
2913
7866
975
2970
4754
3283
7117
734
5870
6833
3181
7854
3445
4404
192
4155
6252
3199
6965
6939
3255
7165
8025
893
4161
3656
886
4743
442
8700
5831
8116
1947
1890
2797
244
6585
2545
6297
3699
8516
3007
7303
6099
7915
822
7515
5909
7078
7081
3122
851
8624
4853
1680
217
727
6309
297
4210
6968
6605
3710
2055
6476
5816
1255
7330
7137
6533
1271
8769
2342
3956
3728
3309
7504
6935
4580
2954
74
2635
5301
2545
4396
2094
1122
8265
4746
8194
7238
2277
7199
8383
958
5479
1127
4992
6079
3649
1262
8035
5146
2612
3856
7988
893
7842
4262
4619
5440
1397
6369
6417
3088
8883
7887
1978
4747
1257
7415
1812
945
636
1722
8487
979
7046
7080
5660
8042
6437
8636
3143
3287
344
62
2969
8323
2299
2699
1422
3810
859
3394
6046
5608
1259
6013
6215
7224
8939
6242
1791
8525
4034
2150
5511
4631
8450
6109
4187
2613
1098
8680
3438
6097
3090
3763
1722
3244
7991
7913
3613
3318
8774
2607
7055
7162
2397
3635
7632
5068
5197
3271
2454
3424
156
3365
8172
5928
2143
5640
8703
154
3612
2124
7618
908
8389
5692
3161
2181
1281
5718
946
2337
468
101
2199
4248
7663
3459
3800
4307
5842
7337
1182
3900
4998
7388
7210
1322
4687
5541
2524
6238
3022
6014
7224
6813
4109
1876
8386
5657
8444
1525
2866
8542
6073
1792
5099
447
6347
4883
8493
5338
863
6476
7090
407
4323
3568
4286
944
168
4802
5007
1189
4222
5945
2636
6359
6743
3072
2762
4470
3181
2051
6498
6986
7695
347
8454
738
7702
5854
5906
2573
2279
478
1151
5683
4561
3020
450
494
7517
8945
6932
8866
3742
7961
3922
1895
1670
2956
2477
4647
4352
5490
7052
264
8956
6059
237
3199
8188
376
2770
7871
3750
6769
1280
5749
8890
3988
1907
8025
6011
566
142
5331
7618
2706
8079
4367
4046
7803
1966
695
2816
2272
7805
6956
1603
6691
2939
6617
6873
1813
5235
5636
3368
4154
6866
5561
4307
3508
3350
4372
3221
3255
4545
7267
5024
3808
2949
2238
2603
1099
2761
356
8051
2279
3138
1923
4960
1920
1373
132
2288
409
1520
2120
1217
3940
4320
971
4640
6176
1285
836
4007
2758
5130
2413
7266
4872
5241
8974
1834
2981
3036
1344
2739
1189
2421
5464
1400
4862
3118
5315
8847
3793
5917
5856
7694
7564
4015
2999
6596
5629
294
860
2333
6519
1229
1519
205
5420
280
1179
550
4808
5552
4785
7605
5037
7932
3688
1294
1192
3411
8163
2304
48
6934
8592
7538
550
595
2704
3893
4941
2163
1256
1700
8648
7613
6947
3853
434
4796
5194
5843
3310
4331
4449
2885
251
1833
6630
5046
835
3792
1769
191
3233
4303
59
1866
5021
5967
3724
7581
4462
5418
5429
7046
5378
7431
4862
5166
3373
1810
6030
8294
923
1889
5277
7670
7860
1538
4807
901
6467
4544
2015
3002
2954
7836
3893
4321
3902
7783
7054
7457
5787
4669
5198
3458
4364
974
1661
1187
7385
5959
3187
1578
1957
3597
6057
4781
5866
5025
6350
3829
8420
2191
6658
467
3783
1273
7626
8283
2557
6432
7905
4260
8056
1954
568
7449
7176
5231
2978
626
6466
1445
2638
4619
8278
1340
2385
5510
1451
7188
8575
493
3865
3674
1022
8519
4194
3498
5408
7732
3933
5038
4107
956
8745
412
6094
2353
2043
7381
8354
8189
7748
5146
8506
8493
8195
8921
6729
3837
986
5654
7247
6742
6398
7453
3431
6178
8728
7395
4160
5576
5740
2804
2814
1267
5243
430
2548
2397
209
3021
4065
8649
4740
3392
156
7413
3503
8953
6180
630
8635
2466
3809
4734
3681
5531
6905
2120
2942
4960
1640
7340
2715
8070
4879
1718
4640
894
3831
8305
3653
6330
2314
4609
7341
1205
1087
7390
1135
5496
1368
7316
602
6894
2129
1583
3404
1648
2944
636
8175
5461
3635
203
2456
4937
8178
7857
8886
5543
7234
522
4772
7321
243
2115
515
3964
4071
6756
6455
7233
536
2020
483
1261
7988
5744
2963
4858
3223
4108
1703
614
4598
1570
815
505
3947
8519
4448
7437
2306
786
6377
4270
3295
6553
8978
4600
265
6772
730
992
6895
1746
2154
1091
5358
5810
7236
618
6788
5386
7762
4879
532
7763
2612
8721
5318
8166
2522
6587
5490
1391
3233
4396
8105
2400
2118
3807
7504
441
8141
8266
5610
3914
1708
8923
553
6811
7633
4759
2745
819
7900
6756
6609
6420
5626
1030
6919
8240
4328
2527
350
7789
4560
1263
4751
3611
3947
3468
7761
3063
3499
258
7070
3184
