4339
7577
7239
6265
7823
1118
4735
959
6773
515
3985
6640
9342
4156
8464
4914
1689
467
7709
2155
161
6635
8888
2353
7566
5362
3974
1871
4471
5427
9390
3029
9573
8885
5309
3005
146
7844
2537
7749
64
8762
8067
6142
5079
7497
8709
1584
2726
8343
1067
88
507
5319
7199
9343
6909
6080
6284
7160
4262
9404
4516
6309
1663
1391
3677
8726
4467
690
6038
4400
6197
7995
5623
4518
8590
8027
9014
9239
8110
8372
7782
3347
2436
6516
1082
5083
2697
2402
1672
9588
6966
1604
3880
5432
9941
7130
5035
7353
6197
459
6537
1267
9416
75
562
2109
5911
3125
8374
8011
1205
8987
5505
1235
6224
711
8158
3689
3428
5148
3484
1610
6793
4990
6190
737
9837
7531
1324
3386
7437
516
9190
7969
9260
3068
25
7174
1206
1005
5482
9583
4014
9249
2928
4409
9652
1395
9934
4189
7346
786
4526
7115
1845
9887
6121
5270
5193
8964
6066
3772
9309
4721
3522
8863
1846
3796
9886
1205
4208
1572
7846
5353
4399
8203
8231
8715
8531
2141
4655
5819
6217
6361
2816
3565
7470
6203
4253
5177
2190
4011
1682
7187
1675
9030
7713
978
778
662
7991
2318
2376
4337
8941
4459
266
7211
2601
9901
5649
1641
2821
6695
1659
2915
9511
9587
918
4421
672
4288
9264
5795
1841
7955
7579
2790
3510
7868
9772
4951
6934
5287
5954
9894
67
4890
1747
743
396
4833
770
5962
851
3780
3037
3830
3768
2
7795
3794
9459
909
1459
735
8657
897
6143
9109
454
402
3968
8889
8097
593
2466
9400
7405
7034
9408
8498
5315
1038
3643
5125
4717
5416
6835
3413
1526
2669
6152
5910
5789
5413
778
9910
6824
3649
1965
4105
3556
2648
1065
5697
9819
8242
4797
9386
1071
8672
3139
3152
1458
1653
3471
9598
7256
1493
7713
2164
2996
6409
6154
7092
383
2620
1787
8825
8936
5318
5656
6036
7333
98
2220
7348
4119
8829
1542
4561
8556
3230
7217
390
5805
3308
1394
5704
1672
1473
3754
6071
2312
8041
9963
3473
4816
4966
9688
269
1399
724
6421
1562
2604
9348
5341
8085
1211
1127
9186
1489
2744
5833
8622
5494
7336
8599
6729
5416
4256
1246
4212
9747
4933
6850
9089
432
8513
1543
822
167
583
2048
8358
4593
4110
7409
31
6344
666
1523
3715
8365
7144
9908
3406
5750
4055
7705
9862
5186
4244
4881
8865
6298
3694
6278
5600
6470
7673
371
6584
153
5918
4989
2577
4955
2655
8831
1288
4321
1319
2678
2303
7434
1104
8885
917
8584
3006
1910
2560
921
57
9806
7045
7522
6953
5884
8906
6855
6826
446
8948
6809
654
1519
3034
1548
7249
8801
7546
9716
6072
1331
6185
924
9539
4799
2294
6466
3474
3683
4792
5522
9155
649
5574
1646
6441
3221
5605
4535
8536
6891
1980
5722
2013
7147
7107
7082
7195
2298
2074
7702
1648
8030
2790
438
8998
3749
4246
5655
9781
3939
52
7281
1445
8150
6358
8690
4514
455
7588
6233
4936
4944
6853
448
6558
9236
9218
935
7807
47
1420
7769
1619
2364
4473
6221
2828
157
9801
3468
9852
458
9895
5305
8196
4969
1962
3378
1799
3734
7676
4866
2798
815
1090
7248
3876
5375
9050
3607
2433
6053
7203
5523
6964
7408
2854
3525
7146
569
6914
4115
7019
1725
9541
6751
851
8454
4614
5666
5438
2693
1759
4437
1389
6669
4825
8236
5493
95
9167
2944
4470
7342
9429
4631
841
1566
1521
737
8611
3566
1479
5634
6774
2735
8370
2839
8055
3008
2110
8823
5706
1784
4003
5847
3865
6255
3180
3146
6804
2456
5478
996
7554
5295
8804
1961
9125
1259
8111
5430
5020
977
5482
3627
2994
9061
1347
3028
6227
6589
806
9715
527
3620
1132
4236
503
9111
5664
2205
341
1983
8850
8199
9272
4716
8565
1117
6924
2075
163
8520
8392
9780
6736
3396
5585
994
8043
1755
4700
6927
9281
3820
2145
492
5308
8056
59
3674
1689
329
3131
9240
2407
9950
5885
713
6251
9975
4514
9825
225
7418
60
8972
3756
6048
5720
8651
5423
9552
5350
7292
2612
4325
8724
5076
7049
1694
4728
5308
3099
8786
9980
981
9850
7661
6916
2506
4172
2156
9243
5473
3101
1633
8251
7933
1396
419
732
3635
7281
4966
6788
1030
7315
546
7420
385
246
8755
1475
401
937
9116
7067
893
7693
8824
5217
7746
634
3311
1451
1855
5868
2897
7674
4474
3386
3442
1999
590
5559
8978
1162
7538
7841
311
5901
7014
999
3482
9663
3756
8408
1819
652
2193
3127
6834
5146
4711
4458
7827
7174
8736
3681
7869
7949
9673
8339
5375
5207
9089
196
6695
6461
8772
1044
8137
8043
456
9377
136
1409
979
4428
5412
1507
8535
2953
9824
3504
411
9312
7518
6752
5192
6592
6058
391
7917
4547
8080
6422
4463
4509
603
4256
4480
6654
5482
1850
9482
1335
6865
8236
3337
8777
3898
9044
1362
41
7493
7658
9284
6863
5315
3869
4794
270
9499
1884
6441
6350
5448
7714
9788
6277
7311
4584
7978
1268
8688
9534
2705
2749
3880
7749
3969
7842
6497
3875
23
5449
6951
6409
9684
8685
1895
4962
2714
9614
486
7921
4675
7543
2283
5885
4237
5424
5178
6393
3350
8346
7102
892
3504
1720
2482
255
1040
7501
8493
8180
6585
640
5608
5348
960
1692
8124
8241
3868
3444
925
8266
2125
4467
8989
5341
8806
3634
2590
7830
5079
8883
4296
7894
6779
2986
2979
6223
6011
4700
562
5579
7053
2783
3084
3069
5501
4097
6920
2143
6501
9508
2452
7194
4188
1670
8354
3124
4889
8800
7936
2100
9923
8228
1490
689
8535
1561
2510
1112
2372
7940
4884
1388
9046
5564
4760
1992
8781
3007
798
8800
1401
6787
8304
7302
7572
1716
4494
792
8348
5052
1315
4918
2156
8034
9345
3057
2823
9289
9064
911
6800
232
7848
6972
4120
7546
9744
874
613
5372
8018
5176
3851
5412
6757
6945
6217
6753
1190
3052
5475
6685
6044
9425
248
5294
1959
1979
8815
1692
6213
5048
2659
9070
352
2717
5608
6157
7783
7318
2632
7738
4424
9228
4863
363
7271
2192
9663
5984
5085
5939
8225
4004
7311
9992
4889
175
9370
3953
9700
2216
1464
1078
6737
1576
242
2276
4745
4650
3299
9409
2524
2190
2932
2782
9610
5357
905
4166
9082
5718
983
8115
1226
5911
6160
656
9524
6327
4829
6376
5354
272
4390
3789
6574
3963
2337
965
5024
6436
5653
7215
708
156
5066
3092
7967
6988
9792
2792
3998
8279
6600
6287
4403
7929
3330
1628
4941
7292
707
5541
5075
1401
947
7154
1021
3467
7889
5428
6720
9695
6548
4355
8355
6855
2847
9344
6722
9887
3711
2281
3151
6071
9412
9163
7503
9662
2890
4897
8120
6336
3651
9818
454
294
4994
697
5860
9995
2454
4630
1405
5839
2706
7682
5167
7397
149
423
7544
9415
4651
1134
2144
2617
8367
8234
7411
2427
2203
8034
3385
7783
1998
4876
52
3099
6008
7637
6422
7553
8725
6829
8396
7177
1220
6895
3066
9736
9698
2350
3092
4570
7656
3066
903
5234
5934
6274
1010
7939
1690
9668
9572
839
7049
3136
7875
5420
9401
3115
2438
2671
481
462
5904
320
7357
8750
474
5765
7769
1431
5931
1946
601
562
7910
9270
420
774
5424
10
9851
5994
4093
2322
5657
4440
6487
9598
4792
7710
6249
5322
1501
8302
3054
3384
6914
3909
6145
8320
9119
3448
1248
4494
2019
3946
6834
201
5924
1450
1922
6356
2801
1657
9368
829
9361
842
130
8499
3370
1042
3364
5893
9247
9295
6601
8806
3735
1077
8180
7132
438
2195
7784
4039
554
5781
4656
2831
7972
3634
9083
9766
2721
3429
2504
748
5797
25
4395
7778
6851
1613
5305
6534
2554
4375
6885
3725
4479
149
9895
5422
515
7710
7030
3195
706
3495
4754
7403
9608
6674
5984
3971
8799
1089
1939
3235
3001
9064
5875
988
9862
3072
7645
3967
8691
4664
6471
8689
5039
6278
734
715
9739
4796
8878
7389
2910
6517
7037
114
7634
2686
9108
6991
8158
1921
5435
8805
6929
7773
7440
343
6888
4034
6676
6677
2540
8120
1666
3798
9483
1199
7821
2772
3601
7456
133
4385
9906
1507
4917
1480
8375
6666
9404
4719
6579
650
7749
2296
6337
5210
2678
2342
8044
5125
9378
5452
7978
9513
1451
6945
6182
2641
8903
3056
6489
2000
2990
3116
8388
7636
4606
9921
60
4378
6586
3733
6370
4752
4373
8622
6414
8357
4871
4317
9287
3357
8507
872
5842
1553
7269
4901
4709
2883
2162
5633
1239
4159
1917
2705
4102
9020
1387
8736
6484
4178
9125
1656
7678
742
6576
3612
2474
3137
8938
3153
7933
911
4498
1580
4087
9346
5764
150
4380
8103
3889
3517
863
2048
5095
2564
2365
2737
3618
7355
8115
3910
4174
5785
9788
3953
7112
2805
6875
1250
1536
1396
9906
8526
5325
2205
9133
3298
3325
3273
7214
5105
3975
9974
4150
5977
480
922
3788
212
997
9620
8253
3626
4955
222
6672
6580
9121
3694
4356
171
3071
8125
9465
4255
3982
1935
9400
8052
2627
6480
8080
6022
7385
2432
734
5981
9258
4421
3528
6091
4218
5408
278
7843
1856
9514
7933
164
161
8508
4937
4498
8939
4621
8903
5878
1227
1110
8140
7164
43
7426
4534
7674
9788
4321
4637
5136
6635
5211
6821
6954
6995
8466
5234
6451
6256
3361
7784
9860
4011
4081
2671
9514
8071
3738
4367
9622
5126
7397
5758
5581
2344
4848
2211
9040
9170
187
9030
5190
7
3696
5206
3605
1366
1104
8870
4095
911
4327
1173
1513
323
2401
2760
695
7079
4199
711
3363
4788
2817
5201
685
9807
1920
5324
2316
800
5235
6765
4451
4465
534
800
9822
1717
2396
5237
9275
1298
257
9703
3094
9340
818
9130
845
4400
7640
7056
6258
1977
6703
3880
5599
8483
4132
5285
3971
2634
845
4838
4219
1101
8899
7734
2796
4789
667
6226
2732
1500
5922
2003
2592
9868
1158
4952
2224
3685
2353
6801
967
6777
3968
2441
3767
9816
8403
3745
9385
420
8157
5557
2066
8176
5034
4350
833
8410
2880
6723
6500
9425
8687
6717
3098
1493
402
2550
2788
9082
3543
1980
8661
6680
2155
999
1337
2259
5086
7285
7489
546
6694
8943
4604
5085
960
4314
177
9848
2081
2860
3192
9270
1386
8872
569
3580
9194
8280
7293
6932
4621
5718
4865
8778
1890
4807
3512
2807
8379
2868
5344
6231
8349
5351
8861
9065
9944
4030
8977
3843
7280
6959
4877
3183
3817
8057
9857
6757
5682
306
1695
2182
9736
5394
3486
8083
4363
5755
1418
2424
1389
3187
7305
2409
54
5808
7737
4823
6822
8848
4948
2014
9378
2753
8789
6654
1567
8211
8693
4820
7197
1352
5118
3797
4634
2133
7089
4487
3032
9529
9282
3275
9720
3590
1297
7466
869
6224
7716
3259
8510
2977
4783
2895
8715
1879
630
9465
5089
1803
9129
2781
1728
6239
5934
9604
5801
883
5485
3017
8829
2243
2132
5124
8785
2673
5211
3808
5998
9178
7826
1226
9236
6328
5366
8744
543
6052
7522
356
2594
1157
8818
7092
879
1562
131
8248
8184
3295
5031
9215
4064
9215
5700
4613
3147
8919
5004
3389
6036
5123
7335
5911
5021
455
4028
7583
3889
5116
7615
5362
5894
1461
4084
9309
4510
284
961
4100
4716
7550
5298
1323
3459
5792
5894
9124
7962
5469
9143
4774
9628
6701
1047
4727
3948
4259
7910
6598
2806
771
2047
8119
9121
8222
2146
6524
4976
9291
9933
5884
776
4500
5635
8546
8491
5850
4942
2565
8675
5654
7585
1647
1226
1406
5094
9005
5558
9616
1415
642
7490
637
1800
4776
8632
8981
3249
6052
1291
1851
4617
8949
8688
9124
7213
1657
3324
6946
6289
3035
104
2888
749
1773
6034
9241
3977
365
1438
1345
67
4936
1433
8127
2317
1688
5789
541
1812
667
4641
7630
8618
3138
1624
883
8613
4130
9578
5706
3457
8778
6623
3204
9248
8481
7223
609
9042
76
6952
6171
8816
8266
1023
763
6657
6908
4455
5867
5855
9715
7479
7626
9428
9847
4021
1269
1487
1986
1752
4600
243
9655
3356
5809
9278
8834
335
6381
9158
2846
9448
1553
6735
397
5895
4311
74
9863
1479
8259
6264
9153
9504
2049
7372
1849
3978
9309
7870
5101
1483
5167
3243
4197
6833
3441
1338
6195
9132
6414
8106
901
4898
3384
3479
916
2550
7110
5819
237
8259
4377
7968
8282
9794
3129
2436
9596
3243
5216
4870
7222
5159
8163
3821
8537
3844
873
8264
4072
5810
2969
9824
3447
6555
7332
1177
8645
8720
7644
3319
1523
4350
1712
974
6208
3247
6405
3266
3938
6348
5634
2892
4755
1312
6520
9582
1734
5144
4988
8477
4244
8199
9875
2141
8984
150
2569
8092
1539
5593
5837
6644
8236
3900
7740
2356
1624
6700
5049
6616
9922
34
550
7460
9655
5018
626
2704
4048
3026
9343
6653
2637
8477
5630
9174
3259
4760
90
9601
9857
5252
3934
2629
4157
626
5283
4582
294
2189
2681
3563
7805
1952
177
2001
7445
1128
5606
5896
8780
9844
7606
8795
1237
9962
5920
6797
7124
1155
6252
1759
901
6102
4881
1998
1529
8307
5895
7385
9502
693
1914
5232
697
9530
7015
1400
7587
863
7142
2507
3405
1476
4180
956
8706
4336
8300
5032
2856
6637
8882
2184
4993
675
3692
7443
6820
3347
413
7840
2099
6681
1518
4457
7530
5413
2347
6508
4371
5475
3080
6011
6168
2678
8302
5187
2438
1539
7110
793
6730
2073
8737
3648
4923
7775
210
4696
2723
278
232
9536
2107
9614
8251
5084
882
9540
4530
2257
4762
5032
8975
9197
4672
9004
728
5493
2966
233
5155
5542
2766
3404
829
7580
8517
2542
1079
3265
4137
3793
3981
5229
1545
5173
6484
7196
1096
3083
2400
3901
9469
5217
1183
5430
5337
1708
7541
3717
5350
5252
5605
1665
5561
4537
9209
5792
1844
9907
1231
1106
9451
1015
8448
6010
6240
5349
2493
2684
6861
4558
5064
6849
9070
5604
4844
6776
8504
6489
2907
8136
6426
2121
4322
1056
8622
2948
5274
8479
7436
8675
9294
4367
9324
9356
436
2075
7461
2833
1018
8642
1415
626
6943
3828
3506
5939
4939
3529
6288
4152
7179
7521
6342
3148
5101
406
162
3841
6820
3149
5841
6290
3336
8364
7376
6501
3822
2709
6861
6028
256
2032
3322
9754
824
88
7436
3906
5758
4923
8790
651
4780
6021
5133
449
1690
4358
3448
1605
3322
3471
8551
1524
9586
925
4476
4084
8354
700
1962
8379
8993
2876
3672
4346
2649
4993
3554
7255
4395
2196
3869
1880
256
9863
4405
9739
973
2550
1781
5235
209
6345
7905
5020
6079
4262
6003
4448
5539
9491
1313
5602
419
8969
712
6679
3363
9092
7175
1988
7237
3911
7162
419
8571
3116
1344
1055
7386
3561
9100
4831
6525
8894
2965
1536
227
8139
5418
1082
742
6655
8294
3588
4425
9931
9931
7764
7101
7428
4319
6686
8592
7959
1200
1614
6290
5271
3252
8353
7685
2883
8737
8285
7121
8147
4934
5442
2130
7232
9860
1208
8847
1859
4589
8807
3879
6309
1591
21
3593
7398
8237
2889
560
8666
51
2575
8057
2349
4531
7925
7763
7671
4153
5394
8242
9819
4215
2390
992
4249
8406
3933
8833
6692
1498
2893
1153
7325
8304
4766
7036
7566
4022
3497
1385
7859
487
2249
8308
770
2307
8398
4407
4699
3351
4993
5748
6139
6893
7074
1746
9003
4243
5949
4497
7093
5376
8923
507
2598
2617
4324
6361
6303
4495
5346
3168
5509
9490
3600
4758
8521
1670
2258
2757
9554
4336
8575
3210
2774
1901
9848
3018
1480
2207
5516
2451
8587
7269
6468
6138
6164
6678
842
198
6925
7562
7095
4535
6230
5573
7689
1716
2487
4273
9891
2353
9984
598
9630
8873
9265
1385
7566
9902
4517
3759
1279
730
6825
8556
4558
9728
955
6364
6084
5940
6301
8764
8589
788
4393
5638
9847
450
495
3720
2454
9695
2377
7648
8532
1669
6799
7990
8806
3345
9526
9334
3961
8331
5524
2552
5307
7315
8143
7358
631
9866
1715
6921
3640
5354
7810
3624
4238
1395
469
5247
7134
5875
2257
512
5028
7041
5029
872
9668
8119
6416
8008
7359
2649
527
6718
992
9302
1540
9600
8645
4186
9442
9557
7115
9661
9221
3056
9443
588
6878
2201
8657
9778
748
6746
6275
754
6103
1331
3022
4708
7381
8186
7747
1370
447
6227
721
4253
3342
727
6516
9481
9695
7908
8972
4321
806
5857
5256
9697
1710
9516
5889
7166
9518
3250
6947
876
9623
3531
5606
1532
7723
5599
4347
4271
728
8137
7026
1372
4801
3414
5304
6090
3405
9690
5421
7787
2857
5056
1460
4997
856
331
4563
2765
3579
3053
5018
2210
6588
9427
1297
5556
5940
7868
3610
5711
5917
8821
2054
5000
945
2658
7059
8050
7953
7930
8803
909
3714
1056
6728
2525
4081
5145
9819
2690
8919
4143
9484
7017
6136
3249
467
1598
7205
2596
9285
9724
1970
107
4498
9427
4002
1422
9547
1525
2974
8506
8242
8029
6564
853
4234
4060
5932
9532
1084
2577
8806
971
7403
9253
1279
2072
2672
2608
707
2156
1583
9579
5692
1375
8954
5859
7096
2703
1060
9302
649
7260
2653
318
7510
9060
9148
7399
5646
4246
7724
7007
9644
2469
6669
4025
967
2299
5563
6877
3889
6471
3068
6176
8799
6852
8722
7931
4887
7128
5520
2618
9589
8662
5354
7540
2249
2688
3653
7586
4346
7804
797
9214
4430
7457
1605
3402
5841
7647
8889
809
6226
9785
2832
6430
62
9680
1853
4655
20
621
517
805
4151
3098
331
179
1458
573
8566
8657
6773
9442
2628
9268
1294
85
3352
139
3859
8569
9182
264
7884
23
8208
9562
9245
230
769
5699
8145
5843
9142
8267
7346
1117
4452
3632
7365
9264
8709
8231
6531
4540
8965
7124
6001
5362
2264
9521
5953
3995
3310
5007
1553
2948
5710
3367
9250
7673
528
3147
2531
2749
6519
5759
1067
1843
4987
2765
2662
4365
2181
4505
7751
2318
835
2385
8587
5678
3211
1952
3438
3706
829
9713
4839
8101
4929
6634
6398
3919
9727
1004
894
9279
8509
6037
726
6448
4131
432
4393
3878
7962
426
5813
588
2515
8002
5841
6588
2069
828
1823
7482
1550
1729
5569
349
4474
5063
7864
4442
7345
6713
8983
2110
1323
2179
3558
392
1423
9868
2754
4306
4729
9583
8946
2650
3785
536
6037
6161
2280
9400
5415
9471
9206
8229
482
2400
4399
2513
5601
6895
9516
8533
4624
9294
3317
267
8767
3423
7764
6581
2166
1442
4213
92
3346
5836
4649
7336
4108
4544
6266
7513
4683
2988
329
3632
2384
8339
6211
5758
9184
2146
4946
2230
3118
4849
6879
9217
8374
5641
3670
3183
7383
4748
3202
6548
7544
4085
5287
2855
5419
3565
3374
3554
9006
7703
2875
4662
3246
5417
8410
7263
6902
9447
2968
7264
1206
7950
606
4026
5567
6729
2776
1006
7162
3844
1844
9981
6520
9339
7526
7271
1732
2781
4312
9112
9477
5619
8175
6620
4960
4983
8681
3243
9546
2146
5778
8645
2378
8518
1573
9930
8221
5845
1471
4662
4851
6684
3296
3160
5063
6144
7899
9934
5917
147
493
6143
4259
9315
9114
9044
8746
6256
8083
5268
6782
1175
467
8298
6304
4847
7897
5397
5333
1023
2704
1500
8423
1627
617
1212
8297
5897
6810
9439
8712
3732
7024
4011
3181
8044
2448
1652
6800
1128
5420
8095
934
9210
9841
5732
2170
2093
2332
2254
506
4653
9692
4131
4600
4002
4067
2043
5793
3483
1991
6766
8827
9811
6021
1871
295
1619
7349
9791
6117
3572
9960
3631
6071
8830
1262
918
7214
898
2516
3018
7409
4945
2874
2319
4316
4695
1187
8553
3924
8952
7125
3296
4280
8357
4641
9039
6612
3098
7277
3689
3743
3591
4460
8537
8948
1353
5103
1076
8222
3381
2244
7117
525
3344
4861
9700
7669
5118
9852
6892
1669
661
6650
4583
1413
4093
9655
705
3512
5494
1595
8166
2433
502
1003
9729
9858
5197
2167
482
4448
9239
3857
6074
451
8878
2408
934
217
4058
2482
9318
4793
8982
1128
4425
6213
2111
395
4455
2680
1051
9700
3434
5727
4404
6201
4330
2629
4928
716
7012
4567
5454
5437
2182
3798
3983
6272
6265
7946
7407
3097
3116
1587
9582
1508
9273
4251
6352
129
4726
1304
2653
3004
9066
8157
1317
7451
489
880
6996
9760
766
454
7182
4526
3428
9275
7143
6313
4754
6158
9761
1878
2225
8744
1875
3137
8347
4573
8179
1214
9953
4619
6864
6727
9048
1215
4878
7603
9682
2488
5342
5608
8485
7715
345
168
6378
2965
9834
3542
3156
9863
661
1756
9514
9867
2440
8533
5987
3262
8636
2325
8589
4790
2872
488
7306
4330
8050
8936
2712
304
3698
7256
7339
3025
7190
6189
1786
2617
5692
2013
2402
5387
5407
1567
8123
6689
8208
3682
2405
961
800
9466
3230
2412
1048
1412
3363
5376
8566
9995
848
269
5860
8931
5462
5524
7302
7283
2632
3706
6688
1296
5394
6061
9698
6644
743
222
7329
9325
4789
9004
7699
8113
903
8945
5782
7791
8471
4310
7213
6338
5118
6594
1848
2175
6313
7727
1471
8077
7593
45
716
9620
1320
1136
4258
557
675
3797
6141
1306
8696
562
5735
1023
525
8251
1444
5389
122
6336
7963
1440
869
7043
1906
6014
8968
4136
9253
8783
6113
9814
8754
5836
3174
5018
5988
657
3522
4154
5721
4140
7089
3111
7330
8935
1108
8923
6280
530
1489
6434
1893
6905
362
4470
7462
3157
7656
6658
9371
2766
3380
4248
871
286
1809
4302
7339
4753
1610
6178
762
5288
5076
7679
4472
589
8895
9384
2260
7713
8430
7889
6591
9201
7104
3852
743
5096
8971
3137
6533
1757
1493
4583
3568
1660
4942
1487
9387
7955
7277
5809
8146
8307
405
6702
1612
6582
4435
8355
8141
9551
1303
5823
2059
6637
8093
5596
3115
2282
2119
7289
7432
6512
9593
8824
1359
1003
9168
147
3257
1594
7823
4714
566
2926
8024
2311
4754
4293
9396
4451
2263
5568
1759
7569
8463
7456
6979
680
2196
5104
1295
3502
5991
5116
8419
7711
1593
1711
459
5005
7001
7706
5813
3138
5242
7664
9329
6880
15
4894
4261
8442
3958
1688
1514
619
6719
8991
1494
5716
2168
4526
1911
7636
374
3204
8296
2399
7970
5724
5907
6049
6237
6551
2915
4508
4977
9484
6421
3052
8374
4133
3067
8156
1054
6699
5164
242
3758
5228
8155
7157
153
2456
979
6335
1130
1708
2492
8509
4718
3957
300
6739
3083
2390
7085
4572
7969
7621
3878
6031
2476
3311
9833
3486
579
6700
3337
7384
7808
29
7574
4462
5788
9202
7559
4099
2982
1112
8594
9180
8400
7391
299
1783
6007
9594
7062
7832
3597
4592
9882
9950
9876
5103
4053
5780
6377
5584
582
2595
3754
4165
9755
8772
6869
8767
1015
4404
7631
6877
671
33
1326
8878
738
5233
5268
6071
7507
2017
8728
4065
7812
5547
5378
2153
8561
6401
1811
9851
1014
9285
6879
8953
6477
2427
4536
1236
2168
9398
1144
4078
5799
7599
1771
8182
1239
2741
2118
5266
7672
814
8248
7675
3416
5579
8059
5106
4705
3321
7623
4992
3164
7604
9268
2764
8945
2102
4537
2181
3885
1885
8838
1455
1373
2363
6618
7867
5885
7783
9810
878
5432
3808
5151
1539
1515
594
1154
7997
8266
1473
1095
7973
6238
3186
3644
1426
9946
90
5324
790
2937
9533
972
2788
5031
8104
5408
8768
5912
2987
2955
5567
136
1854
6754
5230
2991
4324
4620
7550
5120
3837
4968
3980
4751
4501
4587
559
2094
6490
5877
2443
8466
3131
8638
6738
8054
6667
4914
9834
876
6245
582
3450
7291
2362
6693
5981
250
3909
7036
8073
7783
1696
1439
6570
7156
7903
710
7336
8814
4954
8471
6359
9004
8953
6129
5084
2209
919
8898
4973
8365
1113
7414
4561
5718
9192
6812
8071
7551
4330
183
3907
3586
7518
6590
323
5679
6822
6912
5935
481
5695
2120
2159
9753
588
7832
2007
186
1249
7333
4141
7600
4699
735
6890
7357
3421
251
7423
3457
9557
127
2879
4550
6061
9098
7706
5558
9469
8541
4187
5993
9469
138
7975
7486
3928
2551
9061
5829
6605
6335
7917
8871
655
4662
5785
5075
3036
2534
440
5463
5899
2059
7313
2534
8094
5847
6693
6427
8791
7522
381
9627
9511
6370
3698
7584
8098
7891
9436
4200
6494
9444
4434
4168
8025
1630
6336
1246
1882
7633
3607
2130
6784
2444
6990
3384
6008
745
7990
6756
9322
259
9387
378
930
261
1318
450
364
8416
4255
2485
104
4904
8848
3510
6830
6827
5973
6207
8475
1904
9072
7415
9737
3048
6009
9053
8380
6803
4914
1252
8841
9395
9880
6827
6289
3285
2277
5480
4283
7393
2627
6160
32
9006
4347
2597
8688
2674
843
2909
2050
1238
2758
7099
1960
2403
8902
2380
5489
7083
5580
9552
4232
1942
9928
3426
2169
7751
4500
1830
884
9738
6570
1407
4074
2604
4759
762
4180
7879
3351
2378
4964
2441
3183
1040
5411
9136
1465
7127
6617
2292
1258
714
8634
7488
4640
5955
5566
3439
1031
256
4969
9359
8746
3716
9865
6389
4103
1863
1599
3021
779
1723
7860
1467
4429
7420
9660
8979
3671
2435
2760
7377
6350
6984
8069
3846
275
7585
4098
5664
5761
7163
816
1349
9527
8163
2050
4060
1392
1970
6083
4360
477
4723
7414
9537
2661
6578
8713
113
3651
5379
7491
5720
8877
3484
1244
3596
9605
8576
4172
7536
520
8089
7451
3168
4291
9649
7704
4950
5206
8221
4613
5933
9777
487
7792
4224
3147
5894
8316
9485
8225
4156
509
7595
6363
828
1667
3477
90
230
7406
4578
3966
5040
2512
5138
884
82
8064
1016
7037
1646
7866
3519
7065
4699
9267
7594
9874
3325
2763
7339
38
1266
1243
2847
6683
9883
2814
8453
7767
1525
6092
5305
2792
5139
7441
6418
3645
7418
269
6932
4408
3864
6980
9602
9355
3394
5973
4740
2975
5625
7592
6496
1236
1912
7713
2168
5267
1469
1953
9440
8543
4737
7739
7819
5417
7718
6804
145
8547
828
3524
3615
7356
4224
9897
3035
4650
7569
2698
1122
8742
5232
1785
7007
1873
4164
1922
5418
8197
8086
6208
5708
9798
3488
2287
7882
951
3549
2460
3253
3961
9357
3512
3901
5629
9880
5307
1453
1755
1260
4326
5015
4747
3717
5857
7453
2145
7975
4162
7609
5190
571
9983
4586
1153
7188
171
1132
2404
1693
2796
9922
4418
6833
6766
834
7359
774
7120
8269
7584
7622
3515
9465
5666
7420
387
4317
8534
8680
8310
169
8602
5023
6386
9504
5538
8866
484
5827
8693
6600
3306
6171
5413
3915
4921
6226
4806
3084
1130
8078
975
1316
3728
6763
2446
601
4917
3412
966
281
6978
7038
4068
69
3661
5329
384
2909
3501
676
1022
132
1145
2564
3891
1808
2702
4528
4405
6640
3023
7460
5884
7946
6839
8784
5829
6304
2810
8565
6564
510
1305
4283
4473
5347
2100
8386
5452
8074
5066
6035
7107
7476
2925
7105
738
1219
9440
4402
6465
5397
6818
5956
137
5211
9748
4318
2264
8261
2838
3172
8197
157
3312
3734
7309
8428
2188
7430
3500
6764
1009
1812
8839
7980
3785
8135
8005
4057
1492
5338
2942
9983
3702
8913
8988
9356
5580
4135
6894
3341
9436
902
9500
2392
4778
817
9956
6741
9575
8353
7587
9577
4099
4283
6031
2592
6051
7418
3665
1190
2782
2238
6624
4259
5905
4032
3400
3329
6579
5760
810
3147
5090
9262
5629
963
6796
4786
6594
7808
8714
5384
9445
6115
4823
2443
1711
9860
8222
5933
1928
4702
833
3968
1098
7587
950
9908
8545
5645
2540
2334
783
5219
1515
3137
1436
964
6665
3147
5610
835
4137
3182
6262
7422
3742
4906
2683
8541
6254
6212
8384
9988
7281
5413
9426
4773
8121
8146
6092
4613
7291
9411
5986
4457
6491
3074
7134
9533
3014
7409
5121
384
8505
24
8523
4688
4847
6458
8806
9709
6247
7380
5293
8573
4692
8913
890
9820
8141
8413
1292
1501
3413
3972
7
2129
3142
9077
2326
9954
4358
4104
3579
6685
8428
3769
3559
1450
747
4225
8485
9946
7405
4032
4401
4540
7035
2840
9159
4651
9656
3545
1157
4472
2302
1365
6082
1583
1344
4431
8472
5689
1422
8884
6476
5453
2471
8790
4751
1955
4009
8897
5708
9559
8292
8764
4386
7910
124
510
284
5433
5149
2875
8252
4171
6121
9993
3158
7896
509
7859
1480
6979
8434
2249
152
3396
8687
4866
2661
4893
2347
8399
2223
1880
1600
4765
3235
3519
3819
695
9535
4535
960
8438
7460
4665
1451
7462
6120
574
3681
6662
2731
7271
1701
5643
9810
5815
9862
2449
4655
7885
9013
8384
9506
177
3973
422
9720
1434
1483
8599
7938
6586
517
5758
2961
1447
231
943
6716
9255
5712
5355
7524
4087
6347
4590
6399
1896
1009
9896
4688
5463
7868
5974
7752
5895
7047
3868
6982
6396
4865
8306
362
1111
5184
9272
1703
3033
1586
759
8774
3398
3694
822
8311
7016
4793
5029
4179
8461
3621
8954
509
4142
1060
2358
70
2492
2730
482
1808
8921
4464
283
9786
65
7381
8807
1675
8675
1759
9956
9530
5919
4175
4732
889
3678
7043
2918
4321
9385
6756
331
3865
2887
1264
3907
864
1558
514
333
7658
6245
8845
4008
9464
203
504
576
1263
9672
3171
9912
8891
2583
7095
8000
7949
7516
2844
2563
143
5488
1252
6576
2712
3365
1124
1331
5082
56
5379
4928
9737
7635
3083
3883
3846
6699
2877
4758
2474
3149
8881
8296
5630
5328
6635
3335
183
7095
936
9170
9311
2806
6167
7869
5358
1005
1845
3705
584
3366
2449
2143
1231
6967
7231
6505
4825
6181
4040
6654
4285
373
9694
7528
6231
2304
2429
772
4875
9922
5708
8229
6742
8495
2947
3236
384
3139
3447
8649
5021
9588
8337
4927
4178
3191
5549
3111
3093
4539
8589
4427
5406
246
3149
3820
3242
8186
9330
6827
9214
4259
8236
5473
1768
7951
6411
4684
2144
2539
525
7510
3262
3158
8549
9123
7030
8869
6695
1607
2926
6051
6000
2305
5280
33
5155
376
4522
1201
2254
5569
5555
8971
1899
5562
456
6731
3330
8630
8277
9800
7100
213
2719
7969
6050
2367
3197
6869
7524
9198
3031
5503
5429
6597
3543
4109
676
3872
3885
3148
5926
9785
7886
5969
3454
7684
8684
7462
7022
3784
6560
2063
9543
2411
4884
9800
1293
2104
1709
6765
4998
2704
7174
8805
5425
9994
5160
8860
8947
4152
6965
4348
6876
4072
5780
4327
2200
4355
9414
6020
466
4566
8247
9635
5891
1482
5584
8254
5288
4546
8025
4783
5361
8656
2749
2136
5910
5989
1174
4787
9636
9092
5094
9718
6821
7073
2935
4290
4606
9019
5195
809
8018
146
1693
3545
7827
1063
5096
713
504
5712
4134
9135
6970
8388
2656
396
617
6041
6901
5717
2460
2679
1574
9775
9110
1992
1582
4725
1619
8735
2286
8729
369
7971
7046
2757
9052
6310
624
8493
4802
8694
695
531
3893
6415
661
4325
7199
9562
8569
7911
1519
5431
1351
2873
7489
6258
4170
3158
7788
7301
8933
7768
5269
1130
7463
4202
785
3227
1340
1500
4952
3000
7520
7245
1413
8404
9102
440
9546
7725
103
749
4848
5446
399
7674
6188
4994
9041
2086
5773
9935
4450
8171
1489
5757
7859
5181
3783
6714
3088
4971
5088
1195
693
3489
6895
8921
1040
4231
4271
2661
1058
1898
4100
4377
4031
8725
6777
4461
5270
9644
6312
7587
9754
5636
441
5792
1134
8450
8306
3751
1999
9295
1084
4659
9787
4229
3366
384
3807
7128
3859
3191
2942
6899
4158
6868
3038
4158
9998
2006
541
9242
4532
7139
9521
6745
5505
9653
7212
9933
3301
4357
1422
2859
9874
418
1716
586
351
990
6991
7534
328
7958
2912
5804
6275
8556
4159
7322
5309
7058
5498
4501
7107
420
4970
61
8189
4291
4274
4401
20
4042
4113
2450
9156
8991
231
6983
6477
8439
67
5757
3811
9430
2331
6121
2214
3763
8501
523
8108
3908
5586
3168
5769
1946
3691
5812
9169
6539
8211
6482
9316
3080
1388
5867
9464
4923
6501
8174
9333
3440
689
6537
1641
3548
7299
6461
5564
6478
7829
4599
1965
2832
4088
1728
6267
5337
2790
2195
6161
9155
8739
1526
9721
1877
2946
7479
145
4828
5348
8836
746
7259
4635
6407
1405
3067
7564
1900
1224
9136
7027
593
7590
6779
4288
7241
8125
7525
3680
4716
5041
1455
7511
9087
9206
3155
2840
7771
2290
8118
4455
7517
3905
4460
5349
3241
8978
1832
1051
988
6655
1855
7139
7133
458
2616
4719
814
9042
5410
188
1349
4837
7330
5457
1681
4207
9287
578
9612
4641
636
3682
3260
5773
5225
4325
6053
9838
3814
9603
8111
2244
5134
8232
6399
2460
4299
5416
3588
6447
9364
4656
2481
5153
5168
8616
6162
3961
3749
2020
9308
6433
5586
1962
2950
8771
6373
5533
622
3331
7546
2920
217
9788
1936
135
6731
7634
4377
4431
6367
855
2703
9118
323
9353
558
8589
4004
9528
5009
3650
3457
6997
60
8881
3902
1270
2099
6243
1720
8471
4374
7487
4304
4554
6891
1108
53
3791
4582
9945
9874
9215
3542
7307
7714
9105
895
1494
6923
2591
9951
1103
9758
2051
1567
2782
2841
8299
4233
4585
8471
925
4945
2746
5734
9235
1345
7219
2418
9991
3812
6280
5826
2762
8159
3499
7183
5757
9255
5190
5997
2595
9731
8368
8087
2398
4751
8258
3643
3894
2201
1619
5359
1400
5724
8496
1791
8651
1767
5879
9365
7214
8042
4578
1587
4861
2956
7586
7663
2130
9099
1345
6108
9191
9761
6777
1073
1082
815
1939
7816
698
1705
7575
8261
2654
8477
6130
9712
6341
6833
214
626
3928
5721
7371
2680
6059
9826
4419
8759
1010
3774
2139
2012
4656
8476
8190
334
4715
7139
3076
1043
524
6619
7863
6939
6002
9656
9094
9005
7445
8676
6642
4365
2152
2407
645
774
6425
9173
4659
8057
4194
1445
41
674
8225
5642
2562
1284
5141
9600
4297
705
6623
5140
9752
807
7272
9088
6367
3786
4289
8354
8704
5226
7604
4535
8742
6001
1450
4569
5430
3307
2823
4691
334
3458
4735
7677
651
8182
8924
1433
1638
1221
9623
7272
7870
8444
3331
1417
561
2106
3786
1839
8691
5565
1967
5118
2273
972
1587
1426
9776
6688
9891
5661
4015
2704
8014
1579
2859
1399
4340
3042
7568
4836
9769
9387
6717
3902
761
4008
0
6114
5670
5633
8225
491
3021
1295
2523
6428
3591
4468
1332
9485
5131
4005
7086
1807
4929
4918
1462
7646
9025
9168
5050
9538
3641
4593
6600
5138
6733
3136
9057
2982
777
187
7580
6902
2306
2047
2519
6821
7259
6643
8744
9668
7476
4018
6577
6980
9596
4563
9794
8748
8775
8886
6361
9458
4602
5582
7396
858
8643
5701
6935
4777
8262
5665
5721
2948
7938
465
9993
3882
9379
4003
702
4474
1648
8198
7547
7923
8372
4054
4929
3398
9578
4729
2127
8890
7601
7061
8565
2332
2175
8284
1190
1808
1122
4694
3676
8520
4017
2537
6069
3648
4146
263
8971
5892
5173
6373
337
9359
2989
6179
1801
9345
9166
1116
2418
7019
9585
7836
6047
6314
5413
2665
515
8558
7936
8271
4968
9814
5188
492
3264
3482
668
6389
4738
7493
325
4899
6230
2301
954
8670
3516
5711
6263
8132
629
7916
9679
3413
7173
234
8681
3278
497
1336
1029
2305
9395
3299
2381
9949
8140
6078
2342
3503
4713
1473
1094
469
9582
6176
9631
8747
5934
4006
8409
2852
6845
9599
8622
4614
4349
6607
9487
5602
6756
7570
4500
7310
3855
9025
2769
7985
2463
4270
740
4475
7026
2444
2378
5886
7549
6221
161
2669
1029
5609
1128
608
9405
2824
6211
4001
9449
5245
7787
118
3889
1280
5970
3339
9233
646
4548
6763
765
5790
2185
7883
1346
6026
5015
2211
8984
792
1412
5898
1923
7949
4857
29
4057
4365
8818
75
7934
1049
1761
9104
9898
7621
6435
8060
8924
3956
1338
5504
8297
1411
2490
1604
1501
4192
9519
6519
3633
2053
3083
7316
4829
9044
7678
974
1445
3776
9502
1176
7199
5813
4854
3460
4549
4422
2762
2645
8822
2961
4248
6002
8103
4785
8026
5130
5142
9872
3768
6031
5103
1175
2235
3249
1719
6019
284
9640
2998
3590
9147
7148
9362
5879
2380
596
5222
5494
3019
1066
9889
5408
720
7560
1995
3100
3070
2449
6738
8448
8453
7854
4931
3395
855
947
5429
5759
6056
6685
8799
5826
8302
5179
857
9074
7640
7782
4671
2826
8907
8831
2194
4902
8343
3571
9961
4839
8201
8125
7606
259
2954
9688
563
5564
6036
3631
6314
9531
4996
3476
7508
1929
986
2585
4713
2906
8414
190
70
9606
78
7831
3293
1669
3682
233
8758
6471
256
4882
4803
813
7098
3314
2546
5447
5653
4185
4171
9755
6437
271
9209
7134
149
4586
4230
9475
8498
6287
7470
2126
1095
2648
902
8019
8771
6094
9877
7183
6982
6275
8832
6738
2395
8223
1028
6344
9359
6758
6172
611
9376
8194
5715
2855
2256
5505
6499
3393
6921
7805
9436
6165
5690
7300
2496
6914
6160
8997
4939
4436
4320
1686
9248
3894
6448
1684
7022
6978
3317
5127
3713
7271
6855
5729
149
7142
7313
2132
7462
1833
2069
9885
9042
2255
12
9937
1216
4552
3627
482
2218
8378
17
46
966
2046
8733
6116
9315
6714
252
9923
3518
860
5408
3585
2227
9519
1532
5093
3025
4877
2683
7554
4214
834
465
7025
4922
3096
4618
9210
5192
724
1758
1422
7543
5469
1318
7491
5207
7924
4056
8141
4822
7316
8413
7734
8226
248
3668
3338
905
2595
4704
4273
1260
8160
8780
4537
9666
4838
2815
8192
6681
8039
6218
1803
2439
9174
2703
3878
4190
1795
4427
7737
3646
229
2756
7171
9349
307
4014
149
5825
1470
3094
3981
8614
4830
3314
5117
219
1927
800
2120
4191
3943
746
5737
3609
127
9435
1232
1805
6828
1356
2762
3146
4050
4935
7148
4912
3108
9757
6043
8959
2962
8579
3451
1802
7759
6886
8465
4763
5629
9071
2023
9920
9368
6914
9469
547
1372
7200
2982
5495
8883
7869
1814
3630
7503
2108
5237
6503
4224
5702
6720
7205
6963
5833
7325
6587
1112
5309
9593
4868
9534
6450
9073
4655
5389
6693
6521
3015
2911
9553
635
768
268
1810
2431
7021
5616
3654
8403
4255
1899
540
8024
8472
7382
8350
506
2526
3533
5034
297
6123
5677
5435
4904
7280
5050
2264
1890
7514
5629
8146
2516
8285
2266
1169
4218
8156
7354
9432
1962
571
1929
9300
5831
444
2493
164
8883
4709
545
2690
4853
275
6622
4352
3794
7240
2229
2222
1387
31
5483
3176
4595
7728
2113
2203
2508
7823
1055
328
9549
9487
6029
2289
3889
1700
8494
3441
6478
4966
7849
1720
3521
3554
2229
5396
403
4490
7728
3995
9722
9356
2620
2613
2159
720
4359
1126
1687
874
3589
201
4976
784
5644
3864
7530
3622
9580
87
4447
6789
8025
2673
3792
5562
5894
4875
2078
8634
4304
8196
9954
1955
1588
8142
4377
7806
1134
8454
832
2305
15
7166
7799
673
9929
9453
6277
5588
5691
4764
3913
5940
7188
9905
1336
7056
4789
7592
6855
2972
9608
8237
870
6601
2951
4215
6199
6384
8698
3390
6299
2183
8849
61
2664
9942
8362
8883
9496
3539
3263
1923
4192
4921
7759
8155
1515
1127
4855
6129
9539
4085
1021
2825
3852
6098
8697
5828
3021
5273
1136
3587
6619
6657
4191
8825
1412
8675
352
1486
4581
3847
2700
9647
9433
8519
237
4595
8590
3141
735
6025
2533
1608
6515
77
2246
386
8926
1177
1038
3997
6548
4936
7062
7811
8861
3590
9793
4781
3826
5747
5617
4067
615
7526
1591
5922
4868
6286
1973
5964
6001
5044
2178
1914
3629
6268
4825
6876
7051
3851
2014
6832
1338
4850
3791
7841
3456
1336
706
6391
1874
3430
8913
1708
7970
8619
6286
2159
1238
5808
7460
3953
4545
1046
9709
8333
8384
9979
682
9461
739
2732
1026
8855
7125
9348
5929
190
4778
9491
4748
1717
1077
4602
71
6358
4755
50
531
4209
4247
2300
9039
1288
2387
2995
3258
5159
2047
6158
9275
8273
5018
497
4285
3109
8330
7155
3450
1360
1825
4395
8114
4540
2366
6323
8760
4293
9613
4863
2393
92
717
7031
9450
2709
6059
9631
5294
1019
4320
8407
8273
948
5588
7119
1443
6127
621
3955
9444
2505
1144
1172
9688
5390
1794
2102
5016
9149
8836
4390
7941
9109
9529
8020
2137
3195
7758
7758
9340
2382
2613
8493
2768
5457
8069
8312
937
9159
33
1078
7276
6174
819
2114
83
8369
4789
9607
6075
8721
4780
1882
9306
6687
6194
8247
9248
2752
7070
3604
6729
1842
322
2178
6059
926
3809
7105
4275
4115
2955
5987
7526
2834
2758
7417
6087
4473
5723
7385
8260
7959
8234
9361
8141
6862
7290
2102
1026
7302
8529
965
7096
2077
7677
3226
8168
8125
557
2239
6067
6022
4078
12
9942
8891
1846
5373
9894
7977
6375
4305
3049
9712
4672
5726
3841
9366
150
8930
1253
5761
3162
789
9853
8099
4279
9146
5786
3363
9819
2516
7599
325
3328
6949
4112
2731
5285
1138
5638
6500
6189
8946
77
3571
3652
5381
9050
9756
9722
3074
5019
8631
1149
6472
8461
1654
6935
4278
4676
1235
4625
4086
6139
2115
8994
7155
5272
5911
7737
620
7739
481
2243
5361
6083
1635
4793
4474
9805
8738
6201
1943
4314
3578
9423
1538
4859
9340
6463
5441
5276
9827
5602
6631
3194
9252
795
4250
9650
5890
421
7279
9512
5505
8299
5137
5392
8595
3251
9409
1197
2655
4312
1400
3236
4431
9554
455
220
4616
6148
463
3316
7477
8402
7901
8512
8364
9005
9085
482
9442
2365
4175
769
8522
874
8535
8089
9704
8134
398
3214
8692
7946
5655
1022
5402
7756
1580
7747
2719
8234
3734
3905
5646
8757
3370
9506
2032
9997
7393
2619
8553
3733
5281
8379
6911
739
9223
9728
2230
5814
9862
6565
311
1860
4344
5644
9535
703
2547
9092
5827
7588
2871
5911
4290
384
3556
8995
610
1502
1865
9571
2412
4945
5559
8649
9668
4139
9028
5226
4673
904
9515
6790
7403
6970
9664
626
6034
5233
7665
2692
5594
1527
1480
3450
2388
1589
1742
9320
8889
502
6026
6556
3647
7062
9622
5248
7806
390
4402
9563
8652
3759
6082
9428
5716
1760
5266
5140
54
7509
8698
4086
7816
7750
3965
4158
41
6618
4891
7604
8326
1910
7255
3980
7126
1479
4434
6370
4976
8247
7494
2791
7612
3886
1919
643
2903
5401
1443
2854
9488
6064
9539
7087
1759
5734
2777
791
4901
3682
6737
907
4127
3413
8773
7989
2068
9127
3296
4614
5550
5955
7988
1858
7253
827
614
5255
2887
1705
1255
3115
8804
8900
9550
6114
8805
6107
5841
4201
8284
6097
3235
2530
7895
2981
6183
9564
4830
8988
4002
686
6572
1006
7791
9311
5611
3642
4924
3061
9560
1958
6593
9945
6229
9879
6465
5731
9517
4553
7480
4232
5618
923
8309
8332
4994
8891
6754
7045
5944
2457
4638
3470
6223
7099
8251
836
3794
7869
8611
1489
6094
6690
7894
7010
1641
8219
4174
9463
9899
9107
1155
4695
8458
6117
1019
3134
4101
3242
5833
9076
3366
675
3414
4746
6154
4591
221
1428
7437
7449
9808
1262
878
5522
1897
1356
3202
9174
8314
8642
7028
6446
9478
4380
714
9905
6792
3611
5795
9991
8833
8157
8092
3116
5328
1335
2226
2605
5833
274
3281
1411
4632
5568
1771
6889
6830
6761
9301
4171
8506
8646
347
7101
6852
8617
212
7605
1714
5735
5232
1766
349
2851
6797
7386
1102
1769
2633
1931
2050
4403
6466
8222
429
1291
2393
3004
2810
7614
9237
2126
6625
6121
3972
2373
7633
8643
5293
7012
8300
7895
5744
4842
6018
7900
2510
7568
5526
387
2677
2283
3357
1980
3892
8558
8468
228
2269
2943
6961
1471
5560
1044
2674
5343
7492
1114
3266
9631
7688
9602
6090
5726
9096
2088
7988
283
1235
4593
906
8793
5161
7649
4333
8831
2762
9383
2610
7775
1706
8261
4694
6848
4208
1855
211
1099
8718
6319
3995
287
4074
995
80
8161
4091
3124
4886
8467
3904
6115
9920
8255
4602
6002
1367
9089
8969
9149
2825
3359
9588
4851
174
4981
7250
6069
8550
3425
2102
1593
1439
2888
5672
3707
8562
4243
6301
5153
2700
9626
760
2986
8986
6762
1658
8034
5198
8374
4181
1604
111
6584
3199
5565
9421
4114
8018
5657
2641
6966
48
252
7506
5694
9348
7407
2324
3864
2499
68
2859
6386
9057
648
1982
7150
3263
7429
3415
6370
5474
3425
3670
8767
7312
4486
3413
7883
9652
5935
8903
1373
2721
8763
521
517
2994
6737
1626
2101
8095
1409
8519
3184
7901
5379
4479
7870
1901
2046
7557
2889
4740
4102
1252
1943
9898
7507
7485
8804
7931
4203
4139
8090
620
2827
1336
1600
2536
3127
760
5453
7400
9355
8051
520
8176
8957
3729
366
710
4882
5581
8862
6862
9657
7980
4212
8865
9016
6247
7744
2924
3265
2179
5474
2005
496
6786
5189
2264
2404
4034
4645
1471
5575
2148
5166
432
7372
119
9219
8688
5812
5155
7047
373
8605
9409
3499
6362
1240
4679
2149
2219
5301
5474
1241
512
3469
172
4998
1271
1676
3933
8256
1498
3401
2717
8150
9855
5251
2615
3232
4286
5946
4330
7782
3357
5399
377
6703
9511
5240
9346
5653
9324
5900
8076
6769
6546
1783
153
1897
6041
5795
7051
1155
8828
564
9987
7876
4498
5142
2836
4825
8292
4517
4806
1633
890
5177
6999
8085
3311
908
3196
7397
8243
3161
5333
2513
4398
2898
9374
5024
1841
3086
1265
3761
7001
9965
7625
1963
2477
8058
7714
5907
8759
2044
6092
4506
4896
584
3646
8704
4547
5783
9288
25
2275
3312
5904
3370
9496
8897
6910
5233
5685
1471
2563
1518
3957
9480
2548
1393
2420
4273
3493
2865
5210
3313
6032
3990
2962
5305
7668
372
4105
2062
1066
8197
7105
325
7795
4226
7733
7145
5038
6446
1735
8460
7574
5327
9893
6024
39
8905
1947
1745
1137
4392
305
5689
5877
9241
4037
1551
7196
2550
3124
7013
615
2269
4593
1356
3873
989
9512
9870
5233
7452
172
8824
6700
167
828
5954
8839
2406
3989
6668
5658
1259
4433
5495
4303
4791
5789
6846
3994
2810
7544
511
6979
597
9911
7817
8830
8141
6693
8147
380
9727
264
6135
3898
9402
8639
6202
3559
5341
1143
3416
5092
8798
1405
7824
8803
1428
1677
7722
8450
4834
9209
7057
1649
3361
4790
5105
6446
2617
6144
1293
4322
2171
8654
1053
5173
9981
7744
7971
8828
307
565
2969
8931
9574
5321
4424
6965
5716
8619
695
7848
6341
7116
3022
1414
9605
6003
1606
8293
2418
9838
3232
1272
7284
1987
7118
9247
5891
3797
9410
5226
1386
5010
6257
3371
647
2057
547
5944
107
5433
1097
432
2644
8996
7436
3781
2148
770
3534
39
8046
9666
1567
4450
7901
6508
9647
5069
7233
7953
4490
8836
2439
6436
3173
2368
899
3810
7988
4657
2637
9996
2965
6269
2981
9269
2588
1523
9364
6583
1868
9192
3009
4336
1055
8099
7132
7402
7666
5140
2010
8681
864
6238
590
2781
7434
1990
7552
2855
4384
6739
2621
6232
8414
4037
1531
8276
2773
4515
5639
662
7828
6797
3613
45
3172
7919
1683
3364
8829
9318
1779
4688
2984
5821
131
1090
5346
7745
8274
7292
5050
7299
7825
1696
7256
6363
2955
1652
9
1386
2483
5586
8571
6920
7849
8636
5745
8523
5560
3596
9251
6345
831
5258
7846
3589
6089
1111
3139
6149
5996
8021
4727
4900
1275
5817
5159
4740
8168
4377
6141
6827
5482
96
4243
1982
9894
7777
9499
8235
1741
984
3624
2064
178
3595
6941
4473
1174
8751
9008
6566
3922
2167
4571
6395
368
8856
8527
2994
2743
2392
8276
3179
3793
8772
674
6691
7370
5920
7365
1170
3415
3114
9313
4542
7905
6632
9890
6254
2125
1903
2910
2697
3241
8549
9993
3468
3861
3278
5908
3034
139
7123
596
6733
4540
4994
5178
5115
2329
6446
9892
997
3882
5814
720
5897
9599
7843
1576
4391
3217
8827
2015
7984
8324
6084
7398
1898
1148
3026
3547
6448
2152
6512
5038
3846
5151
1021
833
1899
7814
6718
6940
1159
7083
82
3051
6419
1633
2067
2724
5944
3768
4439
7432
1616
4632
7878
2582
4425
6730
2614
166
2024
9475
4483
9049
9882
734
538
5626
6485
5333
788
4657
5837
7740
5984
3764
2706
3578
6841
6810
9815
4420
6327
8478
8445
4920
6369
4508
9982
8723
6832
6715
6422
5135
1502
8807
7148
1965
6301
3722
3374
1674
7013
1446
8314
8353
7253
9649
9033
4414
6699
7582
4181
5802
5966
9156
3964
1928
6856
2509
8285
2554
1090
8173
6991
7921
8055
333
8240
4495
6730
659
3627
9210
6612
8272
2787
7696
3797
645
4492
2338
9516
1155
6745
430
6018
5710
2383
6541
5856
1565
5385
1541
1552
3968
6101
2332
145
4190
9451
4282
2197
1611
2270
137
4437
1602
3579
4396
308
4005
4318
3897
2976
2366
3925
6980
5653
6512
5180
6074
6779
2895
4582
5223
4032
1273
8445
7700
8657
7247
9457
784
129
1812
5196
7034
6092
8929
7799
2840
2789
8723
3333
3080
6748
6514
4621
512
2779
4782
3685
4515
2319
4392
7353
8355
8196
6906
5259
2766
5210
4388
7253
3383
6291
3572
202
9937
7262
5041
2698
4170
6718
6660
3572
7842
307
9140
3062
7894
6058
9053
256
8173
9696
6364
582
4831
5010
2249
5284
3197
6464
6336
3484
8369
5695
46
1978
4323
4926
4518
5529
5124
5697
1229
4031
2123
4585
9304
3379
6346
7588
2943
9967
6108
7888
1710
160
493
1371
7576
4282
4566
5863
137
5609
3747
8873
7478
4898
1139
7008
8627
8104
3740
1874
65
5546
8008
2914
5361
569
3536
6206
6202
3464
8675
1509
4115
9948
3586
6102
8461
3315
7196
5587
8576
3761
6369
8597
3137
7989
5861
4041
3036
2090
196
503
1620
2249
9724
5795
8020
8716
9979
3340
4241
4109
1798
9362
3374
9933
450
422
3483
9089
8483
537
9436
6663
7823
198
3729
5814
1358
1019
7095
7123
3569
6130
2090
48
7788
1311
1301
1823
4753
3938
8808
4404
3817
7756
5093
5976
7090
2606
359
1178
5200
6988
8271
6608
9009
9633
9388
8843
3554
8572
6758
600
4679
5768
9911
5331
4987
7610
6183
3798
4452
6307
1875
3055
6305
390
6697
7936
452
1475
2435
624
1382
9761
7373
5311
3467
2314
1781
3366
1715
8784
3550
5693
1194
2749
9648
7862
8861
6441
6751
9286
8985
8101
7831
9556
2050
2996
5937
9386
4764
8777
1845
9753
5386
8522
5564
585
3985
6164
8736
1853
4247
457
1762
1173
6126
4853
4391
4973
4263
1454
4433
819
2628
6490
7942
3878
3231
3610
1103
2873
4752
5811
3839
2551
6991
6253
3214
7665
4182
853
2993
19
8290
797
8983
4740
3046
5828
4850
5228
1468
4864
7568
8704
841
5430
8662
2857
3244
300
9272
8786
8499
8007
4263
2608
3801
1438
4455
9468
8096
303
6524
7164
2935
5583
2977
8288
3880
1181
3300
807
8833
3456
5297
7234
588
2655
3962
7104
1422
63
8976
4105
9080
7383
2672
4326
3917
6879
6509
8669
145
2327
1685
8635
9898
6708
2835
2074
7063
1013
5041
2882
1129
4724
9608
796
6417
8215
4342
17
8696
7878
8186
4881
9365
4856
5886
3583
8847
4134
5250
4377
5679
2481
9009
614
6048
1855
2834
7192
4502
6176
3901
7602
1480
1407
3464
1027
3692
3700
5150
5551
6974
7750
7547
366
7468
3949
9894
9774
1873
7270
9658
3204
3916
448
6163
7152
5964
7892
6098
7886
7274
4305
7133
5065
7091
3573
742
3738
3937
2055
1702
6334
405
385
5398
1813
1731
2588
426
7303
6537
8595
1690
2225
6877
6058
9087
2109
1075
1815
3542
1216
1752
1758
2339
7020
1406
8042
1430
534
5444
6327
3715
3122
480
8269
9808
218
1756
8183
4592
4813
6107
1010
3142
8228
7878
4305
1593
6993
4232
8237
6403
7520
9186
4601
8517
383
3579
8995
267
5738
8008
8999
7351
3775
8308
1022
5101
2256
1804
6083
8346
342
4922
2326
2530
2371
8843
9066
1733
5712
8031
7945
4861
3637
9245
103
9942
6647
7216
643
3482
5179
2674
122
6712
3577
9908
3558
3632
9883
1063
3332
686
1381
9914
1619
5313
7599
6240
5688
6503
4974
1405
5839
8487
5153
653
2556
7818
2646
2769
2719
4502
4876
327
3477
6457
2372
4084
75
1119
6113
3569
2958
2607
9918
8464
8494
5896
9598
6777
641
7908
1727
2661
4403
1846
6824
8614
7963
1253
6273
17
5321
4933
6178
4345
1516
8462
4804
7913
8944
859
9171
1358
5332
6434
4277
1839
5322
3099
500
2538
9911
6542
6247
1740
6554
1917
5679
972
1177
3036
9901
2452
9415
6265
5265
1165
4562
1499
6429
2103
7081
1515
4599
9154
187
9097
526
6043
4155
9981
5300
1414
7295
6411
1322
3381
503
2562
9577
2226
954
3105
6044
3631
1148
6982
6395
9495
1629
3877
6707
5600
3467
2833
6545
3104
1111
2954
1501
9065
3909
3619
6323
1571
1309
6446
5324
3156
9278
4327
219
8046
8402
474
3444
9893
8173
1345
5063
1899
9135
174
8682
4922
2953
9522
8068
5646
9756
2439
8102
9997
5869
8288
516
6483
7524
4075
2193
7246
3332
3184
7145
1283
6997
1770
3623
459
4381
606
167
1517
3005
5404
950
7065
8407
3073
517
8062
2526
3670
4685
7385
1221
361
3036
9676
4122
8327
4493
4950
7676
962
1590
244
1398
2004
8683
372
288
5217
1760
1969
9611
5970
5499
6192
7610
4435
152
8230
8864
8122
1190
6756
7044
5794
5294
8016
8145
7684
548
481
7642
5649
391
358
2427
4671
1458
6228
6298
5821
3093
3339
2796
7236
1485
8627
9428
988
2895
9704
7431
4664
7605
9119
6891
8383
8479
5780
7934
56
5723
194
1874
1505
8927
5390
838
2172
9618
7456
9856
4167
1066
8638
1638
2358
2049
2439
2987
5311
8225
6937
9287
8370
2334
4064
8080
6019
4371
9036
7892
7749
3060
4509
3001
3637
4930
5566
9019
9360
8478
4027
7364
6578
7333
4464
7803
5020
8009
7087
6931
961
2000
4541
851
6877
2085
6666
2758
5955
6909
1612
4969
3489
3604
7159
1074
6034
5926
795
7024
6336
3289
6073
1629
51
4967
371
8239
9787
7434
496
4382
3686
320
3496
7521
7038
6606
1682
8241
1714
241
3400
7471
4143
671
9123
8209
2171
7532
1737
1927
6239
9177
4527
1484
4558
518
9740
6648
8246
1960
5245
5426
9649
7734
7070
8819
8296
6573
8731
6678
3477
3876
1876
3707
8324
7322
1654
6123
966
5403
428
1525
4193
4321
3665
6951
2439
7846
3824
7449
2640
2632
6650
9747
5447
7414
8963
558
1775
5639
8538
1272
1056
4314
1491
385
9810
6967
4931
9330
5300
724
9703
4062
7466
3492
8194
4689
8593
5579
5521
4885
4479
5324
1036
3955
1484
9331
1163
422
9735
94
5570
5355
6823
134
2635
6117
5791
3531
2158
8541
7660
6654
9472
4182
4206
248
2374
8974
6944
9063
6340
5569
1574
6506
3062
6504
1731
4865
4153
3262
4388
9863
9847
9091
2861
9916
6702
4810
925
2859
9292
5117
224
4666
3546
320
6913
416
7329
3923
7578
4177
4845
1697
3578
4932
4060
6341
9553
5893
4947
6172
9787
4535
4334
9845
6310
5505
610
4981
690
153
2097
1272
7477
1839
7912
8321
8136
592
9320
3123
6497
6443
3824
3928
1485
5567
6035
7262
5322
7475
1931
5970
3070
2480
7850
1940
6360
2569
6601
842
673
9483
1407
7681
9630
8991
6863
6493
2789
7932
1871
8498
9834
2953
8944
9531
1045
8496
4655
5192
9281
5966
375
6469
8787
1367
8032
4804
2821
151
8792
5661
3262
5667
3148
1292
6800
4222
8676
6888
8110
4952
1433
2244
7848
1488
2355
8431
8372
9114
8851
9270
4315
9915
2985
4632
1757
8113
5347
4842
7426
8464
2179
8657
286
8359
1020
6093
9407
3793
6441
6262
7526
2920
8794
8814
6080
6899
2491
9925
2176
8848
4947
3164
315
8957
1814
4497
1936
3872
7159
3113
9410
5671
7566
3356
3043
3786
7586
6777
9326
4620
3043
6778
3921
9312
9430
1731
6422
8343
590
6372
892
8920
7267
190
3047
6441
882
4706
2416
362
7313
389
5578
5617
1661
1232
995
8815
8978
4419
8211
6946
6694
1929
4116
212
1490
583
621
4720
7870
6719
5485
980
4344
9601
1905
6530
8257
8272
4146
2033
9540
3298
190
4545
3092
3169
5265
6332
2465
592
9263
2279
7910
5847
8273
5960
834
3663
3834
9073
9553
7817
3637
8090
6886
2088
285
2205
7911
8655
3528
3227
2613
2565
7441
7820
4407
2565
545
8212
466
7954
5241
8672
8807
3240
8638
1616
7353
9021
4257
4031
361
9239
1370
9869
1472
1863
1200
6797
8328
7251
9576
1178
2967
1393
1064
3061
8361
2718
183
1626
9194
2927
5443
4097
9373
9071
8605
8912
7531
1992
6325
5261
4155
2349
6862
7984
7770
1731
8334
2903
5480
3423
4069
6836
3791
7706
6519
1265
7360
3042
6023
5652
91
378
7041
5277
6059
754
3012
8556
6269
7601
1883
8543
6939
5454
9127
2985
1481
9198
7755
2943
666
7960
8307
1404
2272
3829
2193
2580
1646
4963
8597
9189
6844
264
2697
1913
4519
6435
8758
5656
1554
1214
3159
8763
221
512
648
5243
2688
7343
4938
3448
6372
6114
294
3397
5198
4612
2123
4785
4425
3125
2198
6737
4239
1819
9805
4600
7491
2967
3000
216
6382
6770
7228
7794
7877
9685
6629
9002
9811
5895
8112
1942
6168
6081
8514
9797
5549
8414
7849
5228
8435
6286
7469
4411
840
7946
5089
8015
9541
2801
732
6160
5414
5137
527
7019
8774
8738
99
538
8151
3436
1376
7550
7915
584
4252
2047
3667
9220
9086
3834
6625
6080
3470
5577
7979
5126
3531
4273
3295
3271
888
8949
9821
4527
6740
8855
4662
2170
3620
5775
4031
7921
7663
6900
2082
1197
4150
9927
7649
812
703
511
7111
6560
1853
2382
797
9204
1821
4259
1590
2091
5470
89
6872
9265
6366
93
3943
3427
8622
4717
9888
7498
9841
2811
4175
7650
6854
8384
2925
9241
6751
5262
9529
7010
382
4894
8306
7513
619
7240
5710
658
3556
7409
4874
618
5330
2479
591
1311
3219
4519
9421
8715
8826
2055
535
2459
703
2240
1866
1935
9860
8363
8251
7290
2341
5325
6444
2264
4987
341
475
6271
93
4930
5688
7743
1491
4161
5424
7827
3065
4787
4762
3129
6189
7534
7294
6206
6453
5738
6221
9714
3215
8524
8065
4699
6103
6207
9218
7718
910
9950
2593
7688
8749
382
2597
5282
7495
8392
2399
1411
4339
2324
9932
6839
4718
6945
5400
2461
4700
4434
3369
2599
9671
1234
3887
4315
7878
7304
8229
246
7307
1093
8692
5007
2265
1386
1157
5673
7999
1319
9153
6051
3414
1887
3607
2074
4419
7639
3400
9854
3737
9228
7027
417
5198
3220
1176
716
168
940
4075
2300
4932
3345
3784
