5906
4465
1130
8854
470
6056
2259
4258
4286
6660
7205
5466
10482
2524
9173
6258
2675
15
9202
887
1477
2498
10480
9163
4172
2635
6012
1037
7863
1293
287
5766
10781
7748
5441
5909
10274
3760
9691
5829
1374
8751
7528
6300
2939
6643
5129
9820
2794
227
3028
4791
4537
4796
7400
5603
3658
1816
5280
5365
674
8079
4001
8657
5228
9882
9730
5264
370
10503
6911
7850
9471
4429
394
5819
6964
9329
7183
1650
4118
2834
10497
3940
10440
6103
1486
5024
5715
6209
8621
2547
4934
9555
5439
531
2067
3093
10089
10529
2855
6031
6796
3384
8877
3355
6295
1066
8993
2619
2498
7401
8532
8114
8127
4378
3921
7806
7463
8718
4226
3147
2383
4155
10112
6587
205
9680
4701
609
3074
7549
7159
9438
62
6736
1508
10082
8403
3308
157
5332
7735
9188
9240
8869
7121
9774
4182
10038
4863
178
8837
4962
178
6481
7099
9718
1751
9211
1448
5484
18
4569
2150
3911
8265
7793
4536
6969
9730
1775
1644
2776
6698
2328
6038
4928
5299
8906
9835
2242
10321
9120
9879
7361
8066
1370
9739
7333
10376
10513
1438
8808
2812
10311
5119
8926
5376
5261
5940
6699
2672
4390
1210
4036
5374
5393
242
3311
6834
3316
10196
8614
7658
5651
7531
4214
1403
10848
9645
1414
7052
5709
7981
2939
7508
9189
78
4744
5352
2200
1798
7499
2314
5109
4580
8331
9824
5873
5112
4485
10232
6414
7526
1758
5622
3560
10575
5819
3218
10792
6124
8244
10193
5467
1255
8407
10206
7181
1224
1920
220
10599
6480
9334
10171
6256
1942
8777
10700
4591
1340
7223
9059
8942
1165
4807
6064
1562
4317
1309
10842
9631
3157
1747
1721
9097
7761
6600
3886
3381
7728
7194
9089
5565
0
1136
3918
3571
627
4978
7670
2765
6201
2730
4973
4646
10076
8347
3133
9558
10634
8519
2903
5839
4483
2496
7961
120
10159
10316
288
5503
10498
2323
9155
5695
4616
10604
4577
5090
4295
6739
8233
6887
605
8607
5972
4308
7823
337
9953
3199
1722
10639
1149
3070
6386
8749
5828
1366
453
6245
10497
5585
4283
4766
5925
6409
421
8752
5440
2497
191
8831
3625
10850
2802
4789
3947
10986
5954
9650
7911
10578
4961
6343
4464
1478
8239
7241
3559
3887
863
2336
9755
1237
5391
9319
8964
9574
9411
7422
4325
5364
3662
7178
7116
7634
2350
5263
7391
9558
7338
8788
2788
9410
195
804
9124
7389
9741
6621
2430
223
3265
6865
6340
8569
3976
6826
6276
5930
1310
2147
1357
9807
3104
1041
204
3434
4547
10520
3122
5475
2683
2346
8195
340
10476
4202
246
6637
9385
8487
1844
8552
6039
8604
1127
352
2132
2556
2080
4266
2402
8218
1069
3326
10114
8319
6453
5519
3550
677
4570
10980
9064
6808
5450
6203
8816
7220
9065
3364
7742
5770
8006
3953
4004
7348
8808
4869
10895
7119
4525
6338
8058
3321
7488
9357
655
7152
8821
3116
7779
7386
5553
1271
3101
51
7515
7004
3459
160
1520
8301
3328
6706
10480
2428
9006
7078
5987
7422
4996
5058
7679
245
2460
8210
5498
2176
6956
3752
7134
9269
2646
882
6437
335
678
8109
10618
3554
5920
10752
3970
10875
6572
6819
7165
4101
6287
5238
6853
10086
6999
1262
9866
8792
347
3250
1183
8459
9308
3012
9492
6896
4875
2771
4729
32
6961
4476
1996
9010
7917
7169
4440
6036
6373
9242
8922
5889
3573
4352
560
1089
5829
4177
6633
7766
1218
7277
1331
9322
2187
3159
7397
6102
6198
6055
10105
5742
8415
140
3013
7944
6748
2031
6127
187
3472
4882
2259
8516
1066
3295
9898
6963
5513
5966
5120
4500
5550
8926
3146
3001
2446
837
5035
245
7883
3091
10530
4012
8022
4264
297
5199
5051
8253
8083
9027
2632
8744
10315
1825
1435
5369
7718
2424
6488
2329
4485
5237
8700
5219
3305
2437
65
2179
2482
3361
7453
6194
7630
4128
5841
8260
9659
9283
3244
9728
1441
10082
8058
334
4263
10436
9900
1320
10480
6803
2413
6175
2353
2894
9710
2606
1515
9608
4974
7355
2343
10686
2426
4874
5451
3269
765
1556
2087
7305
8684
6124
7532
315
9793
2690
7298
9290
5953
10057
7492
10674
8548
5883
3523
6034
10329
5108
9235
6479
8147
363
3374
494
3588
5309
1699
8295
9093
9236
9707
7277
7767
9701
5840
3730
889
6615
10514
127
8126
8591
3687
4968
1938
5353
3629
8958
10113
8081
5791
9175
292
3399
8067
4384
7113
6456
3148
10178
5365
7305
4217
426
3369
1543
5201
4115
7559
8354
2841
1782
2671
10928
203
8401
5506
10309
4876
9990
5090
312
995
1986
1388
4465
1513
462
10043
4159
6513
4890
2538
9950
2414
1877
3478
1621
4835
2177
2318
4830
10875
3492
10952
8574
9918
2577
9313
5204
5980
7061
3680
9455
1161
10853
959
3815
61
8500
8967
1830
375
8515
176
3784
3965
10577
3698
6404
1979
10418
1482
8855
6757
124
6564
3478
2203
8396
5074
5193
6872
1439
6950
8080
6990
917
6594
10621
2827
183
5881
4376
1760
2593
2945
7657
8491
411
6520
8816
10347
7393
824
5369
9891
1419
9633
828
5910
10367
81
10784
1805
8569
8482
4479
7543
3060
3200
7589
7534
2667
6717
4514
1346
152
7579
2359
6380
2686
9358
3629
1089
2602
5228
6241
2481
10804
10497
10907
8067
4996
2147
7670
5199
9535
2494
6682
615
4064
4805
4109
10915
3883
1119
2624
3855
6621
2858
10925
3315
7623
6582
5263
1440
5697
10448
4450
2722
9628
2913
6185
2910
4736
5947
10638
8609
1508
6952
10916
8378
8395
4502
3928
381
3211
1643
3286
669
1666
1705
4072
2005
10625
2734
9369
404
10498
7338
128
6051
8446
6182
4512
867
6471
6982
4204
8144
7708
634
1584
3956
5779
2823
6362
7257
5304
8445
599
6151
2084
588
1075
9046
9625
3552
656
2729
3570
6598
3743
3935
3895
6674
6133
3231
1965
4343
9788
6167
5644
7113
8691
2969
9123
1779
9208
5099
7702
2744
8465
9721
8151
3344
4346
6802
8083
4897
3424
6131
8771
8919
7436
6595
2618
2162
8172
8245
7926
5986
147
7283
6568
6362
10944
4718
5206
2758
8309
815
8528
6426
366
7352
4319
9176
2233
9364
10705
309
7877
8239
1610
8249
5794
1859
5020
8786
7280
9657
6791
7036
4756
10608
3675
5783
6381
3277
4858
2252
10589
2352
4107
10117
7227
1454
3601
6137
9741
992
6770
4512
10682
6656
4923
985
2077
10723
5777
358
1102
10151
6050
8368
9803
10434
5594
4877
4076
7700
3538
2442
10740
7819
1122
406
6123
3193
5719
10558
10953
9764
1160
9150
3532
7577
6410
4690
4938
5846
524
1937
802
8355
556
10579
4373
8884
6136
6215
8898
2550
5225
5500
3375
8707
10050
9538
4012
3948
6006
1131
1433
7106
2359
7115
5247
10992
10387
209
7404
7009
9305
5817
688
9449
4594
5752
2701
10331
6338
923
6771
2359
2309
7804
7537
3549
3670
1835
3424
7387
5235
6589
7737
7710
1572
1755
7359
6024
155
7489
6727
4911
2493
8777
6084
10870
3390
9091
2863
1786
1059
9188
5795
7883
5425
2993
214
7621
6907
5718
10012
4746
4264
31
10494
6406
10979
4489
8760
8862
3172
10150
8015
6861
4524
6028
5705
3725
6710
5057
887
4646
6112
8797
4821
3703
2593
7748
5971
1542
7156
3095
10820
9125
9795
3445
9595
10867
5879
9491
5477
10236
3963
413
2729
4415
7401
2800
3044
5970
8460
126
4946
7947
9061
412
2183
10029
2064
8427
3635
4813
2238
5473
10107
7881
5286
5932
7900
6348
9269
3123
5107
10320
7013
5529
904
8592
7017
9311
7273
9873
9086
6588
4379
7493
5308
1747
9635
2971
2116
5002
10346
4950
4021
5194
6847
10144
4519
8824
2630
10779
4064
10151
7374
7101
10204
5927
536
9469
9535
4614
9196
7590
4510
10385
6390
1975
8228
8792
2749
4540
4496
10499
4660
7612
3596
341
10122
9328
1136
9452
9284
2949
349
1057
10106
8598
198
2282
9862
4106
3408
7249
5552
9621
7218
9033
5575
7725
8559
8453
6171
1820
5872
3933
1070
5220
5311
7885
145
1460
6367
1812
4418
5462
10455
1134
9634
7970
4533
4878
7629
10906
9935
9468
7611
10971
3236
10063
10883
573
2977
3071
9263
5231
3880
537
7579
7618
1947
8272
9639
7264
7078
3876
708
2305
1403
8866
1499
7562
598
600
265
10146
7513
8795
4575
8298
10370
2079
6237
6809
9639
5418
4791
361
7876
2517
1935
6930
6916
7120
26
10256
179
8265
5591
3315
8244
3657
3041
6691
7862
7283
7558
6806
10593
6930
3985
2480
2463
7326
5466
262
9061
1562
10468
8319
2992
2621
3031
6815
7197
9483
4084
9344
2425
9935
10766
10840
823
5687
6352
6130
1616
5868
4657
753
1996
3045
1820
6640
4022
3999
8724
2647
1694
515
5309
8931
8488
4924
2254
10341
1594
10699
3714
4741
8443
3505
7517
1299
8847
9816
4244
665
7631
4670
7045
9288
9621
1535
2894
8110
9229
6238
2929
2617
3359
6913
3597
2355
3760
7334
4952
5354
10784
8973
5064
8786
407
2603
657
5353
8265
6967
2336
4910
8089
1934
8894
8039
5937
2406
3113
10510
5303
1272
9796
2680
3371
1199
8375
2714
8349
8360
5665
2064
5331
1549
7385
6619
7272
4570
5117
6557
5416
562
10625
2700
10360
8206
6281
1217
7627
3756
3978
10941
199
9721
5074
10519
9063
9363
10552
1132
9953
10949
7542
9955
3494
10495
5923
3820
6666
3809
4221
684
6673
428
1595
8335
1714
3109
1073
5523
5072
8903
781
7757
4611
10108
86
8891
8166
8879
8996
10165
5633
10537
10802
4024
2950
143
6344
2657
9937
36
10773
9474
1968
0
1738
10596
7930
3812
850
10169
8764
7065
613
4756
4870
6941
3876
10568
5828
6745
1598
2146
185
2169
625
107
6062
896
9557
894
776
6472
1898
10699
7456
9523
5097
6525
6428
8970
9736
5382
4834
5871
4671
8997
2580
8592
10960
10913
5439
8715
6740
7517
7701
7936
3920
2416
9475
6120
1774
4095
3669
5744
4567
6474
5013
5778
4518
4472
10067
1704
1912
4255
7110
2077
3144
10924
5857
1802
5623
395
5897
3450
2312
3380
138
10379
4793
5994
920
673
10846
7009
9027
3217
10120
8716
9981
9343
2787
5304
4701
7236
2333
4256
5766
7975
5785
5237
7113
4927
1228
6730
7934
8402
9847
9138
9882
2853
10682
6494
6682
5361
9146
3391
10022
2846
10418
2548
5921
7615
8725
825
9453
6793
1595
9676
3011
9793
10505
4301
1280
1513
7315
2073
3123
5663
9797
2243
5682
10267
6999
7520
925
4730
9942
5797
10122
347
9855
8319
3687
2246
1407
8479
4103
8340
10246
2320
9035
6895
579
9006
8634
567
4176
4845
7211
853
5789
8803
9055
9136
6674
6235
6396
3137
150
4983
3195
1005
9789
2993
10667
2928
2687
7790
4383
2648
6947
6959
1634
269
42
1230
2115
8546
3160
10490
3163
6560
1812
8822
5979
10544
5521
4004
1923
3459
9230
6865
1317
3736
8880
10021
7352
4120
5423
3442
9009
7834
1725
3679
6379
4462
7659
2984
10543
3112
6046
10811
9399
10451
7374
4473
2500
2296
1008
2422
10287
2474
1865
2032
628
4326
3306
4592
1371
1660
676
264
1993
828
969
8042
10075
5624
4010
1568
2218
10381
6910
3229
9034
10252
5815
10646
2076
1395
5681
7847
7068
6379
3436
8870
9764
213
3737
10190
4023
3310
2778
3571
3451
2485
4145
7556
1733
2765
9210
362
3288
7091
7005
6979
7504
10558
1723
5907
6601
8885
658
2424
1221
3953
5275
1305
5338
4265
2633
291
4929
6900
6012
10695
451
9559
1331
4738
150
9242
7104
1618
9093
7993
2182
3234
8470
9516
5557
2819
2885
2723
3926
9344
10446
6282
3714
1332
3472
6693
10188
7834
1108
5400
3583
8296
245
1806
6410
9104
9409
3868
7329
5652
7757
5672
2981
9390
4232
10995
7787
154
7334
2785
7249
5105
7172
4073
1213
2683
4147
141
1320
607
7021
1240
5023
8730
10653
9590
6123
8538
2563
5717
7606
2573
1741
8366
558
1107
9369
6968
9711
5013
8846
1777
1184
1416
5275
106
2983
7474
2063
2438
6696
6816
1840
1206
9000
9737
9311
6028
5393
10587
10904
9738
1214
816
1063
159
9278
1516
7470
8973
6021
1990
3739
9938
10862
4832
8934
8816
2397
1629
3144
8931
104
9671
3864
1695
3622
10482
295
1812
2616
9656
5635
8351
5676
273
304
6214
4848
3238
10266
8911
2883
3259
9840
221
719
7655
1706
2952
9835
10217
2267
4545
1405
1056
9945
4087
6268
8191
3089
752
5396
604
3784
7440
4627
7004
7460
9695
1176
212
2394
10154
6563
5638
5176
4224
8399
5102
9082
4127
5908
520
6682
9195
7986
2217
7744
7114
2792
8054
4745
9471
7722
4652
8996
3392
1264
1877
9392
8310
1603
6340
5545
6042
4418
10525
9321
7174
6955
7636
7139
3383
7998
3248
2610
4501
5099
6220
768
1820
7188
9698
3924
4450
9940
1044
9139
3237
6959
9808
1718
8120
8667
1639
8668
1994
2836
2627
8382
7076
8814
131
1392
10717
9347
9180
6824
748
6644
8445
8007
7160
7284
10871
5532
6719
9585
6959
3680
7418
51
1098
5604
689
2551
404
6558
3064
3293
10444
3003
7277
8804
7032
8262
9261
7120
1488
7918
7139
8242
498
4878
3732
8142
2649
9006
4586
8290
4242
10879
314
7570
10422
9100
1612
6344
9093
5020
343
3200
10853
9251
1062
3946
5358
7984
9363
2777
7849
8354
4006
2992
1845
7651
3195
4636
10141
1503
5309
2917
1025
1045
3922
9422
4696
2268
4797
1348
8055
897
5274
35
8896
980
6794
4779
8098
5187
7331
7353
9281
9590
2962
9282
7770
3362
3992
3051
4478
8233
10999
7709
7760
10718
9703
5572
10172
1262
6009
3846
6045
6434
9007
3032
5683
4665
3141
8683
4104
5914
3185
6470
5486
4456
5299
229
4870
3550
8192
1743
8007
4025
3201
1710
6666
3805
4995
10224
8886
9848
6571
2074
4628
3746
7704
147
7969
3718
500
6382
8667
4906
2424
5722
6090
9330
388
7812
10509
5556
32
5868
7198
7732
10497
8573
5363
1647
6419
749
3154
4468
8575
3684
856
6438
9418
2602
2014
2335
6963
6273
3600
2439
3822
4322
7859
546
625
6051
2299
2223
10690
1942
10726
1676
5603
8156
10033
10255
4027
9680
2661
2856
6714
10921
7404
8922
2529
10855
10774
4112
1668
9399
6051
12
4917
5121
5460
10082
4782
4231
1115
7572
7307
9704
6459
4135
10417
4042
8870
2090
2031
221
1241
4550
8560
10404
230
473
3081
10223
4605
1733
701
10900
4823
1245
8483
69
3138
2128
5792
7994
1730
2822
2583
3463
3162
10023
6994
10072
9494
5291
7155
6512
9020
84
4355
1457
1567
10752
1630
5054
10768
2
7778
3165
321
7328
1170
8512
7295
2399
3939
4250
9108
6794
5082
5799
4021
2986
3039
7404
4119
10151
9859
4077
3537
6005
6073
3693
862
8706
9468
7064
3385
9891
4829
6285
9405
5078
647
6879
2688
506
2
8763
4708
10139
10247
4395
10730
3730
6286
2049
6723
7465
8314
4135
6172
2044
10038
6491
7853
291
8231
8825
7150
1356
4973
1976
982
5397
1102
10206
2234
551
3289
10327
471
3230
236
10585
9684
2837
3267
6571
6230
10646
2422
6915
2913
183
4533
5311
1016
7872
5178
1764
10538
1505
4723
3970
7937
2793
3699
8097
1904
353
3917
9044
7864
9359
164
8611
5959
5222
8081
4462
9750
7010
6985
7605
6885
5617
10906
3566
7333
10381
3691
5262
2417
2310
949
7592
18
7293
402
5419
4462
4964
5497
4581
9724
2592
10410
3366
4127
7776
3980
7543
1053
7528
7465
2713
2994
454
2306
9378
10646
3973
4716
9019
3575
7376
3719
5861
6948
2974
4287
2249
176
9707
10313
9422
399
648
804
2845
7720
8553
9945
9633
7935
6940
4832
10531
510
7074
1336
8833
10999
685
2859
9814
2473
10769
2292
3357
4852
8687
3334
791
666
4908
5202
4220
7445
769
10340
5614
4071
6404
7835
8137
4706
1443
6875
134
756
568
9681
183
494
2232
3178
7133
10785
4222
4840
6333
4198
3349
6298
5785
8489
10610
5975
9314
4105
9680
3895
7803
6263
4012
5606
9065
9200
3145
3382
4951
9920
10846
2776
6894
9317
6867
2742
5938
6709
9027
8480
8991
3165
6075
1825
762
4504
3409
5141
9524
5216
5376
6529
1769
8995
7535
9735
215
7037
2929
5589
1866
5446
9407
2393
7828
10040
6321
7907
5018
4352
1949
623
5481
9774
3582
4933
1087
9274
6037
927
5351
6781
2397
7374
2172
6265
10056
9594
9134
2054
3903
1916
4779
7243
5431
9905
1084
5277
5567
8389
4312
2998
2606
7697
7535
8029
1025
7340
10620
1197
10114
305
3094
9973
1756
2058
4768
3068
9355
6217
10595
2455
6441
3983
8517
9009
9762
1067
7739
8190
497
7544
5626
9811
10043
7075
579
8453
217
4912
93
6828
4300
9096
2493
10564
2769
3473
88
8049
4788
306
2153
9716
5616
2545
3445
3382
10276
3764
10492
2831
4290
2384
5618
595
2529
1073
9203
1899
8578
9902
8350
828
2967
2296
5064
3669
4007
6431
8665
2042
2535
2689
6212
2152
10187
4304
5423
3069
5257
7863
2667
3221
4238
913
8125
5051
314
8325
3683
4730
5351
4370
538
4047
9807
4075
4940
4982
9563
7904
10087
749
3072
5537
5232
10072
147
2223
7167
8930
8861
5976
9068
3420
2610
198
1223
5902
10092
10662
8565
8871
10020
5680
5446
10051
2368
5007
2828
3256
9560
10207
5878
6060
1027
10638
7738
111
3167
7833
2313
2345
5421
1444
2723
6768
1322
9653
7100
2647
8057
2757
8319
2062
342
7188
10694
2962
4694
8608
124
754
6795
9066
7689
6757
8836
9013
9765
2803
5968
6883
9472
3102
10115
2702
7117
8932
10945
7512
10191
10948
2671
2752
1628
2907
1761
4298
3406
7210
4966
753
9016
1470
6623
9379
10854
7675
839
5753
4573
4565
293
5194
8697
4701
3908
9155
7973
3533
4283
1469
5309
4280
6376
1482
5920
10609
5960
4117
10738
3894
6002
7526
8981
1672
10569
759
823
5370
3008
4095
2574
8284
8328
1040
9936
1883
8612
9446
5696
8406
1174
6798
10442
9632
9258
5432
7080
909
1928
1835
2309
7938
879
2124
6510
3638
4589
7122
8617
9479
4115
5658
4397
2066
10197
7690
1657
8683
9511
10459
1473
9149
8259
3696
10954
8006
3824
2597
8687
10354
5028
1230
3012
6331
5241
7006
5880
8930
9998
2513
1991
9052
4644
4438
3813
7828
5681
44
3239
8489
7874
4071
7812
3412
5936
7759
7585
4672
5501
70
9905
9069
6121
2668
4075
8443
2133
6641
4485
2640
5704
2406
8671
4999
5791
152
10634
5821
7879
8146
10056
2201
8263
6349
2149
5719
6329
9671
8370
2384
3191
238
9842
10322
4338
6927
10686
3792
7933
496
7771
4414
8920
10173
6115
10259
3449
9275
3641
3466
5276
10615
3022
7279
1387
10842
4648
10035
2081
10740
4954
10076
657
8649
10503
7125
5428
3052
9632
7525
9998
6439
301
9838
1306
7860
8832
8508
8684
5011
8773
3647
8988
10305
9613
2487
3507
4145
1666
7148
5829
7826
469
6335
3678
3252
9267
2633
4826
8151
10614
1590
1813
7979
4776
9620
1001
6414
3930
3878
909
9789
1298
7312
58
1819
6171
9694
1025
10263
10702
5325
4840
3340
6863
7462
4508
4482
10370
4283
10113
7917
9996
4447
4548
9095
6078
3670
1257
10511
6380
3333
3432
8277
2356
6720
10643
256
2074
8255
10586
3190
9073
9212
7927
5528
5795
9443
7214
2192
41
2486
8900
7279
3046
5812
7785
1431
5677
1774
3975
6794
8948
7526
2106
2686
6608
9812
10186
1117
6096
10806
4299
2293
6421
9810
9046
4352
7870
3860
10200
9369
10507
1895
2048
10844
1912
6426
8230
8432
2353
4240
3063
4933
10940
8195
10709
8764
2833
5759
5595
5303
4918
8583
686
6773
9248
7358
0
10650
6252
1227
3742
8049
10196
282
3552
10511
6197
2963
7657
9670
4276
2210
3756
738
6033
10514
5374
6387
3228
8750
651
9936
595
6614
8249
660
3573
522
1185
6552
5857
1806
3220
4725
2216
8154
5929
6580
10754
5677
8244
8876
9828
8149
2835
9398
8102
5454
1042
9121
3075
5253
470
565
6762
5439
399
6646
1673
7659
790
2343
6633
1384
7014
3128
6380
6652
10511
3878
6131
9827
9621
222
10356
4672
23
3477
3889
6323
7123
4319
7916
10159
10383
7426
10254
2831
1467
4550
4007
2580
794
5347
9767
8861
1168
8679
5987
1108
3589
483
2052
5377
9534
6840
7265
1365
4877
1211
1020
5509
3439
2035
642
6761
2803
2027
7020
4856
3739
5528
1699
5730
7611
1024
7872
3826
4110
2957
5137
1885
6119
2517
10624
6411
9405
1055
10917
7521
4152
6852
2108
1689
2840
9392
369
4255
334
6260
3432
9000
2681
8201
10433
9689
6930
5562
3560
10393
1860
8022
10819
7420
5626
5673
8508
8885
7805
8447
8350
1360
4773
4732
8965
2169
9092
2243
7830
5780
9810
2608
4654
570
8483
5988
1142
1212
8917
7325
995
5744
3406
1279
10748
7245
1722
7444
4996
1860
337
923
6264
557
9815
10431
9483
2307
3326
1407
8020
2877
5758
221
649
10754
10028
1310
3589
3008
10848
8853
3076
1513
6216
5076
7224
9211
9306
10496
1052
531
7575
3439
6709
5917
4851
2777
6393
8338
233
4024
10111
10054
7604
2742
3654
5668
2416
4233
8434
3809
4150
7254
1249
3882
6510
7199
6683
6515
10311
4114
6320
5517
3266
6264
7763
2347
10901
1781
3580
8986
5467
3715
9580
2490
5128
10174
1585
7517
4626
1804
5321
6418
8892
3611
10164
4278
5244
10518
786
4345
6956
8246
8387
416
7374
6833
6005
1093
3152
2225
10680
1559
5902
3387
4062
670
5967
6562
2206
5167
7136
1409
8039
3352
1021
2674
8634
4370
3166
10997
4624
440
5494
2911
4722
7608
7854
6374
2816
2636
1584
8415
7585
7637
6464
10797
6073
5502
2885
2183
7344
120
6325
828
10575
5215
2998
6965
4718
7264
161
1079
10985
6389
6336
7459
10457
1623
1672
2604
3830
10199
9306
1597
2714
8065
10980
8628
2569
253
4917
5719
4053
9315
5781
5617
8078
5314
5882
8233
46
518
959
10688
8034
3260
9559
5885
2308
6474
3679
3190
5677
2440
5666
6941
1585
5901
5670
8749
7259
8792
7931
10895
1279
10796
5396
6933
4470
4902
2166
2450
6044
7534
9437
10189
6581
5488
1678
3112
230
8134
4199
7753
6521
3940
8739
9132
6400
10199
537
802
10290
3826
8652
5035
4131
6511
8414
4340
3269
7583
949
10724
10389
5830
983
8073
5000
4102
3322
5170
9805
10086
2884
9872
8660
870
7873
9182
6051
3146
6635
6978
10378
4209
6804
6191
3836
1265
567
7944
2350
1360
1380
1243
3252
10337
10746
3552
8559
6441
766
3789
3283
9326
754
631
5572
7163
9609
6839
5720
4106
1287
2055
5679
8887
5126
2791
8168
3676
4515
2984
5678
5670
2678
4891
9599
6275
8248
10527
6044
5511
4367
7494
4196
3914
3269
3171
1132
7279
79
2395
601
6195
9129
5629
1862
2864
3047
5150
7449
1550
7374
2973
5983
7813
8608
10896
2856
7009
9647
5569
7037
5698
10505
4057
9518
7310
10641
1128
5392
6230
302
7454
236
8162
6109
6616
922
10329
6282
8914
10084
2346
492
4773
4887
552
870
3502
8524
7821
705
763
7486
3310
6367
2370
5899
7095
5066
4136
5189
10443
9667
1971
835
7633
6063
5693
7200
6158
6500
413
10557
2540
10129
4756
7842
1820
7603
10504
2751
8085
5539
6728
6449
720
5469
1053
10465
10655
5308
6465
8782
10586
3841
3960
1154
9486
4083
10255
10194
1811
4448
6789
1767
7976
809
180
3866
8996
7979
6740
9421
884
6066
8149
9260
5900
1144
8182
4570
10836
9795
1007
775
6825
8629
10887
6495
7412
4981
10611
3470
2955
1555
5732
7080
8978
9152
548
8181
6830
7315
6268
4873
5086
4936
6317
218
6694
1060
1033
9170
7145
4716
4213
6565
4554
7498
3374
9412
3367
2081
10804
9415
7203
4344
4863
354
8046
10562
9285
8614
7340
991
2454
1416
10631
1235
9700
4575
6649
876
10906
4455
5866
5977
2039
9642
7049
461
6063
966
5683
1811
615
8090
4670
1268
5155
5154
3905
3804
1229
8738
8178
5874
2372
10006
99
3534
1175
10056
1066
7525
4892
9139
9731
335
4314
1188
9244
5034
6495
8217
1485
3327
10487
8634
6961
1058
9042
8123
598
2080
10328
7019
1933
1793
9019
1775
1310
2132
6521
1256
9068
10274
10613
4027
4552
3754
3577
3591
933
380
3450
10609
7527
3529
7040
6707
5088
5791
1345
9891
9121
1595
1785
6631
3577
287
8183
5671
1741
7715
1287
9931
10540
10823
191
10531
8470
7103
8513
8533
5705
2887
9108
3601
10455
8166
1159
5897
4519
8527
7115
5604
2566
7433
1300
8458
4746
3689
6060
4593
7083
5950
620
813
9030
8314
7720
2455
1935
10784
813
8492
9131
4744
7865
894
4368
9384
2959
641
8809
8957
8350
883
2097
4751
4878
9646
4347
9778
10310
3754
3268
2096
4764
7427
4982
1644
10738
5738
3537
946
4265
4095
1960
1539
7261
7900
5046
9500
8629
2629
4123
7277
9925
7700
1734
8455
9026
233
1281
8951
489
478
2172
3559
228
1320
3063
7244
6666
5521
2207
10682
1866
3467
5348
3099
1492
3751
5061
6438
6964
7492
4000
5828
6043
10435
1970
86
3748
10902
2263
1019
6160
9169
3303
9150
503
8944
5989
7739
196
5056
7805
8098
8395
4563
498
4468
9049
2963
1433
7331
1312
1919
3757
5494
8670
2211
1600
6833
5817
8761
5114
1339
5513
5774
10113
1537
5682
10656
4742
136
5692
1107
2088
8440
7481
6435
10807
1419
1706
8579
6654
6973
9566
8404
9318
5926
64
1649
980
154
10076
5311
4966
7698
8582
4418
3183
5276
6400
7179
7924
2357
8494
2030
922
9966
10366
3415
10726
6156
6553
972
7241
665
9617
4662
9510
7585
8599
3193
7498
191
3786
1427
8174
1293
4981
4825
6491
7450
8029
261
10164
3774
933
4748
9073
7698
10577
6708
10581
7034
3644
9826
7837
2796
3510
5609
722
8194
8085
2079
9230
6834
8998
5481
7096
3520
8304
6671
4507
8305
8774
4850
2009
10808
7903
9706
6119
8510
6876
8844
3526
5402
5261
10425
8734
8696
6648
7434
2206
1014
87
10302
6644
713
5676
10238
8917
334
324
7912
7362
10652
6734
8391
9216
6623
135
2532
874
4688
10123
10070
8349
10639
10145
2124
520
1467
107
755
7445
3640
2281
7340
3009
10415
3089
5181
6468
3299
3341
9503
6900
1047
7226
3359
6181
6726
6032
454
7765
6938
2890
1771
4991
6262
8180
7777
9271
7367
3652
6107
2412
1453
9207
7571
1031
2159
5297
6562
9375
204
2784
10393
5406
8798
1645
8566
6467
4241
1216
8835
10013
7570
7159
7897
9144
5394
6906
2338
5631
6898
6558
979
3111
5648
2069
1992
7668
711
8614
6585
4682
789
4262
4202
1202
8205
67
4929
2367
6453
9969
10984
8940
6315
8123
4827
10516
5840
7975
7539
381
7486
3438
3545
4489
9382
1630
8742
9051
2850
10231
8663
10747
2617
1414
10174
5286
3168
6337
2243
7669
4190
6400
4097
10615
1664
196
7709
2230
1523
2247
6578
4652
3345
4167
9408
3639
6682
6752
6571
3880
8211
10333
8511
2476
7300
1123
9928
645
9268
2058
1608
6808
1831
9449
4754
10627
23
10949
5364
8243
6640
10717
513
9279
10525
1869
1804
7421
6121
9022
5409
2159
560
5742
3205
8442
3220
1249
9670
8923
7547
8259
28
4117
10805
9016
31
8891
6907
4419
1114
5486
5771
5791
1669
10340
8720
6949
10409
5134
5070
3787
9293
8581
6372
6869
5781
1504
3298
5259
1898
6164
6434
7423
5364
8512
2355
4233
7219
10003
9256
1241
9910
2733
6295
6440
706
1935
7037
5347
836
3447
8254
3468
9578
2732
1739
3015
5260
1435
3756
6663
3040
3324
3829
10787
8643
1980
2982
2504
9219
1807
4201
8203
8889
3945
4936
8947
5804
6506
6279
209
5272
10668
2941
846
1670
10698
7344
4399
7693
5575
4902
7991
8718
215
7032
5649
10725
3806
6841
8096
7187
9859
10300
3574
9241
1889
4795
9005
5983
10354
1148
2069
3626
4608
430
4643
635
8554
8169
8178
7692
3431
5619
2528
10742
2034
4727
8656
7847
3890
6537
7687
5447
1980
3460
549
6097
3167
3860
9523
5774
7388
9351
323
220
9400
5125
664
982
8440
2393
8195
2446
3200
8008
8646
4046
4448
679
5385
4051
9859
9817
1976
8362
7069
5797
8533
10421
8800
4878
303
5270
715
4692
8158
9772
5016
9015
8817
6027
4680
6956
10422
3046
9398
425
1646
1936
3492
5850
6083
10039
982
3294
494
7586
10881
5723
9721
2937
8247
7021
4382
4339
6419
494
1546
6325
9315
976
1282
10070
2030
10094
5728
8952
3004
4913
386
2744
9452
1813
5063
7535
6110
8195
7486
3337
8718
314
8686
5402
7489
10191
5884
920
9640
7875
1628
2988
7814
7779
8439
6162
10031
3883
8796
10344
6311
7148
9774
1748
3012
877
427
10901
2777
6141
5573
7340
10311
78
6150
4803
4554
5053
5828
211
7726
8406
10271
9052
1741
3741
4307
10333
3118
631
6503
3979
6450
6607
1752
2422
8502
8388
2266
3167
6320
951
6653
2030
1273
10723
6472
1129
2286
3261
6572
6854
1746
2051
1095
6321
5923
5313
4028
4513
911
4406
2260
10156
10811
10469
3539
9323
6551
5520
6193
8521
9986
6238
7131
7957
5966
7901
4309
3190
3080
6219
7143
6022
2014
8958
1657
5527
3149
556
1388
8346
10557
4116
3575
1079
5131
3227
3619
7711
3884
5523
3235
3101
5121
10326
6435
1323
4068
9192
5004
9720
44
674
9744
10039
4744
339
7225
10363
3878
6129
9985
5982
423
10485
10597
1625
3361
1437
4283
4150
6928
7875
7701
1561
7866
6842
561
4205
7493
8656
10790
5282
10592
10751
4085
5892
3947
926
1417
5080
7499
10293
3301
9631
8478
1470
9857
4021
8911
878
8969
8331
2519
7074
410
736
7241
4159
9096
10726
1943
7794
10073
401
1990
6270
5352
9107
3515
9683
4848
8410
10752
10427
9549
5650
6279
10569
9888
7
842
1043
559
4339
7413
8502
7782
9566
9313
7040
3382
1852
7237
256
5592
96
7811
3449
6367
5982
9556
4094
1215
925
7217
10376
9541
1203
2943
4099
4277
9131
2742
2903
666
2194
6246
3113
9054
4480
10583
7785
4854
6729
5379
7375
2480
2451
7522
6199
5380
3714
6442
8651
1404
494
10521
6256
9730
4502
5225
2784
4060
3766
5238
3894
4342
5780
9359
7305
4461
10249
2278
1399
5171
9818
9414
7739
3732
4182
88
8546
8516
7418
1042
9623
7034
4880
10357
9918
3997
7463
10193
6421
7794
6259
9743
7830
3655
7645
6194
4265
1975
3437
1275
4790
2363
10699
7896
1641
4865
6422
4121
1894
1043
1332
7494
3964
5126
10903
8048
1102
5253
1697
8835
6508
2426
3454
8292
3728
8457
1536
789
9436
10177
7320
338
7289
10328
8184
1383
10459
5466
8542
10112
8832
933
1434
412
5271
3699
2928
6167
541
6661
5569
6483
4658
6385
8996
1322
3578
2016
6034
1779
2120
2327
751
10222
3725
7599
6700
7310
1086
8859
10154
6090
8652
1070
729
8143
9468
7302
6910
2982
287
3265
9883
4709
324
9114
10520
7373
2664
2320
8583
8088
2352
4460
1957
3044
9941
1700
9868
3649
8527
7257
4262
10355
5645
10281
2413
7107
10239
4418
7645
10968
4751
6068
2154
798
7132
4642
3406
8545
9822
7877
10139
192
1400
8500
4822
10328
6038
9171
9572
8308
10720
8503
4463
3230
4127
3428
8585
3381
141
6395
2354
4675
8321
3396
1532
1337
3119
4131
3714
3417
9670
10722
8273
4063
4539
9395
10751
5262
8244
8952
7056
6955
2230
1882
7608
2600
5167
962
7258
4111
216
774
3111
296
1986
9003
7227
7865
2346
6524
5369
9834
7367
7109
6318
6690
4375
6398
10419
9577
7970
3967
3572
7938
8822
8757
1445
9404
4337
1782
2909
9591
2237
5670
5842
8846
10830
3991
9484
10276
4575
5510
7782
10151
10867
6216
950
3220
2103
7297
3758
2693
5740
5772
1051
6166
7010
6276
2019
9680
9648
9381
2916
9103
745
7152
1695
10199
3352
10298
2058
8102
8988
8840
2597
4293
1342
4304
2941
145
8783
3919
2828
4432
303
6403
5330
5658
3672
5852
933
10798
737
10284
9011
9261
6822
10191
568
1919
10085
5353
10051
10497
9731
2011
227
2920
2997
8018
9647
7941
2611
6348
2218
2396
10486
6879
10341
10834
4995
760
487
3010
1767
2605
5504
2396
9506
9552
1139
5316
1608
2064
8561
8282
3546
6765
6098
7403
5164
6592
7479
6212
551
1229
3035
4982
9142
10838
7616
4938
4006
925
4269
7841
8343
8317
9861
3625
6095
6733
1331
10328
3398
8499
9793
3270
3652
9385
3696
8435
7318
8159
762
3586
5855
5037
4427
7481
1283
1834
9758
4846
447
10710
10732
8615
5380
9096
1423
1262
6043
4133
1636
9647
722
6726
5703
8888
9948
8908
10665
2164
5135
603
1460
8059
1591
7536
7047
5978
10432
5944
8116
9546
10161
3543
2351
760
6339
3410
5178
5729
8688
4441
8827
8615
8833
10172
4447
7500
1112
10553
10463
8425
7596
6327
1289
4852
6227
6331
7634
2101
8058
1332
6479
579
7831
5309
1346
6783
3471
542
4961
3988
5628
9263
8923
8050
8686
9667
7948
782
2483
3949
8216
3559
4537
2705
1276
5008
7111
3897
6304
3749
6500
1114
728
10628
647
7219
818
8321
9373
7802
2314
3829
7226
3323
1848
6860
5478
7477
9523
2682
8496
10691
7631
6210
10009
9492
5722
4099
8655
6879
10493
3327
7810
1246
7062
10720
5492
4750
146
1562
5609
4129
575
8791
4165
1536
639
10587
10893
9144
1664
2085
3669
5175
3705
10878
1921
5739
4423
3785
4767
2048
478
5359
626
1188
5515
10101
10882
4353
4566
1149
8582
3534
8173
5174
9739
5434
2747
4721
5926
9014
7063
2409
8661
5286
6497
3822
10540
5860
3351
4774
748
528
30
5664
6933
4224
9812
8543
5076
10048
6490
7999
9480
479
5616
6991
6527
1286
9192
10202
3421
5109
6684
3380
6412
1003
6043
9702
5799
6833
5134
2934
8968
2092
3353
1103
3298
9686
1469
7328
1528
5328
3227
9651
3172
5838
859
8460
10756
3439
2458
2268
71
6095
1002
3209
246
3402
2931
10812
1885
7327
8103
3918
1312
6479
10268
343
1978
10778
458
6197
857
6884
1220
4998
1174
8808
7491
4691
928
5841
9942
10545
2944
1593
8422
1060
8639
9336
9830
9465
10931
10315
4679
10361
5032
8510
4153
9438
140
5471
10295
10331
2811
9873
7153
4268
7865
9753
5236
10255
1894
785
2791
6261
4419
8647
3564
10521
1771
857
3215
8436
972
10431
4546
3171
4621
92
2718
3478
5802
5946
10927
1221
274
3482
3983
10904
7481
9637
7922
595
202
9458
1297
10757
244
7709
6432
3412
7334
7264
4754
8151
4781
5648
6940
1448
2729
22
5247
5059
9568
3752
2047
879
5274
1388
312
5408
8652
5992
2937
2982
5416
6977
2328
10757
9409
4254
7749
8362
4124
10953
2891
6751
3561
9394
6377
9748
1050
10567
5542
9770
2451
10507
8555
3357
4319
8921
5754
5365
7763
9878
6868
5753
3235
6097
8017
8537
9835
5856
1936
3086
9241
10184
143
9024
10981
2168
9476
3779
4370
1011
4297
5895
838
920
10742
6587
3917
2776
10449
982
468
8083
5152
3001
4297
7871
8487
6908
840
10942
7141
6123
8073
8946
9833
5269
2773
5368
5186
8570
8926
3463
10156
1438
9838
3571
38
7421
3072
658
1400
6853
7075
7611
3961
9195
2069
2646
3783
8099
9708
2603
5912
8703
7184
5795
4893
9267
8964
1901
4975
9251
3003
3030
2497
4714
8711
8432
9765
8232
7188
5950
266
6463
723
2649
1523
4938
10723
5290
4947
97
9731
2037
981
5470
3042
4846
3864
4118
10862
8066
7367
1356
3643
4668
3918
5208
9860
9563
5112
4767
7557
10901
1198
1999
1097
995
5610
1969
2623
8000
4433
10300
3127
5958
1095
9098
595
6927
9197
6129
6896
2469
4149
9744
9796
3638
7542
699
785
2008
5059
3622
591
6837
7949
3242
1737
5195
8993
7822
9917
2683
2588
510
7615
10427
1795
5904
7391
6346
1056
8281
5038
656
2870
1099
3328
2984
6213
7361
484
2347
7681
5265
5639
4953
4045
3884
901
8390
10309
2141
5505
1871
1953
5243
1205
3536
8589
6861
546
2412
2589
8737
4899
3328
654
1521
10997
7676
632
3771
398
10855
3655
5676
5559
8358
4929
6920
6612
8448
2226
8304
760
4265
7339
6848
7117
5897
10241
8196
5961
7921
1177
9286
8596
6977
6473
3223
3838
10025
962
7200
4045
10674
10025
5187
516
8823
7805
10011
9296
8574
1220
5349
10620
9101
5478
521
6516
10954
4698
9697
1918
2452
3207
6124
6340
5911
8514
6375
9846
9096
1087
10746
2317
9934
6691
2939
8122
3961
2230
1377
10389
6322
3694
5966
2850
6558
10990
2025
7893
9967
2669
3064
7990
521
3699
7919
4912
1022
6471
119
5139
9575
5283
1622
1865
1488
4753
886
9446
9983
4927
9957
9064
10736
2597
7041
10150
2880
8624
886
797
8764
6006
5445
10846
7949
4714
8514
7339
7682
6218
202
2768
3650
2355
8479
2518
8005
10518
9130
4018
7717
1356
2700
4093
3134
10565
3249
7948
8943
4222
1705
4912
5053
10089
4836
7080
9787
1942
9674
3218
511
4768
5300
3241
5315
8722
6762
1071
2255
9776
330
6004
5208
4969
6578
3303
9231
7546
9210
641
2240
6559
5425
1201
3781
10146
962
9417
10703
5974
7114
6888
5809
3612
9969
3641
8841
7916
3091
1465
7827
1729
3666
5534
10739
5163
10970
8114
1047
1912
7168
7863
7143
7892
112
6276
10426
9500
5962
4934
3982
5795
3055
3306
10547
7636
9406
9102
9053
10846
8390
4983
381
6845
7311
1685
8571
7805
481
963
4449
9682
5336
1507
807
3803
4115
3647
1790
8236
6967
1
10275
5507
3989
3067
7339
4474
5765
10931
5493
5411
3806
5246
1921
2610
5907
3734
6155
2924
5419
1270
3403
1125
4540
6770
6540
1583
5565
10443
5142
7142
4783
10200
8027
10329
8856
2776
483
10387
9476
5628
7925
9591
2023
4114
4666
8354
10564
4291
8583
9266
3763
4126
1983
4357
8706
4646
10458
1828
3707
10366
4047
10886
5806
7301
2001
10337
8379
1157
9697
4635
10702
4077
5231
10014
7831
6438
10942
586
9796
3186
7236
4373
9742
3232
4098
2598
229
812
9774
4015
4001
10348
10643
7248
1286
9982
1610
3159
6218
10029
6695
309
3079
7810
154
2333
6560
5078
10312
3342
1393
2462
2477
3816
9951
1015
1680
5795
5537
8305
6204
10386
5810
5080
7863
6807
2708
2029
9976
9624
7283
1620
3386
8375
10675
2151
10519
7503
3430
8415
6731
7442
1174
7362
1255
1600
10676
7944
2341
3073
602
3359
1359
9828
8275
7911
1503
10816
5637
9912
2986
1071
5856
7927
6158
8515
10870
2840
6668
9168
1103
3125
8892
7417
1671
5420
7933
9431
1862
3150
5037
7844
4117
8684
4019
7990
10360
5308
10582
9639
8084
8674
6306
392
10070
6282
15
3374
10445
8777
3965
5933
7037
5043
3752
1697
6705
3486
195
8211
7188
9878
4196
5744
1900
3779
4037
462
2380
10692
8098
487
10757
4486
3620
10608
4824
7264
6217
9588
3546
3542
9797
3697
2580
2813
6433
10700
3286
5094
366
2336
9128
10484
4670
6233
8749
8279
5304
7895
5116
1779
10582
446
9012
10698
2612
7170
8475
358
9471
4224
331
2851
6184
3400
10978
1457
2964
6302
6308
1759
9969
5104
7231
7738
6279
10370
10219
4110
2520
4709
3756
460
8885
7254
2797
4961
1271
6930
6675
1359
8927
2071
1059
10140
5355
8182
641
2720
7853
10861
3614
10741
9889
9817
4877
9671
2290
552
10370
10250
2082
868
8015
7211
4533
3252
6949
4487
9000
6709
5091
4639
4716
8909
6414
8749
4985
840
1285
7520
1144
10195
9208
4083
8417
9862
9757
6781
5605
6719
406
1777
4137
3881
2386
1725
5944
10100
2478
3807
8940
2469
10408
4996
9297
8294
4616
10626
1462
5865
3444
10997
7089
1542
3494
9127
2421
10787
10028
3200
3298
4339
8019
10646
394
1111
2081
3197
4523
5121
10806
4719
1798
10096
2838
3703
4595
4198
4998
1816
1055
7909
4840
8658
8227
4759
9948
9116
5290
8829
8941
10341
3279
4399
6406
10972
4632
6131
4639
3544
4083
7833
6040
10842
1891
9666
1984
31
863
512
10666
1057
1863
10593
437
4548
8140
8917
10879
334
6883
4663
4501
9672
6878
5825
633
8889
2319
5975
6417
10570
8202
6926
4368
2844
750
7541
10275
8677
3703
4241
9338
3338
5915
8255
4649
9263
9862
6315
5913
4169
10429
9557
6432
3684
2164
7067
1146
3304
1284
737
5779
6470
5853
6309
10458
801
7123
799
2563
6080
7344
77
4609
10687
5158
4661
8565
9413
1423
6644
4632
10169
7723
4212
4394
6102
8821
8250
5748
10589
7787
8468
536
1345
608
433
2602
1165
8119
10771
2363
5514
10014
4496
5691
10733
7837
8983
10168
757
7169
4997
4815
6026
6922
6295
9694
8761
10989
7249
651
7356
9350
1365
5093
9174
7534
9736
3517
1700
9165
7846
3840
8487
2157
8702
1828
4798
1059
2567
3980
6121
4809
1546
9298
3792
4932
10554
304
841
10856
9086
4596
3089
5587
559
6765
10322
901
1364
10014
8602
4522
7643
8726
3988
4977
1090
5104
1824
10268
2395
2814
4589
116
1774
10390
8431
3752
8497
5374
2476
1546
1027
105
1048
7246
766
3173
2336
5568
6722
5904
1179
7721
190
6464
1132
189
5097
8060
5301
5389
1023
4018
8894
5876
2383
3485
4603
7511
2481
8986
4595
3478
10877
448
4213
5490
1798
6273
4205
4074
7246
1961
5251
9446
2603
8755
2852
10623
10327
7346
2907
1281
3285
403
3008
2510
151
9060
10728
10896
9013
1233
3269
378
567
8435
10780
4459
8916
2517
8332
3121
10699
7461
9334
8694
7655
10786
9040
10729
9415
304
8092
164
2235
6382
9886
3286
10067
8400
4338
3548
5337
7310
5515
7864
5583
7296
9937
5246
5691
6188
4618
3743
3351
7542
5320
5964
10180
2994
5491
2129
5175
1225
6966
10467
852
5430
9932
4551
2711
9460
5061
5977
10657
3038
10964
46
4391
9906
1024
2022
6543
8331
5594
10641
10964
1041
7054
7605
8040
8511
5898
10177
1713
7777
5835
1178
9100
7056
6151
7567
3310
10764
8486
3562
8458
869
7394
4878
4652
6501
1901
8176
10252
7093
10217
10443
9727
139
2458
6372
9383
5309
1120
5158
1946
3581
4449
4915
9760
1504
5259
3945
3998
1972
3007
10300
3463
5854
3417
5637
4786
6934
2180
3487
1735
10664
1642
3305
10403
1647
3801
10085
6572
7623
6193
2205
5622
9183
7842
2436
9603
8258
59
7504
3905
3817
9613
9410
6933
10934
10638
8807
1781
3407
721
5535
907
1381
7010
6487
1902
5833
3215
4021
1251
4610
6803
2544
8960
6541
68
8577
4345
4985
6908
8922
827
3373
8244
1681
7302
3521
10300
10024
2488
9630
6048
9573
348
3683
1101
1337
474
2109
5945
8583
4720
7153
4319
7420
7230
6953
1218
6389
10886
10818
1497
8201
4602
4110
6497
6156
8216
9882
584
6196
217
9518
3213
7796
3463
5572
2406
1547
7796
6959
7313
8
10023
10090
8180
1396
8346
6689
2343
5716
3087
7592
839
586
2049
10495
5902
10543
846
7822
4870
2327
4274
2723
2157
4377
4087
8277
9961
8985
4808
9099
5012
9571
7773
8342
1123
5222
4577
1936
1729
10427
6775
3664
6697
9649
2571
5692
1384
10743
5957
5217
4297
8757
4991
529
8586
7783
9240
137
8411
5982
2898
2158
10111
4957
6685
772
1067
6133
7990
683
6227
4861
3994
5630
8740
3114
4677
2801
5516
8743
8607
8086
2517
4809
8166
3108
4817
5434
10383
2917
7128
10368
9845
7883
10084
5129
7428
5526
5486
9532
7823
7516
9073
1343
6725
6085
8675
1209
9394
5962
2244
1396
10546
3634
1464
2025
9753
5737
838
3719
6462
701
1451
7489
10702
7757
4457
9531
3252
7273
8840
10593
998
3760
4231
20
6603
7418
3515
2514
7184
8819
9550
10025
1946
4121
9475
3167
4557
1242
4222
9457
7707
1676
4097
3926
137
4202
7336
9976
6995
7120
3102
5526
7456
8180
7865
6656
8464
2625
3176
5761
7113
5793
5500
9874
4473
9054
2852
5745
7470
3597
2075
7541
6322
2983
1037
3716
10066
8238
8687
8563
5029
2824
1027
7593
10929
10427
874
5160
9832
5582
1741
705
10402
6951
1772
8724
10117
750
10191
5841
8184
8037
3323
8982
4925
8266
7435
1797
1748
8267
2256
5936
4412
3333
884
10836
10988
8649
3432
6191
8472
6932
8934
8600
1879
9857
8864
234
10233
6676
7903
108
4382
9198
10488
1528
2490
8824
4817
3678
1469
9846
5241
4980
6238
4267
6165
2628
10783
9434
8526
9546
10811
3711
736
8512
3692
9611
246
9105
6754
1870
2097
6886
1478
2204
7808
10816
9724
9583
4232
9675
1679
2404
1605
6090
6862
8733
5569
109
8396
7730
4336
4988
2501
1773
911
7471
4693
1217
3137
4668
3619
3078
304
2259
6698
6347
3789
6737
10951
10008
71
255
7486
5592
487
9999
6344
1191
4860
1843
10304
3750
138
3154
8611
5536
7790
7455
4725
9975
2052
10831
10256
6160
9273
111
2311
3440
2101
9864
200
1626
7456
8480
8144
9518
6509
6710
777
2079
5643
1146
582
680
1984
4238
416
5652
7209
4693
4529
186
4269
9735
2453
2793
6592
8654
1200
3982
3314
7808
5506
2111
5231
1081
1935
9626
6922
7340
10804
7055
6122
2558
9140
1606
2911
9423
4248
8999
9053
3621
8365
1301
5287
8831
2926
4669
6039
8363
10874
9945
218
861
1113
5459
6465
637
5769
9272
305
2292
6933
2307
5372
8114
5292
1419
8569
6190
5055
10819
8894
4203
8436
7091
7046
7732
3056
5592
125
6740
5178
10317
8688
4516
8314
147
5553
3802
5816
7709
9112
946
10024
3609
7598
468
435
4643
5091
5793
130
1308
6999
2395
1684
7378
1309
8241
6598
5237
7276
5308
1602
6022
183
2912
5592
3955
3308
3914
6800
8483
10402
4667
10810
1651
1603
4974
3453
8363
1673
9852
9436
1592
1141
4025
5599
4958
10506
2746
10453
3881
5696
958
262
4784
1045
6110
8519
4895
10758
610
2687
6880
10723
5562
182
1077
7840
3350
10054
4837
5983
9450
1993
9193
3843
6985
426
849
4976
10500
7647
8423
4118
2479
9516
536
3821
6401
6971
3690
10762
2231
2775
3311
9295
1859
2329
2741
6376
9518
10673
9686
8218
1367
1142
8251
7414
8670
10960
6392
8915
3498
10602
5508
9386
2076
4774
10008
9282
742
4433
65
10692
6571
6733
10692
1634
8387
1061
3413
3904
3323
1587
4467
10404
10864
6933
4771
8009
3734
31
8720
951
9065
34
5644
9935
10775
3089
10574
2994
10464
6564
400
7337
6675
5149
531
1959
4318
1680
5553
10795
9969
9888
1463
4650
5896
10164
9485
4257
5491
1409
3204
2656
2276
9601
4883
9346
1717
1681
7565
6048
9923
4280
1506
10629
6379
2907
5648
7732
127
9693
2055
3198
1140
2332
2462
9921
6475
295
2581
10842
4235
9331
9856
226
1032
6549
4980
8198
9202
5602
489
6112
9612
5026
9812
3259
2782
5194
7608
2692
1002
7537
4041
1757
9440
7498
7452
6771
4518
6896
806
1887
4960
2225
352
617
1192
3977
10820
3831
3689
2639
4838
7406
8078
5148
10794
1456
2754
8280
4374
1027
6171
7614
8363
4203
7921
5600
10006
5189
1005
2989
381
5244
10647
9807
4728
4145
8376
3625
3782
9043
5784
581
5033
358
4085
9708
2871
6887
8026
9511
8789
6622
10735
4410
6490
812
6114
192
4878
7284
642
2962
6582
7102
140
2440
8388
7078
6405
7714
6319
5459
6818
8608
4604
2172
3286
8262
8256
10261
6785
10251
8875
2503
1770
6793
5386
845
4617
2815
4298
5666
2011
10617
4300
512
4747
3049
9969
3156
4346
8167
7011
8558
7490
10340
1221
612
1005
6796
8448
8573
2973
8986
6652
10131
8823
6333
8151
1962
1177
848
2821
3909
9620
9328
7460
519
5792
9462
9402
6455
10795
8780
4293
3709
9150
9068
7
7994
5956
8516
9852
236
6552
10190
7778
5998
10386
3060
284
2102
2277
873
4282
6767
10032
3498
7761
503
71
1843
4355
1715
10525
5126
9666
9575
9256
238
8294
5802
7841
9129
1040
7965
9599
2892
5666
844
7871
10393
4950
9341
4522
6540
8392
3350
10795
8667
4632
3603
8019
9611
6464
2421
9011
2863
2222
5470
6078
1924
318
3456
1576
7816
5616
4141
7422
1352
5169
6001
5099
6753
5569
7732
4277
1246
4344
996
4906
7968
7565
10232
5434
4156
3885
4103
7866
4861
596
5726
9090
2395
4755
5760
1748
7516
6247
632
1625
5966
9330
466
3642
10942
2648
7599
1456
3611
8135
7343
3536
8940
6548
9961
9255
1920
4102
6174
10373
5244
7649
8196
9905
10430
1146
10446
10841
8137
8298
3384
3372
345
1713
2057
5031
2022
3944
1521
4112
5166
4858
1802
10906
699
7584
7331
1253
5044
10536
9854
5113
4894
8161
10467
1383
723
1214
46
5908
7139
6108
6540
1299
2975
8850
1699
9934
2253
9732
1591
5929
5205
3732
3688
4459
1225
125
5609
2673
3083
6277
2924
1689
889
7367
3096
9848
9980
10610
4677
2360
6391
7098
606
5106
1042
10561
2620
6972
10061
10833
9132
8511
8018
1305
10359
5719
7355
3017
10360
887
4819
515
5458
6009
3681
3104
10903
5024
10222
8132
3629
338
1287
5704
9154
4261
6439
1098
9913
10316
4900
10803
453
7173
8817
8685
2178
1691
10540
1462
9851
9708
6198
9029
6501
3742
3856
5088
4467
3778
3557
5784
3931
2661
3610
6489
9934
2383
8049
346
6292
1282
2477
4285
2173
2641
2584
9700
6013
2458
4144
4913
3495
10842
8777
8543
4962
307
4356
5858
5041
9940
8780
7664
2475
3357
6585
203
5499
4446
10854
6772
9531
3595
2004
3885
2713
6894
2002
4330
9508
5161
1436
10165
5607
6934
4184
10629
4259
1525
6968
7507
2236
5753
8641
3281
3354
3775
5690
3951
10503
1132
9856
8915
3664
8402
1046
9084
7525
3455
7618
1884
10882
4579
355
9895
3664
9227
1190
7284
9086
10743
10872
7127
7088
6388
7406
7464
466
10270
952
6452
3022
4182
3644
10925
4521
6260
622
7985
9075
1594
6741
516
1213
444
10105
10179
1117
7167
10993
6998
10509
5845
7873
337
1882
3522
5784
344
5928
3719
9399
84
9427
4248
8773
8150
6912
868
3264
366
6282
1721
8615
6776
8424
8953
7914
2268
8411
1437
3563
1449
5358
5868
2269
1718
1830
7320
8386
2701
5217
10013
10308
4499
7187
4919
6969
10608
3259
127
7625
9640
1580
2889
4627
5379
6927
10469
7987
3055
6206
6416
9209
10088
1595
5903
7771
2306
7215
240
2858
5787
7647
9548
10593
4223
5137
421
8610
3928
6468
4648
10980
7722
261
9486
4855
7545
7622
8317
3271
10568
4505
9190
1094
351
3810
10259
5396
5360
6858
4199
4402
9046
2352
2009
7653
4194
3810
6734
9741
2163
3601
2715
8213
7833
4746
4548
2821
5495
1785
1004
4402
2139
1696
9561
3080
2066
1158
4611
6478
9365
8058
4553
9991
8962
3294
2015
49
9617
8289
2624
6494
364
8845
2685
5064
8233
4063
10343
4762
10279
8316
1814
9721
8731
4976
4030
4465
3182
10826
9115
9892
948
9308
786
6973
6212
6911
10883
8003
7455
475
1006
8257
4095
7219
1961
1914
7237
2263
795
10697
9887
7043
10368
95
8828
909
2074
9702
8285
3788
2992
7034
3514
1148
2021
7583
7942
7309
6560
6614
8865
10227
8308
4553
6648
7833
4411
2758
338
7455
3364
5008
10681
9218
5677
9408
524
3906
2087
3419
8853
9423
4645
7493
539
4085
3888
1227
414
3446
10955
1646
2235
10806
5685
6147
10195
7442
8120
5032
10140
6362
2469
2521
4651
7773
5802
688
7180
9252
7522
4059
3937
7303
10735
7999
3483
3347
2150
7235
9543
9693
4974
9399
10328
360
6063
2083
6405
746
5468
444
158
3204
4836
6697
6569
3473
5242
9532
10651
3638
1855
10076
933
8919
3545
2487
10829
10363
2562
6932
6029
4901
9720
3142
10853
3596
8844
5133
232
5524
3009
7711
6917
7163
5451
2084
6789
9064
8818
9943
8939
7541
8577
2496
7085
9037
9007
1422
10318
8480
6274
2882
10741
4340
5978
2518
4445
4150
10041
5293
8122
4790
2629
3948
8133
10344
5376
9758
10500
5143
1397
10525
10897
7684
782
7396
3421
5988
6206
8194
5969
8879
96
3792
7049
941
10467
10868
1006
9251
426
686
1902
1259
1732
1911
2137
5450
10349
6498
6651
9962
10167
5091
8425
7064
6529
283
10018
10240
6945
7126
3411
4908
8657
6195
1463
7420
8356
5098
4154
319
5748
9645
6272
4543
10465
7837
222
235
4247
5189
5340
3542
10885
379
406
9820
6525
3907
862
3261
3261
1246
1112
9074
3033
6247
2042
6244
3395
6134
517
2509
2617
6126
3692
5718
9392
8001
7800
1727
3098
1307
3301
7373
5186
6675
2037
1077
7872
9158
8287
191
2533
9038
2804
8942
6372
7544
5294
3587
411
7788
9196
1657
7629
9189
8566
8796
4382
10359
4962
9835
6186
5984
1305
2652
818
5703
3706
1518
8356
1401
7888
10090
4430
2539
5162
2499
7222
5650
9191
3716
4889
3502
115
3001
10822
3109
9363
7093
6998
9611
3025
9762
6475
8807
3140
4176
4234
1657
9560
1396
1702
7064
10237
3418
3323
2416
6679
10541
7867
7864
5681
7187
7576
410
606
8758
1343
7611
9254
797
2109
3402
6249
6057
8953
7550
9923
8875
2509
10223
9164
3107
6890
10783
8562
8091
9536
9098
2790
490
9183
6184
7136
2604
8925
7835
8064
9438
6404
9379
6226
4264
10702
6591
9413
8284
4520
9279
5384
4130
9512
1077
7601
6014
8021
5921
1980
7641
1842
1291
9252
7907
3206
3555
409
9643
5043
2181
5190
10301
928
9097
4957
5682
5565
6662
3514
8862
1331
1751
4089
6386
7862
8613
2781
7137
785
1291
6693
8080
6364
9441
5013
9991
7515
10624
2487
7236
7110
6085
9116
4710
5648
7601
1915
4463
5471
6796
7907
7587
2280
3833
6569
4637
4676
5981
2369
4625
10706
2545
1339
1924
674
5167
7036
3055
1276
3826
9094
6483
1139
4894
3949
8662
4841
9318
10038
8891
2575
8484
1334
24
8449
563
852
8945
6621
7872
2876
1314
1174
823
6409
2681
8777
2274
10382
106
6795
1676
8778
3260
5677
6468
670
1241
9269
7229
4075
6963
10970
9514
1981
7113
948
7527
2150
1465
1181
7322
9880
5607
4648
9128
6707
10332
7860
10757
7663
10882
7501
2651
7831
4851
2192
1955
3274
969
5601
6354
5255
2017
4211
2794
3188
4169
10011
7290
5347
9728
3345
2976
2
3389
10899
9386
6293
4791
7880
5140
10386
7155
9918
8259
7513
10852
4289
776
7142
9557
7793
6761
965
8970
3886
785
6376
10581
10835
9680
5536
3924
20
3357
4965
3423
10837
8447
9756
10255
1096
331
9860
2506
2523
9056
7053
10819
2788
9750
1894
5887
4353
10157
1417
3746
568
4178
7781
2656
6440
5284
6759
9127
9483
3789
1455
8265
7120
836
2378
2120
313
5175
521
8938
8302
21
2949
2949
9507
7081
5709
3883
8405
9595
4375
7790
7749
10297
9359
3631
4094
403
6862
6183
3889
10956
6361
2833
2082
5164
5173
7303
5254
10395
100
1920
9083
6895
7759
10612
6045
10614
10601
8902
9097
7463
1051
1592
807
1931
2385
9493
10585
8097
9080
6647
3410
2479
8474
8368
9717
4861
6216
2374
7347
5883
5754
9728
7568
5098
2366
2109
10827
6520
795
3476
5400
1645
8641
7893
3076
4179
5040
3895
4349
1210
10497
9915
7563
7945
10428
2421
8870
5809
4551
5098
405
4915
5215
8509
5888
9906
10606
740
1699
9203
722
2880
3312
3913
5046
4658
8232
10901
1983
584
7389
3026
3893
822
1439
6310
7764
10274
3785
9301
342
7024
2247
4176
830
7652
9519
1859
7620
4630
1617
9172
8344
5630
7443
6078
2509
2257
2670
5125
3155
10757
2055
6308
4400
9374
5019
5291
5117
4275
10906
9957
945
4346
1278
8061
3812
6112
4312
1424
850
8869
911
7293
9914
2876
4311
8193
5385
10136
970
3888
3736
7281
10421
10326
10959
2702
5682
8587
9572
5197
3749
2492
7820
2662
5949
622
9965
10157
1289
8782
2886
8638
2684
4612
3427
8419
1310
7102
10256
4201
2993
9961
6809
1601
9957
5738
10637
9690
8448
98
2277
5747
9558
6328
1236
10750
9696
5312
7604
3777
9788
7145
3370
3366
577
7845
6920
6161
7853
3041
5558
3010
8822
2196
10004
5160
4665
9045
10525
10238
5530
10860
1091
2506
10792
7171
7236
1192
8540
3606
3214
3333
9198
3325
796
4623
8980
3786
7045
9354
9376
5885
7333
6309
2525
1702
6130
6099
9510
138
1669
5302
3907
5734
3331
902
3105
5202
5216
6958
7212
2724
8519
10647
4635
3781
4383
231
7553
2809
8781
1921
5267
504
9690
6264
4763
4505
5986
4878
7336
1358
8681
3294
6048
4459
5361
6090
2739
9288
9708
6414
6413
3046
5994
7083
7383
382
8600
5464
8051
213
6613
7299
6666
9164
362
6389
5379
5827
5134
1524
3571
3062
3107
186
2988
2055
9168
8802
1420
8987
6124
3307
10074
7809
740
893
7270
1644
585
8344
8846
6666
10417
7099
3129
7822
2560
3170
1026
6304
9866
993
8739
5580
4600
158
1571
6463
6789
10579
9718
6445
10412
392
6623
9496
6032
3975
8172
627
1583
10673
7262
2797
3884
5422
10924
4633
10712
5274
5475
4522
1612
2323
4052
4268
1005
62
1162
5246
5884
10137
798
4163
1561
10939
3329
4327
5996
10008
10621
4015
6855
105
9608
9225
4771
1864
3023
1403
6662
2024
4667
2991
5278
5891
2850
9316
6021
7374
5276
760
4936
5599
10160
1529
773
1567
7867
8627
6713
7354
8837
10443
3596
658
8672
6858
4202
10412
10245
8086
2510
4898
7037
8234
4173
9255
10376
7806
2548
3146
10222
4273
3310
4978
9296
6914
1494
1023
5618
2695
7182
2681
2455
2068
4466
858
6857
165
812
6686
6692
4639
10749
6795
10285
5024
2028
6075
7868
599
10254
2782
363
1902
154
10869
5290
3620
2103
5185
6017
1503
6741
7898
10849
7142
6645
1140
487
10061
2710
419
9566
4626
4093
223
6832
9628
10192
9034
8552
10595
10527
4534
8391
5202
3879
1637
3850
10657
9700
48
6804
2599
11
5624
1621
9309
6554
8059
7399
9422
7148
7982
2512
4114
612
2850
1601
2898
1981
4321
9218
10981
1947
9879
9335
7577
602
10925
5060
5510
1970
3296
6920
4244
7475
1264
7105
5669
7763
7885
1460
2676
3081
2452
9766
1684
2605
3600
9549
6022
2790
43
268
9515
9791
3075
5351
8880
6215
8842
9435
4551
6243
3861
8000
9233
5571
1798
4143
6617
10614
2525
5914
9556
3258
9665
1636
5077
8964
1076
3463
1525
2016
10149
6459
4079
6814
5031
9417
10993
2009
8695
941
727
7069
3355
8761
7770
6364
4173
2356
1398
2909
8303
4062
8281
4139
7328
9742
9950
6157
4108
7267
874
10903
1802
787
3926
2604
632
8467
9314
2637
8473
3956
7091
795
1846
2854
1028
2149
5474
1748
7672
10150
9422
8764
5255
3639
10254
7584
6934
5228
5971
2894
7633
9030
7743
2984
1548
3325
9552
5361
5583
4511
5395
4853
3879
2009
1450
2684
5345
3104
6224
10259
6610
7716
56
5870
5251
7171
1054
1630
6376
4014
8805
6251
4630
6082
160
110
3932
7269
7780
998
10243
2818
10210
7989
2503
5291
8435
10862
472
1858
8692
6141
8362
4180
9344
6946
3639
5098
7661
2508
2551
6302
9046
3870
10318
6366
2600
697
3451
3560
9849
278
6449
9291
1042
3486
9911
10413
9973
328
3794
542
4457
2686
10170
2272
8370
1100
3225
1378
5902
10997
9816
5575
7178
5244
444
1448
6635
8397
2670
10611
2601
10846
1088
4165
10502
5789
8506
8315
6756
887
2965
8745
10387
3537
9383
6870
7530
6623
9125
1780
9718
8311
511
7575
9150
601
4972
1402
8678
3477
4654
3024
378
2033
3601
5189
7002
7878
4621
6178
10020
4982
3515
5719
6640
8540
5765
5688
1284
9223
3485
655
4560
10708
3567
5682
4924
10848
1203
10960
8733
10415
10098
9421
2790
8236
6186
10359
3627
5565
9180
9397
8025
1129
107
10187
138
5225
583
4812
356
2417
9015
6693
5545
5738
6702
8466
10233
9125
5660
8095
7467
5149
3532
10781
9507
7842
4982
6575
4445
5734
9987
7992
647
2589
2230
1298
8061
9246
1466
61
6374
1680
8238
3515
7492
827
5886
2772
6873
7581
715
4195
10812
6677
6818
8876
8331
3943
1385
2152
10195
7252
4262
6399
314
4933
9490
2176
294
3277
1275
840
4086
3649
4135
7444
10254
7668
6940
8261
7496
2475
6572
7752
3070
8305
726
5982
2996
3192
9768
3423
2065
5125
10208
1934
1983
78
7578
4376
10936
8091
5147
3103
9128
6319
1821
9806
3450
9305
6291
7776
10298
7435
5212
2737
522
6006
9684
752
136
7848
8446
3431
6085
2667
4478
5809
2824
9635
8050
1535
10016
4228
2513
7823
9185
1758
4244
3058
10029
8438
9433
6881
7500
6338
10526
7395
9982
3208
9026
6884
8445
4971
10927
365
10656
2924
9964
3413
7418
4193
1223
1385
4730
3892
2216
9741
8715
8579
2808
5399
475
4119
5024
2980
4720
3819
6118
8593
8902
7315
8746
8608
4894
9694
7351
6845
65
1810
9726
1900
8770
7675
4684
6385
2233
5615
5475
4908
8651
10233
5606
1775
6415
6496
9693
1141
2963
43
241
8000
6413
9795
5361
255
1895
8157
7395
7243
1417
8442
175
2180
9898
5997
7629
2540
8737
6513
9799
10168
7957
2108
2392
6031
7469
5132
6356
3152
7274
10525
9617
10652
9640
10644
3387
1941
8475
4059
5942
1746
7911
9840
9524
7080
10183
3788
2238
886
87
2534
9671
7893
5397
4985
1765
6394
274
5953
10656
4746
1111
10213
10421
5105
4938
10641
9452
8454
2040
6524
9404
2327
3532
9928
137
4204
2470
4883
7452
5458
175
8593
5361
3319
6632
8180
374
8573
8026
1353
4983
9294
2400
10552
6654
8570
6296
1704
6439
1487
8609
1340
4458
6285
3143
1150
1666
5452
7977
4943
3786
6469
9836
4648
10095
8587
6408
7864
4697
660
3496
8178
2123
8023
1999
9817
6746
6156
1534
1195
6322
7426
418
8104
10187
3401
5474
10382
9514
6157
4918
547
6733
4427
6642
3005
1711
2747
434
3369
7601
9346
8345
6622
7217
8115
2738
9605
6028
10162
3439
3392
9207
3197
2519
500
1939
10127
3081
9868
7959
8769
4919
4947
7199
9167
3415
8574
6258
773
10051
6964
8058
1020
4480
2002
7165
1446
5275
3591
3888
1649
4167
7977
8834
3603
8092
8371
8182
7810
5049
6988
2187
5462
5026
4820
1758
4662
2388
8405
1143
4164
637
4556
6897
4510
3657
7098
2090
9434
2584
3388
4810
709
8635
9619
7993
3776
3828
8281
1241
8479
349
4513
587
3279
9817
8561
5
260
1808
9767
9921
924
654
4445
7160
6484
3018
3602
685
6484
3795
6023
9327
953
2654
170
4974
5720
6661
7626
1159
5010
5418
2993
2770
6608
8386
6527
6193
6884
1948
8512
9571
8953
1232
10372
2270
5609
1380
4014
4130
6769
7722
3220
2970
5170
3174
4243
950
2071
5506
4475
5612
3334
6108
9566
734
4501
7320
10985
8620
8483
8495
10676
3490
10104
5345
7132
8156
3609
7606
5474
8893
1308
10448
2248
9784
6972
20
6407
3501
7842
9480
8960
7245
8144
8134
7965
7753
5667
1246
8843
3004
8564
7882
4783
5194
6243
523
4082
5368
5786
2826
7098
1290
6505
8944
5270
4019
4426
8878
10773
5543
3787
1057
9508
1293
1804
4733
5650
6120
548
5682
3498
9493
7501
3644
5509
3094
504
1804
857
1317
5542
3148
2546
3092
3868
2648
4210
4969
4442
10232
10240
1224
56
482
6163
10688
1773
9572
9962
9023
2486
3087
9513
5769
10920
10535
3217
6452
4722
5630
1501
215
5153
2417
7797
489
1425
4411
5585
10405
261
4245
6428
3163
6756
5991
6042
858
9056
2168
8279
9098
8076
9336
6013
5454
8993
8383
6857
7990
9765
4575
7475
3562
2417
6796
9921
7387
4309
9284
8031
3084
10418
5090
5284
13
5323
9172
4100
600
569
3796
2141
236
8386
6291
3201
10183
1685
1353
9264
6521
1701
9666
54
4731
4128
9874
2176
8126
9698
5753
5854
7280
9019
10490
3662
5714
9177
2437
6221
8941
7419
6132
2210
4714
5780
10483
8649
96
3544
817
9641
3512
4502
9347
10091
10157
2330
3831
6871
6240
10694
10797
4989
10152
7156
5082
4980
10605
8051
5038
8562
1189
9219
6870
2465
6224
1414
7900
6122
7838
9638
6826
1689
7849
2757
10765
8221
6757
10324
7366
9314
10803
8772
5092
5261
8533
1227
6509
10155
10812
3955
4196
1918
3861
9437
8059
10374
5282
173
2890
7056
6188
10906
1120
1613
2774
988
7382
4193
3061
8866
1563
10757
4652
3832
9242
8420
9396
1665
744
6207
5553
4711
9065
3814
9495
1356
3546
9948
1779
1979
10161
10869
10446
2136
7920
4071
8956
8505
9329
2066
6339
7128
2755
5028
8895
5350
9779
7421
3266
4077
9806
2357
3545
3818
4114
8797
9058
8261
5365
6641
7968
4254
9253
6455
8633
7118
494
7068
9215
6855
6386
8108
3563
9833
7210
5731
3656
1474
10491
2229
2883
3761
7748
6519
2032
5888
1156
4160
927
5579
7344
10663
4294
985
50
1978
6608
9174
7437
