251
261
731
579
205
494
192
611
679
772
176
886
122
161
935
67
283
671
540
33
796
794
195
588
629
138
97
590
906
728
695
534
214
725
655
272
581
730
555
545
431
463
214
516
568
795
42
302
364
461
344
107
936
773
135
851
243
274
675
468
828
681
62
245
45
631
29
340
909
971
649
556
108
250
574
727
343
0
208
676
971
520
569
893
766
768
807
536
969
84
746
488
745
558
451
23
797
303
280
218
986
997
45
961
530
32
44
25
892
562
701
544
172
459
824
61
411
534
23
1
561
484
185
198
223
11
441
874
473
530
301
656
496
708
138
227
734
726
237
912
659
519
909
231
196
419
356
469
323
884
91
954
73
693
29
802
368
932
276
202
406
84
392
624
595
724
886
39
67
408
885
94
511
865
67
44
46
892
638
435
353
148
127
822
437
740
921
735
361
733
664
362
214
721
100
103
390
586
924
696
790
697
247
464
573
502
717
868
23
9
29
145
507
748
680
241
295
357
474
843
454
587
105
206
103
500
597
874
663
376
968
283
169
78
471
698
994
177
526
602
249
47
450
868
323
206
176
760
5
779
363
921
74
280
850
122
21
233
840
123
480
356
413
115
26
587
346
80
879
887
434
178
514
634
300
184
998
976
372
550
234
587
209
156
290
106
153
124
170
662
561
415
758
313
977
532
716
435
596
838
875
810
221
313
485
173
333
433
432
949
641
503
138
577
375
641
250
940
441
245
260
885
859
122
420
275
311
395
972
171
160
408
441
295
635
946
407
733
657
651
252
649
73
224
730
544
258
669
814
762
134
955
454
451
459
328
688
294
475
683
237
662
187
858
476
139
56
474
42
93
821
426
879
1
481
109
61
341
958
266
330
793
684
321
484
179
380
676
76
239
385
152
691
266
432
591
409
969
720
148
60
555
4
482
270
311
342
968
231
899
510
701
377
123
552
612
747
402
515
564
933
656
413
447
234
520
596
213
812
165
663
380
185
257
955
182
586
705
154
95
173
824
726
930
880
78
924
951
742
292
859
459
463
647
259
563
807
327
658
670
240
179
97
919
491
667
326
172
906
306
395
814
129
837
835
477
19
420
797
519
905
732
929
212
101
807
679
9
613
761
151
208
362
151
635
464
64
822
456
582
904
686
123
992
25
81
729
385
622
67
263
750
25
911
960
668
492
828
245
188
144
555
966
949
31
926
111
380
555
438
262
674
522
193
592
409
545
742
123
716
653
518
862
491
752
289
589
800
537
170
145
313
180
977
324
994
921
10
202
862
585
127
755
746
722
303
749
310
27
73
102
465
771
497
326
680
460
286
427
434
557
149
15
595
926
374
868
331
356
881
936
130
860
484
187
19
708
964
909
810
725
373
389
323
805
33
612
49
377
753
823
975
895
42
331
726
545
654
755
132
238
878
701
373
194
818
772
361
350
797
566
322
354
839
61
160
239
376
746
170
177
998
701
11
153
788
961
63
241
359
501
753
81
317
798
546
71
620
615
224
466
989
251
297
527
83
225
746
444
252
429
232
802
171
936
802
633
582
686
673
91
739
245
414
586
970
133
150
869
975
587
908
861
456
55
43
719
517
86
558
506
888
802
687
727
82
740
120
769
14
932
33
362
543
127
342
133
466
927
44
642
487
801
201
515
698
448
45
526
760
735
952
435
784
259
977
517
575
190
561
349
736
720
122
754
862
600
247
341
871
41
945
489
424
40
458
40
47
449
2
400
561
385
396
700
264
29
677
775
616
634
264
147
678
878
280
144
221
36
139
728
975
365
663
950
269
673
837
535
299
342
655
969
331
863
854
185
60
669
516
321
398
707
459
213
45
115
224
526
488
862
656
312
677
953
269
886
787
227
372
598
755
562
343
950
419
550
874
885
976
741
308
935
184
246
892
56
426
713
245
410
26
219
320
322
445
391
100
612
197
912
621
951
753
11
758
530
69
745
404
390
105
531
928
918
560
382
664
72
808
30
92
0
617
270
840
202
107
381
355
100
864
276
34
654
83
540
305
754
284
957
679
262
138
401
189
752
779
184
540
913
659
724
328
882
966
500
36
715
355
445
115
675
152
996
8
809
956
977
371
969
325
326
9
42
215
557
958
404
61
663
546
351
895
680
317
398
696
608
352
114
122
197
954
956
272
612
259
74
376
158
673
739
700
431
628
445
52
378
280
11
785
792
519
781
576
15
96
439
265
687
632
123
779
496
443
467
229
871
167
630
428
311
918
708
660
772
46
405
549
43
798
275
244
534
175
40
954
531
108
