10579
8056
2507
4718
8167
5918
7492
10102
5243
745
10873
1726
5862
73
2023
6702
3685
7299
7200
11598
8417
6762
8221
5069
9777
3069
2958
10766
2710
2397
8433
2960
9860
7848
1857
11417
3233
55
11270
8862
2022
8976
2698
8721
8962
9577
11244
680
30
10074
10477
11622
9307
10909
2216
8328
4760
11589
1439
7310
3567
9272
9744
1923
9983
7627
5414
587
7652
1208
6444
10729
1154
8510
3676
10794
1121
566
10742
6161
9138
4045
8012
2464
11664
4611
5978
96
4258
8766
6899
8941
1693
8652
10230
3392
6118
11795
7360
9018
4756
695
8155
3114
8660
7591
7379
4476
3526
11108
2537
5311
5669
8208
8737
4592
10500
5230
10038
8936
8916
11740
9326
9407
1730
6218
5512
3835
7613
10262
401
7129
1365
5509
7061
4407
7903
8543
10291
1819
4853
2888
9898
3300
666
5655
2927
11563
4123
10005
5601
213
2609
7091
6771
9240
1443
456
8904
10503
3977
10662
11806
1884
171
1368
7456
10337
9064
6842
9311
8571
11730
7733
2907
11924
8822
8630
7932
1988
5849
6441
6941
2010
5342
10551
10280
5100
2117
5305
9116
10233
9357
4824
394
7799
9178
11043
1536
1087
1746
11820
8860
6897
7809
10015
10819
1700
8924
9216
10954
6734
386
6816
9008
11277
8895
9404
1679
4208
1066
7826
1895
4581
10638
2016
10331
7263
1894
411
5303
1155
1473
10505
8462
9519
8006
11931
1731
1896
7409
75
11645
10591
10234
5646
10270
11072
7511
3029
6060
534
1752
486
11086
4510
3920
4210
8339
230
11987
7219
2411
7970
1435
2852
2041
1579
7589
2301
2368
692
10040
3977
6587
5163
869
8901
9929
8743
9098
4120
11941
2196
2129
8458
7156
8825
11190
4354
4887
546
11749
1792
1152
6799
1890
5171
4289
152
7362
2359
2815
3515
11638
4335
1222
7524
11368
11612
6871
2039
7005
3223
6460
6845
3771
11185
5373
10281
100
8548
9866
5510
6913
4340
9624
11807
5530
2472
6857
2538
2177
3072
3236
1266
7214
2770
2499
11999
9093
7684
11787
4260
8532
1256
11799
4965
11576
4015
11693
11907
2400
9579
9298
9126
681
4806
5465
2822
9672
2424
6102
3861
9542
3081
11793
364
2117
3076
150
8977
4769
11635
682
9346
8146
7453
9336
6337
3790
2457
7465
763
6635
8365
6993
8022
6466
11528
3046
7543
10991
1528
11468
11790
2613
9128
9132
10686
11102
2938
2435
5677
6336
4541
150
4004
5436
8587
10435
3363
2720
3330
7027
10981
5067
11101
2540
6571
11728
7278
6179
4295
2868
7706
7183
10567
3282
4752
3128
28
10174
6280
11469
2439
583
6965
7093
2367
6933
9862
2270
11553
6705
1118
11890
4820
4356
1614
6375
3031
5336
8364
53
10442
3258
6195
7554
3350
7297
3926
4665
7642
6185
9826
4666
2355
9688
11503
3499
8390
10210
482
2859
9101
10791
7106
2151
9949
5177
10485
9510
9840
1564
727
7615
2291
2118
9015
1674
10190
10535
1325
9684
11467
610
7131
2924
7845
6136
1376
11418
3599
8550
5011
6319
1277
8997
898
1688
11923
4559
2310
9420
4809
9729
11235
5893
7255
7132
793
11851
5635
8486
1898
9548
1380
9677
5289
9064
2225
3468
7931
552
939
486
7533
9806
8260
1294
9297
4808
11115
8777
3734
3646
4342
9644
6210
1707
4202
1215
655
3689
6793
3715
704
10149
9784
5839
10399
8305
3628
822
6420
5080
8913
11429
10659
3724
8375
6888
9571
9147
11321
1932
3735
6368
4747
8927
2442
4374
8767
8564
11628
9416
7124
10178
6403
2403
924
8428
656
1325
8969
7323
4224
10158
403
8296
6155
9740
11592
8086
2092
6742
6928
3067
6462
4118
11676
5920
847
1449
1803
1534
707
5803
9176
3752
9736
4299
3428
711
3025
9374
8155
8832
1938
9551
6022
7986
4535
7956
2316
10236
9345
11100
9413
3099
4894
10340
7549
11505
3780
11816
8194
11713
4682
4983
458
3031
226
8800
9443
9893
10359
4329
7640
10311
5375
3742
9917
7208
3101
8230
1144
8958
3606
5041
44
3696
8941
8269
7811
4760
8189
7352
4695
7363
8243
6448
3549
1044
11174
11782
5486
9289
3508
5969
8788
9270
6426
10015
6093
9101
11887
10662
7551
10272
10878
7833
5560
9725
4606
7830
8929
11767
11823
156
3903
3621
1875
8762
165
1124
7463
5826
11641
24
4829
7132
1953
9520
11672
2775
1898
5670
4290
2234
1205
9190
11149
5209
3711
10726
7460
11331
10059
4244
7981
8952
3245
7918
5087
11992
9590
745
6362
8151
11063
7733
550
3276
2548
2008
7371
10889
9799
4439
1482
11300
4910
8148
5720
8564
1874
5584
8373
10584
917
5329
4620
6481
11991
6143
8937
9263
7876
9641
4433
6409
9949
9605
8547
9798
7874
10676
7498
9401
4314
1731
7387
5546
3230
5902
11442
1742
4840
1055
2595
3992
10963
10612
6943
5449
6095
1439
1446
6083
11651
11302
7907
6396
10751
1259
7560
1294
4062
7622
1094
9899
8756
3343
3337
3437
4634
1912
4271
6764
9203
5142
6403
2024
4441
192
2458
1254
8713
8687
6889
568
3048
9926
11041
3253
6096
7020
11113
7272
4604
948
6678
324
10572
9502
808
6196
8020
6486
9252
10320
8679
9497
746
10988
2268
5272
3762
3851
11386
7382
7144
8722
8998
9451
4545
5527
8773
5195
11001
11927
7344
7777
2315
838
3988
1684
9484
11618
5122
9932
4644
9921
3450
10446
9258
4136
7054
1090
10139
2973
11702
3030
5750
11092
6833
3227
8215
1798
6418
7821
11470
4384
4942
4081
11803
7608
9152
5590
233
890
6935
542
10596
6912
7358
9846
4120
11552
8517
11777
4999
6271
689
691
839
4131
11421
6585
9750
9095
8394
9174
2138
8039
11563
11335
5113
1115
4006
6344
2226
193
11079
4048
1847
8691
8679
6231
6984
8535
3796
2393
11564
1621
3870
5522
4430
1507
8734
1576
1202
3868
9250
7560
7507
5200
10329
8553
3642
501
6264
1613
2973
4475
3078
5318
7793
1789
4971
725
7501
6066
9199
10413
8606
2947
754
2519
2720
2840
2120
10030
5952
3948
9422
11658
6027
6367
1006
11866
10673
329
394
5418
5436
11
9033
9764
10471
9666
1019
6643
1757
117
11339
3683
80
7502
7744
2789
3666
10149
655
7470
11667
11160
6881
1886
10103
8791
5149
7358
4051
5947
5874
7042
8068
5847
98
9583
4845
8454
7822
118
7467
2692
4634
10654
2006
3129
669
7968
502
1840
9736
10540
383
7526
2256
11145
491
9693
1370
281
6419
6000
5602
634
10281
10017
5415
9225
5941
1870
7478
8162
6026
1954
6322
6370
4645
4520
3901
4109
8097
10171
3622
9163
4921
4824
11951
10606
1499
7221
1241
3983
10853
9291
11374
9078
1184
8654
4843
887
8661
3485
2760
5049
3216
6901
774
6515
10736
8512
4980
9936
4647
4491
4701
8337
11828
5141
6865
3441
8123
10883
4846
516
11230
9616
1516
6680
8698
10818
6146
990
4193
7000
5784
5794
9679
9823
6730
2261
7403
3428
11125
3884
8316
8547
2465
1825
8197
318
6283
6903
5279
10090
2030
8956
6929
10371
10733
5543
2414
5024
9984
10912
11564
9985
4761
4991
1372
3333
11378
7884
7051
2648
6068
6438
7348
9801
2502
6783
10879
3097
10897
580
10490
4047
9292
3995
2163
3945
6376
6149
8943
5869
1946
4130
7690
1630
4320
1940
9771
5866
4754
9532
8867
3392
11015
4897
2531
8927
257
2767
7351
10217
9814
5819
1506
11990
6267
4005
7863
10885
11151
1174
11473
9741
3554
5257
2448
2898
4736
7366
9937
8692
990
2057
1800
2913
8864
6274
2652
3914
804
10005
10976
8498
4943
8513
11722
3939
8433
11134
11377
1499
3767
2335
3240
1700
2446
3479
5521
11746
8143
2297
7168
9413
4587
8535
1069
2014
10324
9548
7029
7758
8229
6069
10606
8889
11247
2105
2885
11226
225
6186
7318
7120
4276
9284
1319
3798
4336
5906
2401
11345
10239
8432
11852
11778
10476
2186
4039
5979
7286
5124
2432
398
5943
9683
1430
3489
9067
7368
4072
3646
2272
7629
441
9671
6873
4360
1155
9030
862
8252
757
5123
9092
7247
4331
9647
9109
8295
3273
10716
7035
3757
10963
9551
11086
2227
11787
10190
7511
4529
72
7796
3968
107
5455
6788
6331
7631
11409
506
6988
251
7585
5404
11795
2011
3952
11023
1338
4400
1543
70
2775
10444
3392
4725
222
857
6881
4293
6951
4153
2743
1568
3703
841
10379
9483
1773
2143
3779
5876
5452
4178
856
1921
5632
3704
9902
7
6319
11082
4246
11996
11229
11908
8156
7652
7931
11657
1293
200
10478
1796
7306
3942
10424
8233
6721
3233
6917
5209
4910
4408
9843
8324
10542
3572
4734
2793
10939
7291
9320
5369
10601
259
674
9978
6043
384
8474
9479
4963
4221
2945
9301
7029
10473
7799
1552
6854
6441
6932
6051
6214
2732
8598
3831
5303
10652
11139
7859
7369
1391
7034
1442
4852
3581
4986
2930
3953
3564
10222
3224
5398
10504
9651
3024
2956
7598
1480
6690
9261
10087
2609
4641
4127
274
2568
11406
7848
2778
160
1241
9102
9127
6551
199
11180
4432
8824
4591
2354
718
1290
7806
2874
3243
8985
10490
1442
8761
4959
6180
11691
3104
1134
1942
2285
1263
11036
7404
2549
11892
6156
4608
10300
5318
2549
237
741
9503
4721
117
3090
6248
4164
5918
7747
9100
10119
11607
3917
3822
176
344
7475
6711
11232
3495
836
2887
489
11671
1136
7309
1433
6123
8584
9842
2727
7929
6769
527
4121
6601
11845
7326
3055
8124
8166
4814
11472
1610
9856
2289
3312
8355
2234
9168
8922
11095
5560
3902
11232
9810
8656
8777
4380
8127
4006
3661
8865
1613
8167
11138
3619
4335
1534
9974
2144
6749
6839
2102
9
10807
334
69
9681
4778
9491
1967
3634
8395
2236
2807
1718
2625
2086
1005
10376
5599
5866
11995
7671
2895
11608
670
11044
5034
2355
8434
11593
5507
3849
3974
1766
1219
6444
5807
11689
11663
690
8921
473
2375
10822
4120
10720
1864
1928
4892
7218
6064
5896
10338
5118
6753
5562
455
4848
3070
4534
10743
0
11059
3696
4228
5211
3442
1583
2739
11307
7192
1419
8433
7782
9326
7112
451
3664
1386
1866
7066
11694
1110
10804
7844
7400
5704
8000
6239
634
6481
5725
1001
7192
8882
10752
1652
7835
2279
10601
3669
8908
11399
2612
11035
8267
4932
9975
1500
8956
10381
1630
235
5007
3700
961
518
9035
3721
10719
172
4055
6756
10170
2668
8516
6242
5518
920
5114
2247
9999
8985
4254
2914
4190
7163
477
9806
9959
2153
1623
10132
5595
3604
6538
750
8453
9644
3802
8071
1482
10065
9787
7582
7330
7971
8315
553
5646
10934
10574
8085
4053
7682
5270
428
2879
11254
6319
4656
7341
8780
3189
8131
7026
10936
10803
9609
7602
9786
9193
7397
6646
3891
5465
3296
9577
11508
6638
2473
7187
10769
4457
5494
2799
1781
11913
10120
7978
9967
2454
7021
6971
3242
523
6910
8313
3739
3453
41
1822
2739
9580
11369
5846
6132
870
4657
7939
11969
2450
8040
3185
5902
7391
1229
8657
1046
2506
5468
11540
11659
10438
1289
5030
3207
779
7049
1796
98
5661
2353
7995
8221
8536
8790
11871
1018
11957
1618
1732
2639
2780
3304
381
4751
2182
5183
9390
7208
6381
3467
11920
5996
1682
6281
5633
1575
6987
10664
11974
1327
10823
1605
2110
4634
10111
5647
9539
8553
9787
9066
4128
961
8702
10831
5258
3962
3536
9008
8636
2385
5318
3480
2675
2232
11279
7761
1826
9998
1597
11071
4435
10985
4014
4202
8795
5038
1623
10202
473
7779
7468
3323
907
4765
5518
4575
9260
9779
10513
3074
11246
11347
4233
8393
368
5842
6289
4164
1948
8671
9495
5171
7584
7825
9287
5988
9510
10495
11507
11898
3218
7438
11420
1257
7608
3429
2463
7102
2296
10972
11615
4796
10903
1747
10443
10369
8411
9951
8427
3719
6626
11519
5228
6822
7552
6989
3718
7414
10163
1551
10919
2963
2212
2669
5118
4761
6813
8542
6725
7887
10113
11163
5292
2464
4556
11733
9214
4228
777
7714
9682
10909
7146
594
2385
9533
8615
4192
11070
11397
6806
867
9351
7944
10211
5349
2215
2063
6764
9259
7829
7829
2908
1043
1100
6802
9474
9628
9912
5301
1613
415
9978
2795
7494
1979
9432
7676
9738
1454
9604
6836
3811
4575
8455
9471
4386
9880
9322
9806
6234
4338
6433
11574
8860
1640
11221
5687
523
1486
6892
11258
4379
10650
3062
3028
7083
4448
8535
7943
3676
7579
812
9640
5645
10887
5532
2651
2357
4044
2044
8570
5212
11093
3743
3445
3605
10431
10617
6451
2908
8333
11694
886
8424
8280
11739
11613
5390
9027
11520
867
9394
8652
2761
2244
7850
9919
8408
7104
11537
5989
10097
3512
10756
4921
1794
6358
2524
9307
9676
73
10537
126
9522
717
7656
10172
2845
10825
7137
7433
11081
4466
9855
7172
1424
5805
428
1226
7505
1874
7945
11109
1437
8428
1159
2338
10942
476
1669
4928
8675
2366
1606
8580
1484
7555
8078
6602
3343
5821
10937
725
2757
10425
7128
488
4853
1479
8201
9965
6234
11381
9969
10258
11347
5657
4217
4692
6823
10605
2914
10579
6482
8213
5351
9285
7121
732
11534
5670
870
7292
9418
2221
7688
3805
5104
10586
9451
7317
6995
6188
5063
4493
7966
6767
4200
10116
7086
690
4625
4268
6346
2518
11085
7282
2719
5987
5172
4380
3964
7445
1270
5035
11975
6867
10503
2112
2939
8704
5927
5307
1375
6986
3660
6398
1155
6336
7695
1872
9913
9953
10832
9341
3566
9840
6599
9499
11620
2403
6856
11431
7277
2586
8946
46
3846
11244
7380
968
11758
10237
7100
1438
10337
8013
8606
11596
2933
6794
3421
610
11632
3973
7225
3204
8836
7650
8213
2097
3976
7849
7395
4577
1621
9753
783
5288
1914
8124
2085
183
9020
3062
10208
4737
2061
2903
3759
10875
6311
5200
6246
5821
6822
2914
3295
9093
9599
6930
1258
8571
7713
4856
4056
8014
6567
2327
768
9341
10486
3079
8045
6675
1209
622
11428
10153
10167
9261
8789
3631
14
10102
7677
6182
6510
9243
5142
4196
1076
7010
3516
11418
7361
8854
8188
7091
919
9431
3483
850
752
5648
6176
11198
890
10313
6431
6650
7379
6067
5411
1005
8925
8321
9591
4288
4381
2134
11858
6725
11542
25
10941
9621
1725
6533
609
7794
9209
8509
1106
11243
6202
7964
10034
2270
4083
9099
7139
2551
10100
8236
10381
3767
1672
8531
10504
8240
104
7637
2855
11788
10490
6680
8385
1326
4874
9578
10173
10736
4578
2445
11769
6507
4553
9583
9431
853
9782
11609
7813
2693
10640
3901
4199
7026
3972
3730
7395
5049
1601
9405
329
701
8659
6245
7037
6313
4058
11080
7555
6033
2342
108
9541
5815
7761
5421
11843
11177
10841
1461
3352
2823
9753
5547
8326
1922
8868
10850
10781
9248
3965
113
3021
10525
6005
9731
1445
10507
11330
11781
5863
4441
5240
11325
106
498
998
7898
43
6077
9360
6950
3153
11330
7077
11159
4348
6956
4508
7717
1578
10025
6256
3671
7813
4558
11893
11062
5484
727
3957
4067
10365
813
8076
4228
9724
2465
5020
8889
7298
9876
4846
781
7172
9881
10694
9704
3071
10546
6337
833
11677
4151
4238
9777
7111
7413
9574
10851
1576
5138
6185
6727
8089
1679
10743
10790
1774
2727
10439
9423
3964
8628
10055
3120
5093
5969
2129
384
1794
3577
1415
7417
3723
9678
10411
676
6278
2230
2429
4621
9770
8640
9681
6645
11247
7749
3820
2725
9045
8905
2203
6464
9293
5536
10672
11154
3335
1421
4122
101
9272
7526
6208
978
264
2707
570
6740
3094
10581
8365
4472
9385
3492
384
304
7828
881
1727
9480
1956
9418
8460
5456
873
4668
3836
11959
4223
11538
10997
3993
4056
10107
11459
7983
6439
10698
7665
6468
10219
4407
458
488
1687
1347
5100
1886
2010
6328
11045
9744
5360
11023
3501
4418
4452
2571
3104
132
7008
4419
6646
2304
2131
10141
3457
1108
11229
8502
10531
10618
5786
4862
1161
8514
1705
10752
4487
6817
9751
639
10385
3651
3853
6907
10868
6267
1875
5587
3663
7772
1983
11621
1457
3616
4318
11953
7568
4645
10942
10460
8035
11576
9590
8975
4157
5097
10162
2175
7687
7326
542
8456
9784
10979
7438
4371
2995
10815
9161
10583
8221
6531
9744
10779
3674
4987
5678
11449
2052
6727
3613
10399
4230
10275
3410
8271
11675
8097
647
4038
6750
9337
9284
3001
589
5431
3464
8475
2431
11698
9401
5755
3615
3773
5542
6378
6533
2006
8534
5499
9423
1468
3535
9347
1025
8222
2692
3904
7094
3503
10780
8022
8705
7477
4795
10612
11333
9280
9615
3862
11021
11096
6041
9315
6568
9743
5622
3190
6181
6805
9994
1114
11528
5579
5512
1966
11270
11791
5183
6472
9122
8758
868
5398
8836
6967
9272
8735
1875
3748
119
904
1935
3028
3677
11059
2989
4028
6164
8098
1488
1148
4734
3801
6848
11125
3131
929
2794
3736
8696
6569
1620
10874
1844
10151
1371
6788
144
9981
107
5030
5715
8726
506
7275
2999
8303
4769
7016
1971
10002
10872
910
1798
2910
8717
11584
6525
6627
833
11678
4289
2377
415
8223
7392
1008
7258
3965
2870
5617
3874
10058
727
11492
11554
3393
4796
3291
8953
2424
6728
9643
11378
9745
6198
8843
8227
9935
5089
4214
9535
9701
8943
11402
1752
3370
7131
3794
8052
5385
1790
9025
1931
2741
4121
6037
1627
10298
3041
4603
4871
11054
2983
6321
2770
1191
419
5382
10036
3334
636
4094
7864
4081
7287
5490
3506
9918
7162
8340
671
4586
7324
4816
3994
11338
139
1837
2328
5945
4665
9811
4002
9617
2051
9831
5165
2805
3647
10354
6775
2058
322
10592
5983
9317
940
11395
6145
8639
11313
3480
9070
10566
9700
1089
8420
7149
1282
2898
5615
2468
8440
3783
9083
9602
4369
8594
4853
9662
7744
5875
5149
8093
5543
9695
6986
5702
4674
1571
1754
562
1043
1186
1140
7679
7851
9242
2973
99
4273
11973
2066
1629
658
699
4200
1703
2693
10645
9086
6247
3289
588
11132
5414
9310
9216
7563
3192
6893
11221
1744
10041
6645
11863
1126
4249
9539
6910
631
11982
3309
11788
4887
7273
6971
5012
7293
6627
4338
6229
3518
1941
2014
8067
10728
9414
2652
9447
7800
703
5409
9917
7448
4795
2379
7355
11609
7706
7490
9873
8968
5556
5002
10923
2288
11627
3975
2708
9165
282
10861
3253
7656
4074
6724
3323
4052
2051
11380
3287
2723
7230
1171
9374
4933
6265
5864
4177
63
10404
2619
5335
2084
3641
3899
3174
11027
8585
7659
4224
684
2896
6538
4474
5456
7402
2301
10072
9588
2720
11292
5684
6977
4282
1302
11550
11052
8601
5633
3165
5581
7164
98
7572
5406
8063
8053
2175
3250
11557
7834
124
5071
490
10876
4583
2153
3739
9631
10462
4221
129
6789
1731
1254
6136
9021
2304
64
4669
9642
10532
11927
9382
4171
10956
586
1676
811
6077
4386
4772
8839
11501
6377
1707
11096
7393
2121
4831
8829
9201
11682
5450
9830
8424
5734
2457
7710
10216
2197
9516
2774
3914
9233
11078
3082
3587
6781
803
2067
9602
2231
6441
1992
8309
5166
11704
1362
3275
2498
8795
9739
5205
7479
4928
1585
7078
6101
7940
4204
9082
9728
3431
3418
10898
5903
8703
6068
11709
4266
10057
3263
6866
7301
5018
4081
8537
3219
10803
1149
6570
9833
9107
1277
7886
8945
9414
3707
2818
4807
10875
9052
3801
7348
3764
4681
2657
1156
10294
1276
2494
10086
6401
3971
7698
5216
9433
6772
4382
10604
4098
2830
1026
7218
8907
391
11776
4355
1953
4919
1663
8912
1572
832
11115
2405
3766
2680
11226
10854
623
3861
5386
8036
3471
6581
6949
2811
4555
3014
11366
2955
6632
56
8374
5841
7622
4221
623
8226
8051
2138
5634
1988
7009
7790
4211
11080
8049
4411
6498
11943
5454
9493
9925
8440
1143
678
1200
10412
852
9756
5527
9830
1066
11344
1418
1146
3849
8340
6527
2273
4002
4920
270
3318
4854
6232
5237
7729
8490
5862
4252
9725
3799
3087
947
7799
4061
6477
87
2053
11160
8489
8243
785
11627
1642
3427
9185
6200
8319
9012
4309
5073
6916
4648
7036
7849
10004
149
11218
5220
4428
3085
9626
9165
7768
4984
7988
8710
9820
8093
2460
250
5281
7264
4543
8303
2394
8741
1210
55
8433
7378
11153
7269
9587
7923
9608
6364
9909
10295
3137
5123
11202
5560
6611
1269
4482
2616
6980
1557
3176
1319
5507
3615
7224
4192
5412
7450
11699
51
9881
7689
4512
3582
5961
10849
7289
6132
9039
8276
8559
10335
5234
5772
10043
4834
156
2035
1603
3799
11706
6575
3621
10584
15
4107
10018
6521
2549
5809
7914
9586
1361
6196
6400
4506
11442
6825
5193
4590
10534
6901
2583
5714
24
6625
173
5390
10986
1355
2350
5722
1610
887
8454
3636
3509
11330
84
1774
8837
3638
7346
10501
8312
2298
10211
5707
2783
8161
10232
5830
6687
3523
11903
2706
3207
1800
1417
9249
5838
3136
9270
2467
6473
1905
512
6753
10951
5832
11584
6786
2601
2096
6688
5360
11488
9440
3135
7253
7652
6894
2650
6560
7215
1409
7325
4260
9620
3621
6758
11583
3295
5464
1362
9207
5739
8481
8998
2144
2970
6272
11964
3451
7764
6432
8008
7993
11646
1769
9798
93
9430
3827
5858
7679
9322
6772
6948
11692
9810
9626
7286
267
4336
6453
7891
9019
706
4491
6477
4056
11297
11279
3355
11004
6138
6956
9662
7841
7815
2267
2478
4645
11753
6868
2085
8615
7363
4032
8424
9134
1206
717
110
9673
8661
2107
10158
6705
5636
11956
3977
6314
530
2521
7185
9480
4976
9943
7061
3119
6701
11192
394
10739
2991
10517
5271
11197
11984
6153
8157
6767
6387
5217
9377
158
7169
9520
11960
7006
5957
127
6254
2685
3328
3522
9138
8197
6185
9957
993
7621
2693
549
6030
6825
8639
3291
7627
2533
3012
11859
343
7505
6877
9147
6596
8494
7594
1238
451
4167
3384
11057
9519
7858
638
11565
1907
2454
218
3995
9816
5639
9123
8998
11598
5132
9034
11721
8630
386
11474
10049
1547
2841
10409
9341
9963
2940
6306
5459
11845
3534
7313
652
4033
8304
1730
2655
5222
8191
5622
4924
6956
11834
827
5246
11583
10689
5702
9571
268
10841
1968
11448
7467
6476
2282
5613
11689
8205
6335
10793
5265
5113
901
1398
6103
11161
6878
5084
9697
1476
10801
10636
8402
10721
6784
8946
10963
42
9159
6574
2944
9293
4496
11676
301
5580
4437
5519
3155
8804
8723
2972
11195
10314
11527
914
10246
9585
11752
9224
11223
11465
960
11663
8925
6081
2888
903
5280
205
1663
1325
6471
2434
71
10513
6884
9150
5213
3109
4189
3718
10931
4850
568
11495
1003
11589
9218
9085
690
10183
2716
658
6902
1098
2274
3966
3846
9246
3673
9293
7813
5348
9365
8734
6730
4922
5188
7271
342
6293
11578
1814
3283
2317
7962
4690
1350
10290
4446
8417
9905
1372
6308
2051
6792
11328
2229
9979
3213
7870
818
1869
9482
2967
2397
4866
3659
11453
11841
7721
9109
3234
1824
6201
8455
1650
7927
1009
11723
9853
11279
5472
7353
2828
8163
8992
10345
9077
2569
2524
5970
3178
2783
9619
7076
9867
340
2037
7391
2044
7056
426
11853
1009
5600
10642
67
9125
578
9703
10319
2410
10505
3966
638
3035
1165
4749
7629
7854
1779
8902
1354
4037
1077
6849
6311
3235
4205
729
10457
2267
3875
1004
5587
2244
9169
5734
7610
874
5967
7191
2373
6974
10111
9824
9940
10317
3639
4910
1129
6221
11495
2429
9159
2516
3078
4381
7653
707
2846
2290
11055
6976
2832
3477
4602
6017
2661
10552
3426
3492
210
1287
1026
2972
7782
4714
3566
2213
7700
2311
1584
7609
11096
5476
3486
4763
8200
8266
7765
10544
11992
10469
2580
9677
8682
6408
6359
8492
9552
8525
1069
10648
4255
6906
11801
4744
3986
5631
10882
11593
8120
6332
9335
10995
6395
5056
4899
9149
5838
5836
424
9901
8306
1909
6524
4615
1733
6088
5437
3815
7495
2312
9137
9034
6058
8980
6782
7878
10742
5636
6915
1691
11639
10833
7441
897
8708
2676
4490
4192
2700
1158
2868
446
9214
8711
2778
9394
9717
699
11584
5592
2910
7502
1312
11838
8936
5208
1926
7675
3687
10876
9636
9183
6085
7754
3123
3878
11430
5925
8711
7622
10870
9726
10669
4903
10705
2655
2115
10194
11790
2084
10292
11778
8585
2243
7984
6391
11436
1772
1604
4874
11001
7820
8570
4187
5239
1356
4048
9190
7702
1846
8941
1716
7712
2295
10502
11405
11966
10080
2668
11179
6949
7334
4431
1801
4219
2058
7731
3931
5386
1715
7821
3736
7967
4887
10426
7697
7615
7769
11516
6757
3112
1580
882
813
10047
7733
10739
2419
6331
4430
3879
6144
5292
1991
5090
5938
6793
9768
382
8812
10646
8753
403
7271
2062
1122
758
8551
3475
6486
5324
11400
11951
6090
4905
8055
1573
9020
6057
2429
11065
5102
1865
10582
8281
8458
6083
9248
1767
7648
293
1263
1668
9994
9773
4477
10138
5968
8547
6527
5862
679
6579
6418
11456
10325
9541
180
10568
2480
7163
7952
1359
4772
6598
9649
6079
10035
11781
5079
9160
1174
5436
7591
9128
11490
8909
6941
10838
198
4917
11677
10572
529
3365
9992
10542
10000
4155
5545
2011
11477
8413
4782
5263
4211
2034
7124
10482
2758
5885
5596
10817
175
9878
9210
6775
5053
4487
8652
4407
5128
1120
10631
4153
9846
7671
588
7343
11872
7104
4442
9618
3919
6436
3805
6478
6176
2177
1221
454
7559
5310
337
11846
1103
201
3370
515
9087
8271
4684
11377
11096
1496
639
6017
9820
4092
11076
10772
8873
11206
8747
5729
4930
2883
6977
8447
2062
2439
11974
7728
6586
10525
989
298
3769
9768
5052
7202
8204
4026
11811
9591
1181
3568
2602
4697
1125
5449
659
11252
9902
1282
9055
157
1458
655
700
1239
9762
823
892
8418
8195
2541
10529
2210
8018
2694
5396
8711
1096
6812
4341
6686
1113
7006
7724
1619
86
11121
11998
3457
8371
6888
7963
8536
9571
7899
4660
5386
6527
871
10187
3410
10693
4002
6243
2753
3229
3097
3989
11366
6487
4136
11044
9626
656
9013
9385
5861
6036
11945
968
8336
3293
9356
3075
104
2873
11132
10061
8267
2666
9609
1558
51
11463
9745
5925
8284
1279
8147
10757
9716
10749
7506
982
10750
3208
10696
11684
7586
6370
6180
11957
1045
1456
8609
9211
11808
5720
3781
2249
751
6022
8083
10915
857
10826
2637
11726
10151
3035
4521
9830
7299
5599
2062
10158
6047
10722
8108
8514
7646
5379
3798
10633
4739
5455
11005
6694
2900
11557
7498
3694
2026
7992
11831
2644
6456
2707
8650
4351
8214
5494
6191
8061
2121
2047
4498
4497
3824
5924
8726
711
2573
445
2324
5417
9807
9982
467
10026
9624
4642
7008
6527
4336
5731
6186
4173
8261
5926
8509
6558
4252
5268
2553
2126
1945
3490
6703
6593
3846
9970
3672
10551
4196
10930
1457
4663
8844
8675
10998
5449
1216
11252
6906
960
2260
6380
11040
11380
8786
9575
7514
2190
11310
4952
3771
10844
9222
4460
6171
9956
4277
6799
7015
10806
11478
3272
1954
10906
1775
7455
10972
8904
3521
3679
4460
10806
3306
1111
4909
5228
11221
11610
51
1075
4703
3846
6345
1036
9735
3938
2601
1022
6257
5760
11991
9959
6390
2530
5882
8915
7660
11737
11959
3114
4046
11592
9899
10980
232
1319
4581
7832
7009
1187
7231
3954
10724
4259
4727
8834
45
902
430
4785
6061
3400
1948
1519
10362
5539
11725
10248
54
11986
1340
9173
7450
3249
8811
5998
11488
7584
4412
4477
9258
3847
9199
5262
7825
2515
1497
1698
11245
4445
509
2435
8190
236
11625
11602
6645
3601
976
11132
4355
337
287
10795
5179
11839
9086
4568
9990
8295
9446
2463
9348
7976
10937
6763
8569
7545
66
5072
2108
9548
8298
2839
7671
2447
692
9556
10427
3695
4982
7187
10692
7095
8692
2129
8357
3095
11995
8359
2255
4928
534
5665
5123
11659
625
6925
5234
5017
5128
7503
10412
5045
8618
9681
10605
5142
10896
856
3457
769
3764
3378
112
5579
4527
9995
7882
5659
3539
7678
431
7342
7042
5928
283
4084
9353
441
11117
1624
669
10052
7091
2334
6672
11158
5204
8548
8080
7395
3705
10315
2493
8796
3705
2383
5220
9564
255
1809
9724
2978
9530
7734
1084
7353
11841
4520
952
4306
1505
1850
1750
8755
10308
4137
7057
8617
4608
2366
1801
281
11545
1201
293
5141
11732
6567
6983
6474
10137
91
3402
6453
1795
8603
9466
9173
7112
10441
6447
6524
11744
1378
1256
2432
6483
4604
1504
9166
2436
328
4400
606
7316
10550
5409
6625
8180
6744
10859
2135
11339
10911
9135
1341
6847
5026
10446
9891
11492
4637
7460
4188
862
1909
4165
6958
3125
11001
5074
8170
6100
229
151
8502
7166
5696
2340
6757
2126
5669
7910
2312
11497
31
10946
11197
6850
10702
10445
6694
3177
5574
1067
11477
5009
2390
3394
10179
7548
6374
2266
6304
10406
10041
11155
2756
523
4786
9827
10532
3830
3091
5578
8416
935
11489
11124
5466
4639
11492
5451
2369
3723
4874
6647
11275
9131
3178
8211
1409
2238
518
172
7668
9004
11849
2136
2701
4431
208
785
8578
11039
11398
493
4069
5561
11144
9115
2902
10507
839
10844
6809
3198
10507
4316
11874
11425
8500
11051
6861
6670
10972
6365
2698
1915
11993
2330
5141
927
4798
6274
1764
8862
8577
2337
3097
83
567
875
8471
5017
2332
11924
818
8471
751
5230
8127
134
4793
11488
6954
960
2798
5824
3079
3142
9964
7341
5440
6445
8160
6251
6220
5959
9033
7675
2433
2186
5460
8758
3745
2239
4390
10375
1807
9385
7160
4418
2149
303
1916
11781
30
9384
9663
4841
3918
2338
3751
325
5521
7343
11291
10335
8609
1357
7841
11439
8801
1264
11810
8371
1238
8175
5610
11913
5686
10887
1356
7596
10712
9232
8610
10285
10763
9018
6194
1965
7459
4579
7469
7253
8269
3800
2737
5843
1316
9477
10734
2961
316
5659
2117
5939
5084
221
4715
3277
6985
4583
4366
1919
1245
5404
2351
1742
3926
9546
813
5088
874
3004
11554
5747
10136
8060
4935
11130
3547
3075
8115
21
3160
10558
416
5932
3862
510
6926
2409
7405
6589
4353
7087
6166
9896
390
122
8259
8301
1939
7348
4072
6274
5356
337
6966
3887
1025
10312
3529
2266
9748
10959
6807
3213
3481
1106
8840
518
11639
1263
1669
11515
9387
4017
10186
6311
5547
9062
1333
5654
7752
10239
2752
8777
9708
1413
6155
4006
1379
5298
9778
5599
1239
6931
3870
3197
1651
2424
6839
1097
1705
6516
151
406
3535
2456
2874
10959
5891
2151
1361
6105
3440
10101
9366
4356
7785
11073
5786
10163
6482
7084
11130
9317
8829
820
1905
11136
8658
7762
8614
4346
488
8909
8325
8803
5168
7704
9260
1202
1650
5039
7516
7370
6703
11721
10383
4552
2756
10426
6216
10476
11760
1416
6662
11266
1293
10280
3475
4492
9914
5557
7641
7278
10873
3532
5236
9461
3892
9094
10051
2532
6587
9875
4599
8349
392
11311
6158
2601
548
2852
8761
100
2658
10780
7897
8040
7433
3553
7945
9812
6607
7220
885
11896
8288
6886
7624
8736
11326
9814
5763
2042
2499
4967
2601
9670
10113
7292
6647
11834
11051
9651
2353
2127
7532
10396
2552
2539
1141
3669
2007
4972
501
1571
4669
13
8736
8399
5637
8792
50
8250
9648
8616
173
10782
1173
6650
6141
10467
2190
7120
7261
11899
6484
3809
7027
10779
9157
10432
310
10934
11105
5896
3952
151
9717
6017
9086
4123
7502
2417
7924
7976
655
7298
5821
9518
11582
8715
1824
2585
8728
9886
3103
4208
6821
3470
7865
8077
8518
411
3887
11097
6891
10076
3332
7011
6113
2599
5885
7613
968
11552
10216
1140
1763
4251
8569
9834
3945
6767
9839
4049
4792
2426
2005
4934
9577
5227
11940
4967
4862
10544
3717
4402
5464
11996
2389
2108
6022
564
3618
2859
1463
6295
2290
7313
6480
488
7170
5157
7930
2649
3276
11679
3282
11894
7330
8880
9732
5803
2998
5916
9714
4658
9244
1365
461
10173
1703
8341
4327
10300
4784
6392
6079
8460
9270
339
7067
9597
10495
8917
4628
8797
1756
2552
1611
11942
8042
7268
5657
2209
9685
769
11461
2230
3351
2742
1870
3506
7966
4547
10792
4850
5996
10039
9220
4306
5208
751
7143
1773
2769
4876
11772
2000
387
943
7334
5343
2930
8084
2414
2819
9347
4585
2459
9359
1403
6569
5343
78
190
6137
3917
4076
5913
9213
6313
7229
9116
4664
10040
1261
3295
863
5303
5444
5029
1017
1799
6837
3582
4053
10981
10244
9862
5672
9496
5491
9323
802
6532
2919
1964
1579
9595
6875
11068
7135
2707
11169
10022
6947
7411
2096
8683
7842
10630
3119
4294
6953
6450
6844
401
2396
1219
9017
800
243
9889
8275
4395
4916
8736
1841
11818
8878
1589
7798
4824
11759
8518
434
7482
9091
2874
1259
4153
2729
8016
5796
11851
11060
9164
10471
3375
443
7468
8372
10615
11133
952
3238
8512
405
1112
6846
5405
4117
576
5007
9874
4066
2310
5893
10652
8780
10867
6834
11598
10312
4824
534
9462
2508
10168
11851
10590
11399
5059
6539
6350
2906
4516
7006
2382
10103
1136
8195
11433
20
7006
11802
5166
10572
2134
11820
1392
10867
7586
4408
6573
9043
7649
956
7980
2280
10586
10939
5951
1364
2990
9424
10184
3039
11974
624
3832
2543
10443
2037
6355
800
11125
6925
9775
2145
8347
5469
8762
8395
777
11763
3003
7454
5328
5383
11537
6265
10807
6605
793
6390
1391
5049
8395
3008
2052
8079
131
7250
11279
10823
3165
8909
6568
11578
8505
3637
5433
11051
3903
200
4686
3220
2236
4797
7817
7756
11466
1877
2994
1106
9389
6208
9515
10009
7962
7920
1793
3280
8402
6354
4798
7277
7660
3726
7708
8533
8785
8283
6420
2090
3361
8927
10676
6994
8499
10083
303
2528
7289
3984
5903
5921
11522
2344
869
6053
1721
5827
1089
4935
11594
1156
8093
8571
2213
23
1043
11252
10587
4105
8080
79
3045
7492
10880
3711
1893
9222
10024
4213
6980
4125
11954
6380
1082
6785
515
9391
11275
2989
3977
8712
4527
11004
9424
1349
8074
1084
3763
11785
10938
1298
2480
5612
3440
1258
3060
5360
10965
3256
8886
11873
7693
3280
11552
1416
185
9150
1863
8941
3862
3875
11100
11302
4451
6765
2170
6240
129
10066
11872
5992
8627
10697
10137
7127
6980
6309
854
9528
3047
1774
11390
2711
2714
3806
3772
6696
2276
10421
3990
11537
4861
6649
3070
4117
6509
6381
641
4990
7116
9069
9596
7302
4329
1347
9647
1410
11398
3082
3338
3468
5825
6941
5540
2251
5933
11162
8426
5121
30
9400
7636
5489
260
6914
10995
11243
2511
5839
839
6037
2193
7391
5677
3319
1985
3605
8918
10531
11227
1388
2450
7936
6788
3511
10219
3282
6540
9976
7311
9639
4716
9500
4996
2528
11823
3186
10368
666
749
3750
10257
1976
5074
8447
3510
11087
6654
6769
4401
9613
7269
1023
11508
5319
4150
4433
1912
7262
10425
8845
7885
1773
3890
501
7980
4082
10210
7453
6952
7062
2188
3592
8514
11835
9461
10558
11932
1793
9157
5772
7461
11253
938
9432
1331
5654
1531
11007
15
1669
4378
11468
7914
2601
8307
10743
10254
7483
11041
3801
8847
10677
1680
11783
2432
6066
2397
530
8578
7778
4601
8282
4982
429
7852
7882
10292
2241
10807
6388
2420
10394
4882
6762
2762
12
11411
886
2575
7088
11728
4599
8442
11529
7676
4953
10189
1042
1613
1935
7403
5094
11455
623
4392
10891
7249
8938
6329
11483
10380
2022
3819
7729
3940
8474
943
5613
2391
8806
3443
740
1139
3949
8299
6183
11445
10928
9326
9805
3403
10280
6782
960
1690
4703
7647
7553
9467
683
11464
569
7617
584
8983
3518
918
3665
6463
3550
1923
3003
1149
2794
2382
10670
8233
5250
894
3969
4423
8089
9530
4785
4348
5125
175
10461
94
4965
8784
11169
7589
5615
9400
2669
990
373
5867
9986
3037
6739
5370
11848
3986
4952
9125
11375
9845
9583
7899
7616
1436
9289
11966
5502
1131
712
193
10975
298
3082
6675
6337
626
7760
10741
8715
5377
2762
4295
8993
8526
6082
10081
10403
4310
10369
2685
35
11541
6721
7538
1889
2544
7537
9370
2692
11726
5086
11509
9079
4039
4164
5479
5214
11029
10673
4093
6772
5831
11090
4589
9443
2069
9789
6971
8254
4173
7802
6296
10686
5484
9326
7876
3160
4360
8549
5396
375
5866
9499
8559
7707
1273
2984
11442
8813
2417
8358
372
5277
3795
1312
11235
10267
5782
5336
77
6447
10587
5973
3451
2741
11614
1992
1208
3448
7464
1273
271
9418
9921
7699
10834
5629
8675
9096
9559
9729
4074
9314
2557
859
200
360
4460
702
10229
10121
2042
8616
10467
7624
4234
9915
9839
9091
1007
5079
724
1794
5487
5169
7097
377
4450
2674
5739
8186
6042
7791
3589
1466
5468
4896
427
3806
6956
223
1847
5922
4999
11326
1322
8133
9258
11525
1764
6069
10576
4775
8815
4850
11192
7553
1078
5634
6501
10702
5395
1713
6942
11818
7589
7330
2134
6177
3488
10518
11271
7506
8863
1239
7127
9445
10452
5826
1245
9158
6944
10703
5756
3934
4062
6911
1038
3597
7194
6817
7996
11941
6656
9632
5097
838
4270
7597
6447
434
2795
11076
4161
10380
9169
30
6863
8593
3301
146
4680
435
552
10408
5690
6094
3237
8860
5845
1257
3755
3083
11245
8139
10133
9534
638
1304
11781
5424
2282
6086
2575
7421
8318
11040
5265
4072
8659
3222
7969
1865
1584
7775
8990
7026
11532
716
3272
6237
17
4362
2540
10740
3356
6132
8056
5436
1601
1299
4749
5022
1036
6387
3505
9907
9282
11651
4228
2220
10150
7656
8523
8220
4279
2494
2216
4610
22
7917
6283
6390
4070
6627
10977
10607
5452
9172
2923
7599
1974
11083
8906
10252
568
4140
1877
6300
2097
7816
10509
8092
7948
7931
8584
669
2658
1445
10345
8108
2077
2563
4913
10236
5560
2089
11503
2161
5442
5023
3123
1164
11137
3701
2208
1038
7731
4228
3519
2411
8911
3491
8816
653
1066
130
4540
4642
310
2855
6982
675
2245
5571
6879
8929
3531
4015
4121
1230
2497
6760
7667
1926
10630
2628
8756
10264
9952
3889
7475
2900
2432
2345
5362
7475
10852
11987
11146
2494
8789
7544
5890
4956
465
7264
9241
4091
2659
8938
8259
5050
10958
7397
5649
8816
425
3949
10504
11549
7588
3621
916
204
1864
3629
2710
8289
2909
4512
8760
5861
7941
749
11201
522
3397
48
10467
7997
11620
5869
2194
7112
4780
616
11759
6464
8526
6755
5187
4914
11202
3253
10983
9509
4108
964
6528
5228
6937
9599
1544
5579
584
8026
9095
11394
4422
6566
10689
6267
338
10412
6344
204
1408
7462
10642
4938
9017
11131
11910
6506
11743
4885
9392
10901
2382
9281
180
8647
3741
5058
10367
6180
5028
2001
9593
2072
7544
3286
11638
9225
9330
3228
6731
9116
2894
3956
6494
2144
7438
4712
8023
11387
2814
3801
5267
3567
8467
9976
4151
9992
621
11870
8673
1124
1820
4617
4889
128
11038
11091
3719
7163
518
2800
10303
2826
5496
420
7607
7064
11313
126
7065
2262
10436
8501
5907
4230
7775
8926
3788
2240
6284
1927
9393
7552
7507
4211
4270
8941
2173
4722
4984
11110
1683
3740
11366
4010
9477
4107
6752
5764
710
1362
5520
2930
6197
10941
8726
4465
11223
6
9527
10694
10271
2929
8725
5067
7343
5637
10265
9716
6616
872
11725
10909
8606
2101
8006
4978
663
6813
6271
2714
9842
10775
10657
1185
10356
3877
2654
705
6749
6885
1309
5452
10825
3888
111
7449
4755
7091
11040
7752
4212
4999
1321
9267
10025
6927
11842
8564
5266
10381
1590
7341
5399
9154
1039
6808
2469
1025
2479
8203
5526
4206
11488
1063
8111
6968
11332
286
9539
559
8262
1758
9204
3396
3761
5246
10297
6109
1535
10980
7771
1681
8393
8017
9690
2534
10846
7594
1837
196
11471
5444
871
3861
519
5034
10580
988
6039
1294
4098
4176
2255
6250
2013
3507
9065
6418
8979
2835
10464
11512
3126
8156
4446
11290
7104
7479
6034
11404
1360
11012
11648
5790
11250
5487
4179
8459
8093
82
4974
10205
1590
2055
2752
10751
4978
1960
3381
5985
11641
7045
5321
9698
8006
1921
5079
765
11019
5706
5008
8146
977
8659
3752
8783
7421
6511
6890
2683
3726
11436
7403
10048
8002
10282
5404
4434
7544
503
7929
9408
9969
10664
6878
8534
10864
2678
9913
4300
8992
4114
11259
9647
10645
4102
8136
9482
1290
6666
10319
6673
1737
9600
2003
10825
10122
3085
7655
8503
9651
9300
8728
228
8605
6768
10852
4810
7383
1261
11592
11677
260
5572
2743
5240
767
4689
327
9219
3391
755
3846
9599
6933
11040
6666
4462
5106
11042
2373
4962
3142
2834
7767
8672
3651
303
8701
8399
6144
1211
2120
227
5401
755
8169
10049
1812
2985
1608
7119
9374
4703
9619
9178
3124
7393
2579
9794
11102
11008
10491
8998
8917
4359
250
7591
10725
2748
1936
2108
10638
5908
252
2226
9860
4147
8500
4286
5623
3872
11790
8192
4045
3521
8283
11829
2634
11671
10164
601
178
9592
9164
11287
1285
7877
4101
7184
11849
9480
5886
707
774
3373
618
4254
2090
633
3004
1250
4973
7531
7742
2668
430
9133
10945
11045
3260
1270
7759
968
2194
1664
3420
1451
2042
450
11675
3852
4850
6633
10989
2169
5451
56
2836
9020
6958
7544
4997
5281
1401
4221
4316
4262
3207
4824
9705
9118
5678
7826
3817
513
738
5228
7088
9652
8823
3440
8193
4688
1571
10067
8704
5618
9794
1449
2238
2206
7667
3877
9428
4177
10464
812
10220
3202
8923
9077
2424
6131
8899
8575
3013
1658
9542
5199
1674
11942
10240
11140
9787
3505
6850
57
7419
2657
750
8534
10126
5210
5887
7795
1676
7556
7749
7243
753
2900
9997
2040
7569
9017
4416
561
1641
8870
4130
10269
3953
9751
6810
6226
8045
8833
3826
8815
6403
10011
2292
914
10918
3235
10260
8951
6673
8174
6765
7789
10672
5616
4099
9142
5432
6468
1320
8700
791
1368
9242
5963
7366
6649
5033
6702
9339
10774
8598
9481
7738
8467
9335
9200
10252
2349
1848
1091
1352
6821
4891
3432
5677
8362
4832
9923
4242
263
9888
11635
468
6983
2322
10540
6031
7488
8432
7212
4296
515
6996
3484
11015
1150
8316
3270
8674
12
1582
2894
10355
3931
11444
10798
7436
11319
10504
4721
5121
3863
7787
6508
6916
4164
654
276
207
8354
6100
3712
6649
11996
11855
6428
7179
7024
4839
3174
3820
916
2777
137
6137
7492
6620
564
4304
490
8447
2935
11819
360
1678
3513
1451
8100
11155
408
2474
8529
5848
4286
338
246
11947
3996
8076
3261
2811
6278
3248
4186
5663
3530
2555
9429
5142
302
1919
9591
1641
10310
10932
9229
5452
3023
7564
7580
7107
8395
676
3393
3809
4729
2583
6915
5772
11792
9869
6136
6525
4344
7856
2704
4835
8453
2271
866
2790
913
11259
5810
7017
2740
4670
10427
9386
9442
6252
2654
8611
9794
3458
8519
10642
391
10155
4377
1814
7437
8018
8662
7760
8145
4209
396
1801
8589
6344
2815
3986
5263
9289
8687
3717
3924
5647
8006
9579
5382
1839
3872
8920
7504
8679
6807
4304
9018
4084
5483
4845
2950
3679
3466
8184
7429
8983
4577
8564
6070
7514
6207
2843
11708
6124
9218
1600
4475
2314
11425
2548
10223
7321
8789
6244
330
6072
10469
8255
8456
5204
6828
4341
1743
3065
10281
4890
10408
6534
1315
6058
7029
11097
11703
455
7470
11018
1024
7486
11004
788
3553
7624
2289
9389
50
11692
9154
11127
10052
4098
7107
5327
4627
10002
605
8579
7271
7354
6606
8481
3271
11502
10493
2506
9563
9178
6296
11685
4443
2947
9004
4496
5658
2284
9760
2609
8617
6325
6191
1226
201
2493
6304
75
2193
7496
6531
11746
10615
9051
6411
7469
6431
2500
7042
4496
5630
7031
11630
5634
1161
4755
6654
322
5215
7396
5200
9287
1999
8449
10435
11828
3976
7445
9331
5674
4635
4731
4310
8248
11343
738
7858
3182
7329
4048
9625
7631
8917
5091
10659
10245
11421
306
3014
9998
8581
2451
4468
4020
7737
6038
1490
7834
4500
846
7056
6610
4102
1871
10249
7019
10656
10034
2361
7944
2911
4406
5910
364
3891
769
2572
4849
4811
3109
4665
6105
4127
605
5602
3579
2938
7510
4528
8895
5058
5707
9515
9349
2692
4232
2897
6366
9217
5840
4018
3870
1135
7770
5611
8906
6829
7734
11806
6156
9768
9358
10858
2725
1187
2055
1484
11010
262
9159
10578
839
11685
4816
8920
3271
2635
1994
5185
502
676
4127
9171
662
3268
4032
10415
4845
8407
9829
10571
6136
8998
9298
2286
9304
3459
2037
9320
9995
11121
10347
11819
5750
11506
11138
8746
2270
4142
11481
11821
10646
11997
5380
4238
7890
8914
2988
1235
4666
2821
1875
712
5498
10331
1653
5656
2102
9523
4938
7656
11803
10511
776
4912
10513
3101
2117
10711
5900
1570
7738
2442
2882
5442
2467
11800
11575
3694
5762
525
307
10090
4932
11913
5973
11833
11675
3069
962
40
10795
11969
22
8117
10688
11220
7770
1082
9244
8177
5206
9145
911
3307
11646
8389
9695
4965
11720
6346
8551
881
9278
3131
9627
8642
1839
8950
4969
5775
7328
5366
9659
6631
11167
3157
11737
6828
10424
8700
9420
5934
5856
8424
8157
2181
5615
7771
7708
3625
267
3548
2877
6097
4511
235
2652
2855
3306
4261
7521
5221
9108
9137
6239
4494
4731
5637
2902
43
2412
11608
8632
3680
8782
5412
10185
682
8280
343
5567
1592
2818
2391
6057
3107
10712
8687
7084
268
10091
1723
3272
4464
5250
2508
4058
11914
1455
3448
4603
6693
8444
353
11429
1660
10243
3072
9429
1361
6109
11214
5259
7846
1490
6223
6639
3675
10575
7067
11759
612
6262
11306
2947
3110
3279
4956
10001
1743
10332
9634
10219
6319
10731
1324
598
7062
7396
208
10758
1644
5154
5267
2214
11143
1663
3672
10995
9196
3015
4227
11528
8645
10799
5640
6900
9339
5502
11252
8615
4240
8905
3287
3212
11452
1597
4077
9808
6083
10933
5256
8513
5455
9004
6492
5425
10382
8076
8454
4538
8906
3973
4250
8923
3489
6841
4935
9345
8258
10868
9129
5857
5475
11577
1067
2945
8385
11927
7927
1398
1012
1818
2684
6536
5358
9662
1147
9938
7153
11071
7534
3846
8490
9707
1492
5293
2030
761
7677
5996
4303
4435
9583
5538
11995
11567
115
8814
1841
1948
9407
3373
8384
5911
3489
3969
7774
8828
2596
4461
866
11706
6658
7900
6335
5727
1607
1698
11102
4051
189
3579
8663
6273
2457
6863
3819
8784
418
5559
1024
2448
2041
6361
378
2927
4169
5550
3315
7627
6925
8645
9239
3714
8600
7393
4062
3493
11589
3741
11622
3147
3963
11216
5805
3842
11132
10539
8168
960
6923
4160
1923
8567
3096
8956
7414
231
4042
9685
6304
9102
1864
8895
4898
10234
5123
2551
10586
10879
8163
8643
218
8068
10924
11089
6213
4856
8268
4699
102
6722
5924
9100
6989
9302
5489
4797
935
3427
3031
5848
11545
4681
10857
3262
10392
11016
8951
1060
6344
7475
8244
9655
3150
5700
2690
1696
7988
5417
6173
9859
9658
4636
1665
7457
5427
3952
6072
9662
7267
6375
11556
1277
850
10464
11141
3815
1325
6990
3816
4362
1274
452
8333
7774
1622
365
5299
2723
8302
9080
8226
7334
6134
5104
5684
9634
3560
1097
8833
7011
1308
11766
1381
7239
7648
9496
6960
9725
2133
8849
6859
1231
2855
8343
3394
3387
902
11620
8050
7580
8773
9897
463
1161
1583
8963
1330
10291
2049
3462
4959
4850
6599
5845
3375
6937
4407
308
11038
4901
6916
11573
754
3733
4832
8206
3846
7571
8370
1228
1811
7313
8943
289
9274
6895
4504
5048
5008
2681
240
1065
1574
9260
2745
6728
1524
3705
4842
5816
2594
11042
2926
10141
1139
7874
6363
3407
3918
9673
11374
8651
6026
1701
7072
5699
9013
8380
9223
10101
7297
1046
7372
9209
5452
4439
11332
2643
10218
714
10477
8137
9617
10297
1223
11087
8929
504
8076
5726
6350
898
9421
419
6955
2332
11627
9267
1621
10453
8751
4700
8697
1391
8198
4983
3171
2935
2621
826
6372
2735
7508
2922
382
7694
4802
5805
10416
7037
7494
4669
9401
66
9829
377
4266
3801
1508
11637
5453
9502
3459
6130
11820
5000
9588
6729
7423
8495
5080
1632
11638
10126
9557
2911
5119
10468
4373
10652
6612
5780
11965
9586
2564
6540
3592
7216
7324
7938
4608
7246
5042
1722
8185
219
6574
101
2730
5074
2357
1124
11688
10
1236
10154
6721
3244
11973
2463
8658
4928
9889
5184
3302
6272
10690
1220
3179
7598
8532
634
4402
10337
6680
3822
1123
2683
10259
7338
7003
9398
3769
9817
5091
9948
1682
5031
10286
3638
10183
4836
6350
11868
6700
9959
404
10379
1065
5999
194
10549
10502
7461
1231
6643
210
3421
8470
10517
8528
444
7579
8345
6335
10547
5404
3354
4901
7625
1967
8192
10487
11127
350
3413
6535
5036
5115
8504
6187
2097
8257
7338
9446
5895
9962
8070
2293
7308
2375
654
2808
9309
8223
10464
9338
4405
1798
8487
7359
10356
3513
7246
8746
8283
6132
10799
840
627
8304
1354
2556
749
2460
11569
7336
676
9399
5536
3764
7039
6280
74
1631
4018
2874
8078
31
3588
8759
1769
10998
4364
2847
6405
9747
4052
4869
6702
5346
6912
230
3077
5874
9128
2631
1454
3584
2368
3851
452
11173
4632
1230
8717
9369
6112
2784
11400
6306
8708
9985
6786
5885
11381
565
7591
9383
10791
4677
6966
361
10519
3378
9614
5182
3909
5526
1956
6307
2111
5369
9879
5114
6078
2509
7610
3354
8681
4678
6576
10646
535
2969
9623
10664
7411
8624
8346
10202
7416
7912
5642
4945
3451
3335
11784
5079
6888
4349
10169
6883
5925
7094
1051
4391
467
11352
11095
8278
882
4928
4812
2224
6724
1107
10091
9323
4170
2436
2914
8032
3530
2241
7152
9167
9938
8378
9527
4271
8727
7215
911
1622
3446
6453
8854
10978
5051
4293
966
11458
7040
1344
6239
2147
2957
6243
9988
7867
8926
4099
2626
684
1218
2822
2569
7413
191
9918
10879
8443
8499
3522
1098
11311
86
9578
204
2204
10875
11815
10956
3952
53
4284
6510
6981
9430
8637
6308
9546
11859
9635
7613
1618
5027
9898
3164
10137
6438
10247
9861
4879
9027
200
5392
3170
1993
2282
3263
2476
7735
9105
11596
3030
215
2536
1084
6343
10116
9589
2320
3406
8525
4280
282
7208
4786
4448
8876
8430
3403
7626
8747
7390
9064
2711
10371
4100
8307
8136
149
4900
2194
2361
4364
7783
10568
5591
8941
10912
7003
6911
299
922
9968
8501
7290
1792
7314
4669
8988
5608
5170
6650
7608
1597
9865
961
8232
8327
5624
7929
10001
7385
10448
1297
9390
11607
4270
8221
9989
10146
4414
4111
2939
4066
7104
9838
7171
2799
4264
4150
2449
11867
10143
7147
109
10975
6248
219
4067
2593
11069
3760
6136
319
8247
3342
5143
4666
4011
8143
9193
3938
9362
9592
6658
11578
8162
10872
10936
8488
10392
7229
3791
9595
6039
5298
10000
11737
6153
1177
2200
2788
6020
4161
1324
3753
8840
612
6283
11685
7333
2464
3451
9875
9978
7344
2181
10678
1464
8902
1373
11872
6181
2887
3418
1757
2268
10339
2916
6591
8241
655
6923
6246
9522
321
4563
6412
3401
8807
1709
9610
4351
3685
2850
10315
5979
4105
4776
619
7143
10573
11447
4779
8787
6152
2773
7636
4467
2193
5805
10149
11139
1457
4639
11258
4235
6275
10801
11739
6526
7371
7490
1663
7964
10833
1247
10939
2392
10969
8111
10860
5491
9983
9865
2588
9575
8404
2821
11059
3360
688
5328
7230
164
5459
5241
3413
9460
5500
7912
1291
1258
4260
11758
6903
10946
10744
5112
2426
11894
6162
957
6732
1185
5267
10807
8264
8197
7551
5646
7056
10247
1588
5520
5982
5912
4552
6653
7753
11663
10175
5342
1296
6514
7046
3413
2534
2452
6127
6064
6426
6648
1673
8087
8545
2259
2299
5637
6595
4336
28
6772
4863
5517
914
10193
6011
6210
4230
8366
460
8546
1792
5878
9726
5177
10629
8219
10432
6710
4937
4235
3120
9347
1778
9793
11358
143
7467
7960
1856
6572
11393
11547
11826
2612
10302
7543
9095
8295
7615
5682
7408
8719
9844
500
2184
964
4212
9635
2298
2188
7963
10286
4495
1754
11745
7007
10904
10199
7223
3603
6964
8446
6497
8710
2974
10209
9963
10791
6679
106
8489
7883
10379
9403
207
2365
899
7607
11497
4467
10790
6937
8536
476
6380
11618
7274
2805
10529
4625
11156
5819
882
4234
7311
11802
7704
4665
4205
6436
766
5583
2294
5694
7664
3499
6435
7508
6882
3029
118
4653
10586
7363
3860
8505
2203
2270
1760
7046
3343
3263
8438
242
5872
1203
4576
2331
2483
6782
4664
5842
7953
603
11771
7502
3379
11970
4038
7741
6842
3266
2896
9750
5417
4109
2596
1353
10671
11539
4057
6455
4917
7719
10032
7774
2400
4542
6153
9613
3619
8981
2465
3030
5444
4914
7052
10753
2601
4771
9676
11453
1727
8899
8108
1809
6087
3003
10171
11185
6717
1925
11944
4428
2598
6923
7798
1922
10838
3694
604
9075
1340
7843
5372
4019
2794
9655
5917
11385
10372
9812
11208
11415
260
8060
9660
1987
9064
8433
10702
6068
8953
2807
6912
6505
4792
11985
4540
3363
10471
3368
5262
6642
10290
8106
700
5453
6936
7823
1794
5275
538
4215
3022
8495
7646
10768
11253
2385
10752
11539
9936
1238
2614
3437
4439
10289
3679
1211
11415
7075
2343
4431
9043
11118
10393
11344
9333
10888
6338
6078
8047
3019
8094
10546
6099
4265
7841
6787
11499
7613
9636
9765
3509
6940
3145
4908
2847
3850
3309
3119
4059
9416
4362
8648
799
4875
3430
791
4444
9769
1627
7846
4120
1773
9956
4648
1354
2218
10528
1402
7954
2059
8454
779
5874
1512
4678
3256
7789
4918
11608
9488
7355
5750
10947
9302
8198
11501
9035
4741
4260
2899
11928
11310
8561
8548
3008
5148
4775
3285
6960
1177
477
9249
6012
2793
2778
4001
10208
9428
2965
10809
10226
8770
3403
847
4935
2142
8955
87
4894
2909
6241
6826
4141
5496
7309
5045
2214
4564
8895
10318
5669
3875
2210
11585
10553
11139
3586
3656
4908
3557
683
2553
8305
9064
4480
2553
5321
10788
7892
6478
1522
4898
2472
3443
1581
2792
6754
11588
7306
4787
4294
10297
8114
11421
6451
7024
7121
2430
3037
1315
542
9390
10435
3032
6312
3208
365
4919
319
10347
11395
1526
3356
10810
11180
4720
10733
387
4162
2581
10945
765
10734
6779
8780
10314
4934
8722
6840
11548
7904
4725
8905
3860
4017
10043
2859
1445
5382
10733
11194
7383
11006
5235
2446
8072
11938
3016
4545
10957
11234
10028
8990
2198
10446
4663
5447
10735
8941
4074
3939
1058
8382
1986
5538
11034
4776
6662
9359
11491
6624
2560
6833
11725
6295
6153
5981
7823
7453
6876
188
393
2806
9036
6709
257
9975
7793
8854
6863
6046
11678
11876
8852
1675
11758
349
5093
4702
2173
2118
422
2350
8243
7318
2641
3683
8411
1118
693
7057
5458
4179
3131
9010
6906
2042
6916
4543
5582
4654
5775
1931
2384
8625
3159
10076
11006
2509
10040
3174
7716
9702
7250
8997
5866
2238
4966
7958
846
932
6493
11123
2925
11034
8648
8010
3866
801
5058
10618
7409
8995
1906
7721
1573
9757
4845
7236
3381
7911
8088
7667
6142
9249
11435
4472
10698
828
6064
7396
7878
2275
11179
10359
3697
4804
8596
10194
5264
8926
8255
986
10270
5096
10909
7212
6465
11868
1083
4119
1144
3359
9128
1178
10480
5357
9621
9115
534
2021
3924
6625
3174
2159
9731
7567
610
2502
770
6814
2463
9382
6623
4054
8569
10162
8851
552
3111
8034
4550
10666
11849
2856
877
1136
11070
510
4660
4835
9970
685
3382
1921
10612
9340
6889
10866
5349
2291
11127
9506
1676
10699
7174
9631
679
9525
4569
3473
1020
1379
2448
11376
4206
5335
459
2791
11659
4774
620
4964
3778
11176
2649
2136
9778
7838
2401
11953
253
10977
3094
4721
1019
9219
472
4011
939
9828
7123
3674
11461
10196
2718
7550
5770
8479
9253
692
11005
11162
5377
11344
3211
5673
10210
8282
4773
9898
10350
4674
3694
10145
6820
97
11984
11329
9081
1422
10665
10612
4644
3705
7747
9063
2197
4615
866
3285
11999
4747
4598
7087
2839
11677
3408
1125
3316
634
5553
1235
534
5560
8125
5834
3716
5156
7247
2937
11502
2522
10822
3897
5584
10400
7805
5170
9943
2944
1273
3533
7294
11552
3195
535
2642
9855
11733
4495
1204
4846
3513
781
3804
2440
9453
622
8699
2640
11003
7520
11769
9286
4421
7206
7708
2469
10229
5096
1002
7516
4691
4475
1510
8070
9008
11400
3702
905
8158
8156
9317
8168
4322
12
741
3141
4034
2658
908
3479
2361
3528
5023
803
458
2128
7948
11578
49
5981
9329
4015
308
1490
10106
4339
1272
3765
9479
463
5744
8416
5548
5501
6289
4772
4307
2372
3937
6873
5884
974
781
2023
7204
4295
10521
10794
9187
884
3507
10918
8559
3182
5441
11719
5439
8890
7256
2163
2986
11078
5646
8878
11725
34
2439
3273
1707
6360
9228
9961
3630
7913
571
11183
3308
5638
8823
233
8966
5991
7487
8373
1130
1836
1052
9197
408
3886
4756
1620
321
2113
3869
8123
5227
5225
10027
4816
6929
6357
11945
3
8615
1020
3078
2230
8476
2739
5831
5121
8760
7016
10555
10784
8868
2270
11980
9081
265
3109
5328
2029
2897
9653
5119
3643
202
327
1631
11051
5321
6032
860
3166
2475
3387
5587
3631
694
6786
7693
4294
4830
5545
1449
10937
1251
6199
10866
2911
5912
1297
5712
7475
3486
11061
1242
11489
2447
4432
969
2544
9207
10428
1447
8332
893
7898
2854
2959
11519
7047
8078
7883
2107
4222
5326
9526
4650
7435
2100
9427
10630
7751
11287
2713
717
10613
3345
2658
3646
11223
5131
11410
8704
11278
8304
10210
1
4396
6403
2440
5820
3543
11917
5157
5780
5245
2030
5674
6301
9231
4277
424
7034
8699
11723
2611
6336
362
4617
9426
5626
7314
10121
7013
7462
1305
11002
979
4732
6663
6222
3568
4239
454
2286
871
2380
10297
5645
746
799
1878
6553
10995
2262
11457
5358
9557
10813
11719
9188
7940
10919
2708
9993
8926
11854
753
10154
8052
11154
11613
8106
9529
7389
11623
3413
9734
3272
4805
1966
2888
374
2037
3173
8327
6686
3949
10724
5363
6982
3104
2632
4301
8394
4720
813
3055
956
2795
6211
11897
1222
7012
1052
7865
3947
686
2119
8086
2827
1527
3831
5337
6981
4319
4700
3129
5815
947
8211
6082
2753
10890
857
7009
6023
3324
9403
3502
3509
4218
1769
1045
5181
9518
296
6947
10587
592
10919
10987
1818
9153
9546
2866
9584
5544
3202
4317
5220
3207
11453
11540
9616
10777
4633
8083
4705
5482
2324
6541
10267
4051
2016
6686
2362
4432
11218
2219
3123
448
5785
9816
4089
249
6123
8102
2555
3717
2715
11622
5386
4509
9927
2623
10681
11744
8174
7960
2653
431
3167
1378
9908
11945
4684
8325
6114
2238
6078
9318
11830
1170
2050
11633
5739
7857
11840
5065
5258
7561
140
8521
5453
11112
4213
11510
8990
2323
9339
3171
11070
8191
4671
1856
98
2608
9330
801
1592
7084
559
5062
11975
4699
5316
1164
7348
7198
3371
4559
5345
8073
8120
4026
7824
1470
9163
5645
8773
8038
2245
2634
11081
11727
6199
1884
3883
2109
8341
3652
5217
6062
5130
6625
1836
2959
7333
1019
6361
6516
3313
7852
2052
11800
6819
2444
3671
3537
5740
7032
5328
3630
8559
7422
1729
5873
1004
2984
881
9059
6810
2786
2752
4184
7411
6346
8967
11552
9001
8307
11102
10535
6038
3029
7095
9322
5458
468
8007
7158
5118
3020
2789
6687
5789
8214
11467
5081
4130
10746
7450
23
11075
4625
8346
6398
4397
949
7614
5796
6450
7591
11302
11307
1470
572
2974
6164
967
5062
1188
3233
1091
10171
5927
3820
851
5508
10474
11581
9276
9508
1768
11564
950
8419
2194
9651
4286
9814
3316
8431
5318
10956
9429
7667
8365
4919
61
1609
7593
8085
6449
4070
9343
10459
3834
7433
4149
573
6691
11536
5376
11484
6369
5110
1559
8108
2221
2701
2632
3073
6061
8020
7976
11350
3249
5845
8934
4761
6968
4894
8665
7830
1875
10169
9144
7007
9537
7851
2120
6709
346
7141
11408
2581
6055
810
5448
8706
10862
318
4336
1930
2636
6439
5661
9624
8347
8804
5198
1334
2291
358
3325
7421
3341
5486
7536
859
9250
7333
47
8991
2898
2610
465
9251
10912
6204
7375
11511
6202
10428
5146
2342
7415
4701
3208
1799
9305
3315
11625
386
8819
9973
10360
477
5188
8889
4557
11075
3552
8043
2287
6800
3759
1385
7238
1691
2351
9886
10063
1855
6229
2809
10505
1736
8209
7401
2445
4023
6607
4951
10682
6130
5338
7072
1454
10923
9979
5870
11056
7371
5855
10962
2058
9787
9206
9120
9685
5231
11896
11046
10284
2735
10850
2026
7939
5092
11038
4672
4080
3867
7009
4805
5959
10296
11149
859
5443
6427
10231
2433
1088
7496
451
5453
7110
3669
3307
6953
5056
6805
766
3176
2507
8507
7845
867
7114
9838
3266
6997
4950
6504
2705
11887
8562
11754
7472
10232
9276
9280
635
2661
3360
9868
2896
4369
1895
11698
10321
5721
940
1471
1031
8471
11919
11991
10116
11064
5923
11386
9633
11292
2114
10034
11494
7850
4960
6171
7560
10413
8444
3951
1548
1519
5139
237
6922
11217
2447
2437
3244
9412
11133
1315
374
5351
2428
4822
864
4413
241
6908
671
4330
3960
876
9378
9738
1045
4479
1815
3214
9416
11387
3565
11444
8638
7134
8277
7105
5060
5092
10882
11198
2167
4052
3727
2669
3927
11565
6431
7750
6522
11625
1664
8946
860
427
10985
8355
10580
202
802
10350
130
8698
9123
4646
7845
1587
4373
2806
841
10784
11412
8827
2429
8007
5462
7740
6531
3184
5413
11047
3136
979
11624
11241
1075
11074
5024
5129
930
10065
3726
5473
4848
6750
8946
26
8075
6208
5230
4004
2658
7280
11432
2127
1364
10094
8559
6248
3140
9458
1429
8531
9480
4400
11643
11394
4672
1127
490
4367
227
5926
3037
5340
1525
8795
2940
4388
4438
9370
9284
3197
10196
4358
9954
9165
3840
2879
11518
8550
4382
4872
3828
8576
9366
10579
7389
7345
4583
6156
972
11883
3003
5407
10517
11122
4022
2790
6056
3672
1960
4755
6715
4791
6818
2391
357
8043
5189
4044
8007
8682
4950
3333
5093
6496
877
11632
11666
4683
10029
2789
6762
1008
3022
2319
888
11096
7542
5907
6104
9674
5222
4001
951
7302
5360
10518
3766
4283
10951
11179
3662
9062
11950
1182
7021
2697
9459
10556
11006
5283
2837
10439
2247
11697
5631
8137
8556
6049
7129
2262
7857
5006
4468
9175
3324
4637
5027
6264
7673
7635
5161
11919
6103
9073
10541
7271
11119
2093
170
5193
11397
1678
10371
11014
8872
8771
8148
9156
8467
8897
5763
7682
9334
10968
1109
4233
8494
5904
9213
7569
8688
8453
9584
5869
9158
10268
52
4980
9776
2401
5879
3277
4140
9119
3355
1270
5488
315
11983
6449
11507
7373
1273
11788
6123
9179
5007
555
11506
532
1732
1204
6434
4326
6432
8471
2175
6653
10441
1304
10836
11705
10973
3034
5557
4202
7010
7850
4643
9803
10580
9285
4015
11736
253
9703
5910
8013
2660
9681
10538
3324
9020
5142
8369
2634
1788
7714
4966
5351
3951
9992
3646
5129
11138
6982
4485
2468
731
4503
2599
2024
10857
4053
3722
982
11158
2856
4312
11840
2360
6608
1531
8829
1799
4939
8353
1349
11466
9379
7487
207
8394
11639
9330
8197
2280
10468
11488
1984
8138
10448
8701
6854
8912
6516
11690
4540
1573
9635
6231
4489
1905
2395
5449
11882
10507
6438
11447
5419
7916
877
11726
5448
9279
3130
10773
10593
9652
1161
11627
9075
8852
7275
9900
3417
6670
7702
5490
11870
4080
7372
4279
9885
9970
11333
2361
983
44
604
8791
11856
6631
1524
10456
9095
8625
4261
11659
8016
10474
3879
10824
976
8155
11225
5429
6676
9607
1359
8741
2383
7706
5942
8348
6286
4510
4260
10733
1625
6636
11137
484
2184
2431
7052
9247
543
10276
3724
5207
2920
8270
5780
6972
4171
10278
17
5599
7949
5759
2803
11657
10083
8199
1877
5448
9841
250
299
10027
11971
5809
584
2786
3110
1111
1833
9704
8964
8476
10498
7741
5563
6371
10530
5580
5881
5910
7749
843
7031
8057
5334
1825
7118
252
5855
6338
10682
8714
11695
8501
10377
11390
8518
6966
9152
6165
3008
10904
5515
7422
7899
3010
4543
6414
8135
1786
3118
7697
4458
11008
229
6650
8877
3409
1349
8540
10342
11468
9149
10289
6018
2320
11264
215
3503
7876
9480
6267
6083
10865
3783
7021
333
42
6822
1299
1398
1292
4892
2554
10131
6784
7436
9254
1706
10237
2940
2475
7327
2666
10093
9780
10170
10689
2940
3649
10902
7119
9076
2190
1256
10008
1805
11501
10698
344
3813
3030
10499
8356
3289
2773
11701
11599
8161
2785
1699
11657
10502
1901
4797
257
11776
9752
3753
11115
3312
6079
7056
3356
9398
8721
7330
5458
4432
1763
2503
8049
4144
5370
451
7880
6745
198
2980
1202
2006
2671
555
6521
727
10727
10357
10740
10728
5950
1893
10353
10608
10581
3536
2382
8771
714
11877
11329
2340
1522
4983
8696
4827
7845
904
8091
7247
5426
6515
8749
11296
1555
7414
4049
8163
7036
1947
6728
1563
10989
11425
7705
688
2279
6476
6218
8879
3899
9125
9163
11966
2718
7631
4018
4762
8793
8360
6368
7279
6300
7320
2179
8723
2162
3929
821
4127
11728
7938
385
6507
11176
10994
5061
9605
10746
7862
6451
5678
8073
7255
7986
10321
4843
8323
546
7105
9658
6966
1565
6094
7561
6180
4856
9155
11664
11078
2185
10463
2568
8095
4418
1422
4530
2890
8475
515
10449
11074
5998
9364
11992
1773
10172
2034
702
10854
9389
804
4206
10662
3573
9375
3195
1774
11441
8100
1969
9555
10609
438
11590
2150
3984
4950
6544
10783
2366
6429
1424
2277
9822
3221
1100
10429
6795
6324
1274
9133
10422
3350
1911
10732
7147
9879
8056
6600
2674
8810
7640
6834
9393
10840
6161
10762
6030
4152
3014
2371
1009
10023
3516
3347
7720
709
8264
6074
4101
7852
9827
4780
11650
1517
10875
1884
4997
5928
5603
1958
9502
3688
11147
4409
8269
3802
3498
224
6720
6216
5783
8172
314
4342
23
2528
9008
6839
10289
5656
11693
8909
9726
10678
981
11547
6556
10442
7110
11017
7137
2622
8602
1268
4556
6171
2825
1231
5911
3548
9484
410
5097
2509
6524
4445
11624
9343
10329
5793
4491
9163
4646
5259
7725
3232
5522
10870
6846
11531
1938
6668
1044
9730
2409
1152
3040
9901
4649
4619
1147
1521
10547
9410
2622
10650
11803
656
1104
2757
3015
9173
4346
9639
7254
8250
10135
7390
7293
6544
11207
498
3948
9221
1539
1382
1136
5698
7178
2145
11761
7107
7930
7924
10044
1459
11323
6024
1915
7812
853
2533
9567
9448
11553
11617
2080
816
5757
6499
2107
6302
8025
3443
11962
4008
111
4864
9298
3308
3888
11373
2118
6922
11192
11769
3656
963
5411
8873
3616
7404
5146
10548
3685
5327
3526
10859
5832
9278
293
11396
10160
8084
7321
2690
4447
6154
5181
1506
11284
1875
7572
5699
7882
5429
11674
5811
542
964
5148
9587
10606
9021
7203
3302
3068
7836
4939
6171
5841
5978
8466
3732
2847
3686
4747
3603
11839
3935
6706
8832
7673
7019
827
7353
290
7255
2979
567
6272
652
1960
11576
8840
5738
7156
7567
232
7172
5652
10628
4065
6071
6888
10665
11404
5160
8691
5754
11230
185
5681
9808
3302
3880
8904
2658
11283
2565
2296
6360
274
1453
9580
3662
8180
11751
10194
3458
1167
3899
1511
8058
6395
74
6667
7188
2493
8014
11380
5324
7136
11439
4607
7491
11487
4766
321
6290
3263
2226
5755
3340
8185
7804
684
8584
1141
8425
6912
3827
2226
3381
10342
6353
10787
6822
5568
300
11475
812
10036
1019
3113
9106
3199
3024
7878
1537
7336
9982
683
5714
3794
7300
1752
9454
5196
9499
6352
4356
2083
10488
1816
1861
8247
1790
349
7008
970
11043
5941
1941
9429
5821
8029
6872
3765
11145
9538
11013
930
9976
7164
9914
224
3479
10484
6901
1263
249
2407
8074
2685
2403
9602
6369
9788
659
8653
3467
10157
8622
6916
4415
11675
837
2016
117
7365
803
7989
413
9299
2934
2324
11005
6954
5783
5777
5318
2138
1144
11359
4305
9524
2249
6871
10268
7769
2726
7191
4059
1742
8161
11975
7132
2956
3335
9430
9563
9044
7058
2787
10303
10975
2699
1561
10543
9587
2713
5618
2197
5969
2634
8732
11213
9771
11869
408
5097
8212
3882
1279
2117
8784
1583
7327
10657
9354
7704
196
3777
9956
7849
8722
7197
6857
11755
3533
4741
3263
5073
11067
4885
664
8965
7874
10257
2375
11636
3532
5597
9263
10387
3881
1948
10807
3085
275
7683
4218
2826
6508
11288
700
637
8227
1452
4534
2250
11190
10771
10674
5426
10482
6556
9202
9372
8245
3633
9579
6242
3348
4781
5775
309
4697
10868
328
10318
6181
7540
10272
3571
8627
406
349
8385
10140
3873
2922
7004
1559
6027
2321
5457
5048
893
11077
195
7577
4674
4123
5562
10103
427
4888
2085
7763
10978
4293
9575
7097
7401
9856
6917
7101
10767
5293
11179
4609
10414
1065
5846
6483
1476
4703
257
6771
8491
883
5839
83
1239
11739
3601
8055
11980
11854
4149
4667
3706
9076
5740
1492
11286
6845
8086
3118
3862
6127
10828
11989
10920
1975
3466
6608
1487
1344
5111
9063
5051
5281
10866
1477
7013
7920
11451
3608
2980
1108
2171
4629
7278
2745
11185
8697
5647
4701
3417
4715
1311
10695
9115
4605
10403
7447
366
11825
4226
8344
8135
3543
5282
10514
6370
2164
11327
8317
5387
7455
7079
879
10410
550
10485
6646
9321
9869
8167
11618
1731
2518
2814
3193
74
6844
7315
7214
10965
1209
6417
6636
9892
3688
6930
4300
9234
3013
10169
8134
11926
8080
5353
7043
8790
2160
9952
11089
264
1780
788
4497
11142
7701
10793
5418
4398
6711
235
7072
10099
11662
654
9599
163
7389
10432
10513
3318
6106
4200
7151
11664
9870
6493
980
6579
6552
3365
4461
8452
8305
6889
10733
2936
9002
2705
317
1754
11473
10849
4401
92
7667
4623
11381
1560
2715
11616
358
10242
6553
5599
5853
7244
3997
10297
10566
8245
162
6904
2447
4367
2857
7865
6588
1259
8186
11468
8855
164
10063
1576
1252
4100
1772
6280
691
10775
7174
8614
11983
10794
4580
978
3539
1887
3555
6384
9404
624
4723
3915
5498
1406
2751
10938
5728
8341
7050
8141
3066
2237
7220
5011
478
2848
6301
3756
9532
5971
8288
5126
815
4419
320
7830
725
157
10049
917
7771
6041
781
2517
5106
10724
3223
8222
702
7881
2972
1769
8780
1532
37
152
5891
10467
10249
7824
468
1088
8976
6004
10220
7199
8882
3039
5992
3641
9917
3389
2631
5315
374
71
7995
2870
86
3386
9881
5851
6614
11379
7825
7411
2950
2185
3351
192
11190
7078
3775
3956
8120
7075
6536
5812
4476
2112
11119
3816
10043
9981
11364
9314
11024
8951
8153
232
8032
10050
11223
8992
7450
6303
8715
2967
3834
8475
4478
4813
1767
6149
9122
1889
