987
11923
7066
11834
2455
6348
2018
8371
5890
536
12412
18
9148
262
12061
7258
4781
12452
855
2153
7670
1210
1953
4933
7268
5074
12900
10361
10274
8419
1715
732
14242
13188
1085
9466
10239
1589
9707
13708
14114
13778
14480
7067
2743
3977
3698
13898
7036
2730
4316
14721
12958
8870
8709
5390
5799
4720
5465
14678
12560
4561
6033
4849
12302
2392
10409
3195
4460
4317
8079
14286
13045
9118
7163
9501
7149
2803
13695
3764
9043
14484
3108
13627
13373
5747
12326
9257
14208
12772
4030
7533
13393
11921
1898
11560
13933
10329
3730
14302
14610
6336
8002
14684
12816
7890
10759
11467
13632
10849
13032
8130
10943
3735
3883
12402
870
5117
3928
3698
11858
13801
1958
843
499
6270
13744
11078
4587
6998
4708
14786
5188
7202
2184
11801
6198
3930
801
8986
8613
527
6329
7865
12091
9038
9852
7954
1999
7944
8303
862
3689
2604
12230
13012
1904
2302
11273
6816
3803
8320
3794
3801
744
358
10093
12499
9660
10232
14340
7373
12208
329
5182
630
3140
3349
5356
569
4138
6975
11296
14695
2986
3311
12754
14051
13662
8979
6944
13736
11825
9549
7289
13967
12761
6186
9974
4765
253
9090
1029
7217
8477
3619
4396
14763
285
6584
7503
14800
8557
2031
8725
13810
9792
11824
13325
10701
975
7762
5241
11068
7130
8256
13436
425
5754
4448
12077
10715
12709
515
1888
5858
2287
14040
11429
5462
1186
572
10888
6205
10882
3180
8508
14668
8432
11219
3356
3653
8896
11062
272
4158
6001
2237
3456
9874
10752
3652
4528
5953
4257
3200
1920
14179
13420
3421
14151
13177
13056
10643
8036
13556
7983
1330
8896
6087
549
6826
4491
13143
6709
13165
5673
11764
9778
2008
3265
6831
2855
1164
10402
14283
7757
4299
3122
1200
10399
5222
14509
9306
10530
6916
1566
4184
9558
2780
1549
6505
619
14827
8045
14761
14306
25
145
13704
11322
918
3778
1220
6308
7522
1367
669
5795
11218
3226
4518
2507
14255
3339
8156
301
8560
13028
630
4660
2951
12335
2148
8207
9977
12743
14028
2659
13703
11514
6248
8460
4850
9608
11420
4057
8276
9556
12251
5401
9513
5651
11121
13293
2355
4613
9850
13236
9525
7919
8249
13053
8535
3187
5942
7284
6849
3757
4039
13988
14859
2098
14343
581
6840
2287
411
11995
5555
10051
1665
2235
1442
8435
9180
5090
9791
1360
3570
6499
9134
14678
13590
11909
12600
14795
7049
10943
14797
14210
788
8729
1233
7460
9152
856
3989
12291
14262
12405
13926
5130
2195
13228
10643
4771
11571
5836
2344
5486
5911
7623
7783
8091
13321
9103
8934
13325
12907
10875
1851
6227
3575
10029
3244
14172
14329
8498
8340
9239
8177
8853
11920
8300
9565
13704
6503
10369
7539
9216
4399
9813
9044
12227
4277
14379
2572
3329
10692
8652
5006
10892
567
12148
12981
10862
10169
7863
12589
2462
2481
12783
12183
10150
1900
5093
10691
11059
2898
937
272
10746
13259
11304
2647
10580
11906
10170
8302
4326
14767
3508
9592
1567
12267
11640
3905
5014
196
10671
11024
7608
12097
3841
8565
6427
12911
12713
17
14811
7985
7423
4917
1766
11750
11787
10627
11861
3469
9619
1249
9113
1683
11041
1980
8504
11085
11276
1720
14883
4297
14938
5365
1237
10126
1103
6510
8218
14557
9676
4980
1313
12815
5982
9679
4256
6109
3242
11212
12674
12319
7187
9265
1456
3508
5447
1325
8489
11256
3652
14302
8959
10332
13594
14746
14376
13414
8837
2687
9525
3457
6474
942
387
13840
10163
593
2331
7580
3281
13190
6504
11830
1261
12355
10565
2421
11963
11185
9280
12048
4379
11766
11655
7728
13957
7298
3574
21
11729
12683
1201
7089
1768
12964
11076
5593
1058
3568
4029
14407
1421
8084
11882
477
326
11379
14797
12172
14520
9707
8209
14594
9566
13028
5935
11986
7406
3009
4610
1189
6005
2839
10483
6959
2841
8394
9849
4421
10614
6735
6120
5122
5672
7388
1221
13568
4442
9948
11884
5187
9113
12911
11719
5281
12113
7237
4635
9350
3817
7955
768
12220
9493
13478
957
8760
920
14941
8341
8880
1436
14251
2050
10056
4520
8305
9988
3715
2100
10267
9694
3519
9300
13417
10486
8065
6071
2157
5127
768
10939
2956
9509
1773
7022
8885
1804
1856
3723
12807
10300
12534
13928
2296
7773
1446
2200
14015
13844
1059
12266
6347
6511
979
6996
9556
13171
8751
4133
11887
7671
6963
14462
10496
3164
13061
9212
10440
7468
14394
5030
2181
10499
10580
13573
7744
8959
14744
9084
2578
10840
1955
7325
14816
11155
3037
12294
4526
8585
9414
8054
4240
1983
7796
12096
12419
9385
5767
13091
12442
10248
1811
13243
12620
5422
6301
9080
12818
9738
4721
6720
6302
7268
1880
12172
14864
11142
5735
13988
14570
9604
866
8968
8931
11674
7735
5628
14537
7505
11871
13806
14335
9270
6904
13463
6838
1455
8517
13084
10920
11467
10767
1905
5975
1405
2612
10417
7660
14739
2374
1292
5724
1849
9319
3461
6653
150
3320
6582
126
8704
6945
3570
6436
8185
13698
5303
7345
4861
11568
3183
5750
8854
5620
12017
2450
14550
12413
10513
1683
7544
12326
3680
9720
8700
6906
14137
3145
2893
6331
3386
9518
2497
8185
6699
14357
4788
11136
4214
11943
13297
1419
5930
1737
2575
189
9670
6329
12667
7238
6711
6158
10120
5442
3278
7506
2839
12877
4873
10500
8100
13947
372
13989
3920
4396
7828
13821
1669
3252
13560
14374
12777
3761
4004
5725
9665
3158
2267
11233
12617
13596
744
4
12046
13063
1601
6390
1025
11367
11089
7521
5464
10429
6121
5744
3386
14749
10818
12696
5934
14580
5201
1248
3880
9998
11327
11869
6754
7082
11412
10294
1155
4202
4824
13351
8791
5970
2613
9928
787
14289
4309
8669
8835
14973
6619
13137
3994
6513
704
6251
9564
12586
8117
7515
8523
1711
6640
13862
12421
11574
2637
2580
11894
12164
14826
5099
11879
4468
10551
3196
10363
5401
12144
1244
8802
4735
6544
11869
700
9667
524
11386
6675
7090
8249
5642
1677
2463
4346
11459
14693
12974
8626
7624
13957
11206
5739
4821
2698
2188
4057
12567
4204
10978
2567
9672
6441
3494
1707
9376
14109
2247
7535
6384
9391
9018
1375
9680
7011
14034
2323
6761
5912
12054
872
10948
1837
109
10943
7984
1493
10652
12793
3699
4011
984
4013
872
11036
13727
4088
6823
2600
10409
9320
3290
3052
9772
4917
14811
7888
8237
7004
14387
5304
7266
11306
813
185
11148
11457
11473
3233
7562
3594
12149
12107
3344
3551
6174
9918
2966
7219
11996
3954
2333
7385
1619
2734
14413
606
10950
13104
3434
4620
11278
10002
10077
12771
8664
7381
863
14022
7300
8013
12208
8160
9489
6281
14645
13457
7030
3221
5327
8209
1820
8142
5496
12127
768
3569
6529
2302
11300
5408
423
4037
3629
3642
7741
2177
9439
7406
13346
5498
10924
7628
6890
6111
4340
14264
3411
12742
2005
1564
7326
10524
13756
10024
11429
10709
8628
13857
10836
14273
11323
979
7608
14660
12101
7588
9908
5192
1535
5359
10578
12984
9805
6146
470
14827
11080
7380
8046
12091
5527
5542
13990
8954
998
5509
9793
6704
6196
2793
2065
14748
1830
3174
14463
7164
9161
7444
13214
11858
12981
4933
4746
1077
11693
13426
4270
9809
14546
8834
14107
8748
9815
1265
3188
326
9272
6672
10750
7244
11627
1935
2118
14673
8313
8988
14426
7802
8350
11654
10529
1052
12667
1419
3022
14437
6789
458
10527
1539
3223
7925
5837
4813
866
11463
7140
7628
6068
13046
2194
45
9750
12221
7965
14710
2640
1545
1476
8098
143
14166
14519
13027
1039
14781
6211
7491
5475
4812
14669
7463
8825
1738
13384
7249
6259
9821
9442
10960
6072
9290
2032
9958
617
12848
6874
6894
5983
9082
5202
8799
10273
2703
13309
13626
1243
11912
2148
11748
10035
14397
7308
9800
4917
14108
8873
4132
3783
1695
1034
7294
10662
12017
9509
2436
3511
2997
5219
2645
9930
9826
14686
3814
6944
10695
1679
3348
2981
10839
7845
4707
3160
13497
3712
490
13272
14231
11675
14372
11881
6009
2215
8827
5212
10830
12404
14762
2292
10942
5010
11927
14901
262
14806
291
9023
9400
4353
5792
12224
8991
162
5566
12351
13052
4876
11441
11556
10384
10778
12723
13750
7471
774
14321
9924
5813
10969
4325
2013
8600
4428
5512
14324
14289
14590
8145
3258
12216
8070
7823
8631
12595
12928
9279
9331
3226
6485
9202
4991
43
9186
10165
9073
2669
13051
12566
7396
2755
6520
881
6054
6287
6613
8396
13003
9823
4464
8029
10582
4713
5748
78
192
14727
3810
14714
4825
2103
9879
14935
3107
3354
10696
7280
6167
11207
5705
2597
6679
9539
3934
10449
5882
10207
561
9024
6246
3997
13554
6987
12791
7800
3069
8530
9742
4776
4652
13460
14701
191
8741
6934
70
14771
11535
2038
7835
3704
1646
4554
11233
4201
12854
13202
390
3267
8524
199
8185
3631
10991
14310
9256
8785
5685
9333
9932
8977
83
9889
7418
9702
11317
3970
13083
14386
731
14243
9802
14022
4492
14602
1085
1042
14284
280
12853
9033
10921
4325
4504
3767
14571
8195
2662
11096
1682
10157
9264
12367
10530
9301
3788
10711
8881
14831
7725
5258
5753
8573
7856
11995
8552
11015
12121
698
356
10006
4763
8723
53
10462
2879
4187
6003
3670
11532
9609
4238
2773
5213
13973
12565
435
12096
488
12038
14105
4898
8967
10115
6838
13512
5397
11390
12855
4040
3675
7187
3977
14582
8927
11732
174
13490
13167
9570
14434
12319
7336
3079
13329
12887
311
12304
10528
14585
9419
9087
13204
10637
14454
3968
9386
1094
518
13793
10340
8278
2444
9684
12549
6471
3303
5841
601
6173
12734
500
4084
6394
13665
4358
10110
4017
7122
8024
12159
3900
7814
11810
10469
1721
7914
5289
13967
11039
12515
10855
5516
12711
4150
9724
10605
8549
12297
4690
11044
12237
14948
398
3544
7954
8959
4746
13438
2833
11706
296
11165
14949
1467
8321
3678
3084
8559
8124
7654
7447
7080
9634
5970
8614
11615
14517
966
14762
1839
11641
11106
7916
14550
12787
8953
9658
6120
14070
14551
4562
665
13636
14582
3607
10527
5641
8533
9249
10026
8724
3670
6729
7281
14287
2490
14409
14826
7533
10372
2634
62
6315
6127
2495
7223
8959
7804
1351
8094
11085
12964
5280
14733
13377
14654
7607
2942
4742
4541
6756
5478
1429
1665
1449
1322
7777
185
8419
13412
4071
9330
7754
2466
12644
10527
2659
5171
11230
11069
1108
10999
14700
12808
11815
6706
12289
4632
1968
260
3548
12690
11433
9584
10291
5604
14445
5063
1462
6369
14896
9744
8856
6965
12901
7519
12679
14254
970
2367
5021
10999
8422
7653
13855
10778
9627
14571
10138
8880
2558
5845
526
9304
11652
3779
8011
12411
9358
12628
6256
976
2172
8835
10298
13785
11088
9233
14609
1328
14233
3462
767
1015
10657
3205
9489
5331
14520
2340
7040
12068
10143
4501
7177
13852
10080
13940
1560
14969
13346
7716
10452
14953
4483
14272
4355
1209
943
13411
13286
9194
11517
2373
3176
8280
6232
6987
2184
11288
11386
14314
14749
13478
11612
327
12057
2528
10067
7566
12542
13315
14845
11245
8454
5904
13754
8371
3703
1314
4781
10339
498
2462
11520
14119
10316
10127
5007
107
3110
6374
14893
2864
7295
8651
9820
13409
9106
8498
2408
2965
6282
6812
802
9153
11289
6721
13163
9185
8392
10631
11598
3971
10865
3282
11904
11337
6528
4520
10115
6161
6192
10568
982
1946
12650
10734
4368
9197
2919
2909
13379
3078
4015
3706
14790
9373
7635
10384
14323
2133
2236
6462
5583
1625
1126
6633
255
3510
12335
11663
11048
8497
6690
9169
10583
8725
2392
9036
6823
11193
10750
12157
12872
2932
14625
12190
11877
14246
1894
6530
13534
380
2966
9000
364
6519
5590
4543
6483
14522
10477
55
6713
1134
2879
10967
7517
6741
7823
4713
6875
14687
14969
11334
14204
2275
14485
10903
857
11814
7919
6889
13408
14425
13531
9628
7016
2578
4437
11048
10623
354
3943
14229
6227
14350
5509
12414
8484
13260
13250
8528
12112
12324
10373
277
5785
10488
77
7535
1769
274
10729
3851
461
14369
14461
13660
14696
4918
12239
1609
11534
377
10120
7748
14673
2156
6166
8128
9936
9808
725
11286
14027
724
12205
1740
8652
5319
9135
14035
12111
11174
7394
11947
5370
6110
5618
13853
8959
1648
14872
9620
10478
14740
596
4777
8767
14851
3550
14018
12174
8765
477
10391
11399
275
9175
10825
1673
7955
6855
6694
13887
3598
5500
8405
417
11983
4822
6890
5537
8114
291
8199
13002
4534
10728
7320
1267
10768
14067
11065
13432
5974
6029
9078
7217
9229
9205
3287
13556
2328
3735
11597
14766
14397
9028
14869
6495
3837
6395
14401
1804
2592
10813
10133
13821
11571
6206
4269
13390
6735
3024
2664
251
6055
6905
3128
8789
9614
4236
11041
12129
14530
13629
4828
12352
5225
12630
2112
12425
5286
7415
9123
7746
9704
4258
1626
6365
9184
8860
12883
9103
9085
1504
12763
2428
1149
3725
785
5446
11914
12224
6150
11773
1334
6932
2631
9336
11149
13845
5632
6401
454
9405
10607
11927
10397
13486
1914
1253
12224
10526
3430
12536
8788
9384
3782
9245
475
7110
3676
8217
10212
4668
5511
5290
10712
10873
921
5946
5124
5487
12363
3821
6752
33
3479
5608
8306
11556
450
257
2960
8318
444
11325
14969
6187
7621
14348
11030
5047
4182
2497
10698
7158
4169
11765
9570
9942
7862
4092
8107
958
8668
14655
4296
14184
14992
12256
9853
11225
12532
6213
5355
9738
4303
3907
8359
7679
5637
1483
14225
8125
12451
13506
13870
6384
2441
2507
5379
14241
7148
2039
7855
7983
14039
6669
12051
693
8101
1572
304
9121
4398
12748
7541
10245
14972
9205
4076
12182
7928
2944
10296
11338
13918
3929
9038
8823
7058
4734
4596
3502
10821
13497
13234
678
10680
889
1020
5628
5987
2679
14113
1552
7699
10908
2139
132
12822
1632
4339
11157
13076
11173
10136
12948
14716
8394
13052
13182
4912
2004
12979
911
3622
10878
10057
11382
14603
2513
12407
6642
6166
13054
3386
9994
4255
2608
1656
1033
2962
13352
4567
5448
14892
12128
7188
13966
6105
2024
1869
11683
12983
10079
4708
8842
8634
2553
536
2724
8557
4063
3233
13050
2522
12029
10632
10914
734
12084
6201
6458
10836
12928
5902
6731
6788
11395
7585
14157
11512
7056
1221
12936
14923
6020
1498
5730
6878
5519
12907
12965
14704
5745
4213
7392
1802
695
7471
8517
6308
12948
9105
11419
5791
12996
13674
1930
12880
12476
4530
6499
4230
5005
14704
3658
2600
8000
6889
5524
11726
4883
6566
9402
2658
7642
7392
2720
7218
1664
8843
11287
9294
5532
5676
6078
9568
1081
10544
11352
6581
13766
8091
9110
11494
9604
1922
4149
4171
758
5517
5322
12797
8354
8189
66
2390
8701
9149
3663
568
6174
6016
12396
5006
9304
1751
4857
6403
3619
7885
7626
14573
7292
13425
13202
9629
7049
13103
7733
9407
13545
14860
11122
11848
12016
10659
4687
4664
13384
10257
8216
510
9690
7793
9447
3010
12868
14429
11847
8051
11237
7771
1060
10166
7788
3055
14033
983
8495
13770
13429
13031
6823
607
5936
5971
11512
13518
13271
6884
94
5087
11423
8552
14458
11876
12014
10581
8629
3963
13036
10429
13596
4039
7153
8787
14177
2458
9793
8816
7442
13593
13530
11945
6570
8980
9942
9137
2350
5144
1932
4575
7402
7611
11672
660
2306
13476
9987
2451
8685
3772
5789
6525
3315
1245
9183
12856
3159
7533
11989
3035
847
5822
12112
993
1816
13206
13146
4983
4263
12535
11866
10571
11930
1274
10768
5620
7093
28
4723
7584
673
3373
5541
6870
13927
8632
14696
11097
13322
8620
7009
1181
13769
375
13451
9097
2076
6938
5879
12785
5502
4573
1127
9438
5369
9303
10954
13756
10256
13697
465
6825
6445
2264
12456
341
4619
2950
7209
7226
4589
9388
4194
5665
8973
742
3262
10574
10306
8595
2345
14418
12544
12359
213
7707
14235
2415
434
14034
5862
1608
3691
5280
565
6604
11779
3870
10892
13442
1685
2136
9550
1985
483
9500
2487
14008
6071
12349
11581
4533
12013
11807
9857
14105
5729
11230
4452
13437
10845
7448
5244
11291
13955
10171
2054
11018
10369
9780
8765
279
8458
12341
12824
12061
2112
7338
3578
13882
7824
12289
8771
14901
13918
11019
3188
8311
11783
5523
2032
7437
8094
10290
6957
215
14550
3413
9722
13209
8822
9332
8547
14355
10930
2743
11495
342
3294
4055
283
7238
11805
6558
11639
14671
6240
244
4678
6101
6747
3351
14403
1476
7985
7222
7262
11344
1959
9538
4686
13154
5718
10241
6337
3496
14426
3889
14807
2432
4648
10126
11109
33
740
9976
7813
7893
9200
11300
12026
4135
1000
13412
6889
11341
1562
3806
1875
14666
10532
3070
13895
11051
14214
3521
14020
14763
6118
6791
460
574
5914
8068
6885
11318
6783
13507
6497
14837
9985
4215
8541
736
444
11680
8614
13725
238
614
10943
3401
6895
9349
11239
5391
3465
14830
7528
2224
1098
11173
1114
11764
4360
6612
3782
12035
13932
4347
9327
8163
2887
10746
13186
9894
2345
3966
4782
3087
3752
9627
9350
8880
8645
7924
11852
4235
2931
148
5480
276
14529
12752
9661
4703
14231
14595
540
10555
1685
437
11267
2514
7822
8129
9621
13476
7899
6954
1621
8551
13452
8961
8893
1461
74
6814
13168
4330
6920
1368
9616
7977
12648
13538
241
802
10538
3933
1461
11649
4646
3388
4185
14094
1763
5552
780
11725
3480
13168
1759
2378
4759
3948
5376
10107
3522
14622
3361
11665
12013
13502
5197
5283
12547
2401
14379
4033
14429
2845
5355
13155
11085
2724
14525
8124
2200
12618
10545
12510
3594
9940
2800
9691
2652
9783
282
10301
12360
8650
14521
14867
11077
4514
3195
5704
13638
12832
6917
3481
11828
7504
5802
3635
260
5833
8123
12223
13932
1884
3264
2908
11182
1371
6740
9375
9047
935
5071
632
8121
2205
6046
36
11108
5007
3397
11795
11012
971
14372
3790
12428
1890
5887
14351
13176
9639
11951
14028
6648
4329
3606
2649
11384
639
9344
9057
12380
5360
6404
4057
9385
84
1010
5593
1311
9594
9711
5319
891
6246
14972
6554
10600
5534
13013
3857
4397
2042
2061
14326
3426
1606
5062
6386
9532
1662
7246
8837
11248
4533
13173
538
7516
673
13027
9629
10817
3526
6791
4178
6205
1861
11393
12723
10589
14345
369
13262
3639
6559
8457
13889
7317
2575
8389
13635
10317
7043
19
2344
254
5995
1629
5312
6326
1098
13108
6740
3534
9248
11278
13718
8863
8309
5312
12829
8341
11335
7118
5186
5313
10248
1167
8658
5317
8912
11399
8072
7129
7666
14020
3829
7338
14005
2321
3527
7362
4521
14176
2771
13171
1452
1954
10225
6612
4025
4243
10931
734
7187
2129
2305
12720
5787
12299
9844
311
4
2871
11268
6082
9399
5787
3537
2241
1360
6604
13211
6293
4548
13293
9166
7018
3685
39
13
10642
13660
5071
5857
2787
6546
5894
11079
5728
7363
7538
8868
2686
14624
5393
6189
3053
9679
5341
3983
6446
12968
12131
13263
1803
14486
4766
7808
14097
11833
13393
11367
10203
10260
1753
11284
8625
8736
8280
10879
11749
14644
12678
1805
3166
1479
11506
13494
6349
8500
2271
10987
4389
10993
5617
2073
13288
5596
5031
14653
8540
10905
14394
11547
1492
14108
12411
9463
12314
12032
14068
599
3851
2995
548
4355
1667
14654
7422
12346
904
3348
9419
4674
4258
10406
8363
4268
7823
5608
13955
4793
13021
4524
14681
2453
11257
14665
4259
2719
6508
14943
2021
12545
10685
13522
2433
3339
14538
4817
5456
4694
7696
12178
311
10632
13170
12051
6629
13627
12413
11639
1840
8481
1210
10132
600
14193
1141
3229
1147
4255
10427
4281
8911
3283
7328
5727
6359
1416
1598
2075
7684
815
11994
3042
10933
6167
2064
11526
3002
4131
14974
8502
2969
13177
11614
14
11059
7307
6221
4102
6521
12547
8065
9425
10448
3647
11048
9036
2059
4151
6971
10545
1960
14551
12769
8
12555
7005
792
1105
2214
4745
3302
14928
14450
204
10854
13453
12575
2894
10630
7007
5071
14512
13324
11364
12025
5578
689
12071
12386
4483
5126
5511
5093
5075
10803
11536
13491
9206
13871
14657
14710
10295
11961
12489
10943
14726
1164
9286
1047
4920
8314
179
1963
14273
5487
350
5032
10553
7462
12963
5990
3600
14354
14464
6922
4975
9442
9335
10427
1933
71
9249
1013
8666
2562
12021
10340
5740
6662
1485
13160
7843
10885
6201
10351
3691
2031
1978
4865
7534
581
12813
3629
11923
14643
7625
11664
14863
5403
12375
11109
2742
382
2574
3440
5030
8726
13152
2093
12089
5448
9061
6270
1837
2901
10250
1473
14969
9895
9053
5312
6454
8888
12623
10321
13783
7861
3286
14222
8087
6690
4502
11063
11422
6160
3828
10907
10095
1321
3223
13662
9977
3044
483
10212
13736
8692
6515
14788
14079
9619
12818
6535
9173
979
4191
10728
2217
2869
14394
6878
9538
13387
13679
7084
7704
10239
4870
14601
12689
14327
533
2035
9081
2624
14707
8543
12873
3927
8505
4467
322
6591
511
2133
838
4156
823
380
9748
7942
14962
5124
10510
10033
13350
7991
768
5945
14025
3231
10952
3147
13461
5128
7988
5215
6184
6978
13588
12498
13734
5276
11829
11919
13093
7492
6839
10253
14717
6355
3340
2996
9066
9301
14126
9113
3271
14054
8435
14465
8809
9544
5975
4491
1213
17
3239
11693
10135
6521
3973
6120
12448
8162
10189
11360
10667
10872
10819
12323
236
7576
13046
10732
2501
356
8045
2887
1919
9892
7333
660
8057
4129
2700
7881
304
4290
7157
3407
4092
6370
10760
2503
3826
649
10733
9277
13187
4974
3565
12250
1832
11854
14005
13264
3256
8718
3688
11871
8368
5645
5456
9941
13926
14669
3257
12257
2803
6528
12522
11752
12946
5558
6513
10001
11224
14109
7761
9843
11434
12858
6611
4622
4758
6083
662
4567
6527
9047
5028
4773
880
8509
12467
344
10996
12353
12164
10561
10720
2605
6979
4748
10142
7220
11892
12883
8551
4609
10430
28
10179
13127
10887
187
12304
7754
3516
282
4493
8634
5251
484
234
3351
10615
11617
8894
624
8015
1827
6620
10590
11044
9736
5204
1989
14812
7800
6617
12403
13704
4302
252
11761
14150
156
708
13279
8500
9167
7807
4387
9882
6249
5306
5585
1114
12741
7025
2031
12439
13845
9156
7943
4903
7535
4167
9968
3863
9926
9684
11342
3361
3133
9150
3493
9276
5502
11652
13581
11593
553
11025
8871
11701
10464
12988
9470
2080
4575
13761
13233
8384
14265
3875
12309
10298
3797
2292
13055
10783
703
5090
13286
6735
7531
5560
10495
1453
11157
5422
546
4839
9380
3806
4930
12248
2596
1573
5842
14619
13235
10849
2291
6478
12811
7477
426
657
12638
6030
11502
14497
12560
4153
2031
10206
7126
6468
5482
12597
1684
2726
1553
5995
8196
5651
8551
1479
5035
10495
9993
6313
12653
10934
14928
8021
8169
6118
9283
11311
13815
3626
10714
4210
13885
14669
14933
9593
6849
12775
10779
10888
6321
12574
3238
1592
6190
8571
6131
11709
13815
4768
14791
12150
12458
9476
2261
2937
11093
13923
14165
11616
11363
3620
12262
11348
3666
8736
4996
6900
8632
10212
981
8602
3190
10595
5509
10930
11541
7892
2273
7416
7757
235
13416
7189
2333
14246
3854
2878
3964
11894
570
801
4710
6984
14743
9220
7338
9615
12824
9548
13072
4696
10509
9526
5184
3938
11546
1878
7285
3816
12934
12562
13649
9716
13000
8570
13866
7337
14814
13471
4266
13925
10864
11661
4620
4457
5609
14630
5946
12423
5925
5956
10028
13399
4886
9266
12851
4718
9537
8800
6315
6403
14509
11489
8487
6071
9516
5194
5358
9465
8473
4834
11395
1723
12089
13800
3778
9684
2023
12742
10030
12914
712
9432
8096
6604
1909
3241
4226
2890
5806
11218
6242
10090
9619
3143
8706
10744
7214
7153
3172
5305
8388
8113
5506
76
3387
5663
11259
916
7157
14720
7898
10238
8891
1653
13297
7172
3301
814
14915
13892
13325
3666
4878
9729
4371
5889
7415
708
9035
13369
3216
1126
2683
2057
1580
12924
12000
8942
8123
8799
6865
7799
2145
3590
8571
9039
10281
1195
315
2118
11592
3944
9730
3284
10860
13876
1378
4588
3490
6701
9551
1568
3686
8043
5673
13855
2693
583
646
6112
9063
14606
4620
10433
4209
3783
11516
14128
6406
14908
13594
12765
630
2008
7609
6995
6366
14726
6419
6898
14207
10817
2118
4282
7403
11629
3467
11757
11337
2777
10232
13305
11114
5512
4012
3792
10940
67
13226
7966
7916
500
9151
6791
2848
7529
238
7507
12282
11932
579
14688
2569
11195
8157
10425
2578
13088
12788
3328
4004
9711
8529
11589
8016
13415
14501
1178
3959
8223
3354
13557
5341
8175
9014
4248
7164
1176
10405
1593
6268
13193
2254
11833
13861
783
6990
11844
11135
7192
11073
9660
6521
14764
11087
11825
4750
9040
5258
673
13989
3496
12998
5200
4127
4944
6354
7028
3884
8656
4275
11656
10158
7378
5167
363
9319
3081
14166
2844
13447
4080
1141
4677
10893
356
14317
14817
1366
10414
14984
170
10140
9257
8283
2547
2710
12660
9623
2575
5549
14837
634
3765
4334
12531
12610
3401
3083
9246
6154
12815
2916
11469
789
9054
5060
8011
8654
7615
2942
11334
7914
11049
10518
11054
10686
13779
9468
5199
7650
1237
4307
14051
8295
3027
9119
6407
7156
7398
1269
2176
3236
1297
5757
3018
4252
12469
3346
11717
5248
10250
7474
5436
10397
14762
7384
9091
11065
5259
4839
3124
1447
10562
8593
9886
766
13134
4630
11491
369
8464
12968
8317
13250
10445
10891
9276
9407
2629
9826
9950
9478
6307
13004
3364
549
5777
14990
5148
11802
12200
2
7248
4273
2825
14053
11571
1780
11491
1581
2539
156
6089
11073
5624
6630
5231
5180
8967
4673
873
14145
4643
14892
9352
13642
12153
8756
9722
6955
6174
13859
2973
321
2631
11524
12744
9297
13900
13091
9325
7027
11307
13122
6919
14084
4117
10133
13740
8235
13798
2063
10095
3899
6646
3438
493
4399
10695
10985
1001
14445
9075
4378
13614
3065
6884
5766
585
7666
1999
8136
12513
3753
4214
3742
1860
6925
4488
10924
13975
4852
2135
6285
10857
10004
12477
11648
20
2088
9716
13334
10202
7654
8537
8657
3680
4876
14732
6584
1817
179
10031
3368
5906
8668
13672
5709
2293
10447
13349
11094
4284
10275
14427
4582
5908
13504
4571
1766
9132
5167
12010
10215
9216
1619
12515
3614
7702
4881
651
5057
4580
7730
7984
981
5668
5793
3167
6042
8678
2112
1129
2678
7184
12949
3457
12094
5596
14546
12284
12348
3678
7762
7070
3913
2377
7631
11573
9275
2181
7129
1284
12218
13974
11225
2814
7029
9300
4995
997
13666
2443
14130
10662
6626
14503
6173
4443
12138
2901
11855
5461
11638
10984
5741
14747
10872
11783
12216
11307
8918
11696
14090
940
2554
5651
13269
10366
6330
2189
12759
606
5752
144
898
13434
4556
4979
5767
6854
1062
6387
11667
10224
4472
7878
4386
4118
7071
11351
4824
6442
9666
12443
2183
13342
12434
10279
7794
2186
2362
7796
3031
14856
4881
3328
10243
160
1362
12778
10696
141
13429
12642
4866
11267
6958
435
11247
6795
2018
11813
11740
13420
10786
4483
8892
2280
6689
11774
4467
13936
13944
10308
8881
653
3432
7841
14907
14020
7767
13456
2123
1581
1371
11230
5343
6489
13332
9811
39
7861
6831
13622
5592
14671
10972
4931
8686
2563
3361
9772
13630
171
1367
6338
8289
12529
4866
11534
9188
6882
1967
6248
4892
5874
13861
8186
8575
4485
1942
5451
6206
721
1743
5268
10943
8662
11555
400
7807
3662
1190
6148
1133
1943
3101
8680
8041
7394
8051
2898
12179
8583
2173
8406
552
14959
8671
2972
9814
6558
8408
9254
7185
7683
5952
14099
623
1093
6131
4437
9230
4867
1509
4020
9653
14016
2340
5469
7175
2818
5238
1218
2108
3789
12703
12207
10633
6353
13844
7614
7624
5341
10614
7528
10547
5934
1478
13905
4890
2008
11807
10159
14180
431
4746
4030
6538
5026
11714
5850
14870
6501
3215
6699
11730
1922
12856
4006
3238
68
8337
14718
2977
6071
10061
4438
13328
9663
6116
401
6749
6211
6045
584
1127
4069
1472
14344
6495
2002
794
3485
2074
14809
12571
2111
1314
13713
1100
5968
6760
2979
5153
9958
13156
10825
1271
5531
4237
1625
6767
3615
1580
11899
6064
1871
8226
6955
5099
9940
14873
9842
280
12794
12048
12760
2430
491
14433
10822
11639
7952
7740
13131
6481
2091
6222
8093
5393
3172
1509
4098
1443
12102
13730
1778
10604
12485
14449
9666
600
13599
7004
14216
5751
8556
3283
3222
9651
12339
5808
2629
6285
6794
10855
7560
5509
5153
13523
3169
503
13812
10124
5628
4354
10540
7428
10390
5197
4744
14712
337
12707
373
1508
9823
9573
2319
12287
7560
9854
1163
4398
3251
8178
7379
10452
14389
10927
1820
10471
4272
13678
2296
894
1227
7387
10499
10190
3226
13847
124
3276
4994
9471
14282
4125
13427
3717
9456
5505
13594
9796
5951
7990
13026
4586
13934
9512
463
11894
11256
5366
1654
1784
7467
2688
14716
1536
3120
14068
14626
4758
8692
2368
10858
5433
6482
4562
89
611
730
10692
552
12385
10914
3035
4416
13721
2176
14742
3121
8916
4881
7835
12576
4859
2513
3693
5987
14197
4687
8578
5714
2342
5428
12857
6836
12852
9024
7112
7683
35
8162
14724
4853
12640
1754
1002
4944
1987
1676
4634
2513
1421
14867
12083
14256
8609
4447
409
7996
1015
2212
10115
11111
8811
3089
14201
213
6197
3610
4691
10567
6337
7698
11677
310
1294
1081
13607
13734
372
5022
9880
2233
9494
553
6770
8516
9095
14136
7976
5562
6282
10443
1572
7443
10289
6830
9974
12705
6991
8227
12591
4767
14273
7001
6524
2678
14334
11181
10509
4686
10200
3963
9173
6317
11883
3409
13092
8983
5722
4120
1343
5786
8841
8600
3977
9412
10084
12263
12379
6483
11791
13910
11600
3137
2999
7457
1803
10515
12485
520
14409
13116
3563
582
3179
1450
13991
5037
4620
14581
13037
6980
11009
14199
192
7591
9278
6581
5665
11625
7749
5384
648
2785
1649
11216
8279
1182
1673
11198
13799
1247
14680
9573
2705
12220
6609
6340
11326
491
3583
5994
3675
12024
3666
12663
12972
476
10559
1906
3738
2432
9967
140
999
14590
9831
6576
13661
3196
5815
14742
12254
12198
6916
763
4903
13312
2632
2791
3342
1389
12833
1114
5650
4694
14303
3403
5409
13946
2455
2343
8500
6542
125
275
8263
842
6366
2654
7573
5472
5731
4525
9345
2482
1025
9420
12239
11790
9862
8406
11784
9064
7086
762
11468
5244
4427
8042
4802
11295
10891
10248
7579
10362
10739
8544
3349
7353
7514
1876
1811
12382
352
3520
11666
7868
8069
7219
7822
13883
13574
5582
6330
5904
10793
12980
10911
3774
11474
3574
3204
861
4775
3746
10204
7741
13086
3519
10925
12751
5086
3280
11228
5440
10514
10682
13917
8171
3210
5284
8656
642
300
7538
6080
7793
13808
14366
12806
5887
4209
4284
12250
2321
254
13704
12657
2133
2745
534
14594
12936
2087
9013
12642
1621
870
9593
10895
130
7549
14099
898
7464
9500
8343
6445
12991
4213
11323
10460
13363
5658
7911
6953
4400
12342
7917
13663
8741
1376
7119
544
3832
3065
5735
2250
2310
8359
10502
12724
10469
12826
8709
7710
7632
11715
11049
1086
12798
10837
8887
4743
8151
10819
12748
4996
10012
12745
5143
8411
9570
13183
8286
4044
611
1000
5442
9832
13265
2713
5448
11783
6223
3652
5620
13026
11966
11500
11452
4647
673
14971
1646
7170
6910
12712
3991
14176
12298
5068
10265
4799
14007
1539
3880
8058
1972
7680
4706
4825
11842
7168
6897
4764
8350
8969
5942
3976
3031
5620
13203
3242
14902
12437
1412
4825
6453
11315
4131
5216
13086
3515
4440
1033
2585
5959
1841
525
3601
2780
5636
11359
11699
12969
9870
6296
7324
4675
2390
9509
3559
4005
11787
8990
14175
13501
11454
6920
8919
13690
3142
14617
13724
13017
11374
2731
9107
8167
2469
4834
8564
14137
5378
7871
1547
4615
11114
4583
12303
4135
5360
1454
9968
5693
663
7693
10498
1128
8015
610
4736
4272
6345
11527
8623
2868
10345
14091
5137
2568
1431
4236
2707
8203
14514
2158
11355
1070
4178
908
10105
1617
4224
5821
3624
4696
6812
10571
10825
4098
5154
5749
12893
8522
195
14109
7653
14
2643
2211
11248
3765
7420
935
2520
5214
13455
14518
10449
6899
7890
7916
10463
10084
13506
1024
7723
10848
8854
6037
10617
14270
4581
5524
13177
11338
8030
1007
5833
12620
8410
9121
7643
10530
13424
9529
10304
11429
13805
13645
6993
713
7901
5938
2853
445
5763
1458
14212
723
13216
4031
11942
3722
12580
3051
6673
9774
14686
2586
2158
2345
10953
9671
11543
7763
5070
13763
10735
6493
8136
1133
12181
8420
4880
675
2423
3800
6101
4222
3103
12852
175
10940
8620
2912
4913
11022
12152
5922
6497
6858
9505
4723
11989
11723
2463
3269
1643
3596
6737
13810
540
908
2188
5392
1711
14050
617
6625
7054
10930
11817
9087
14703
11672
6327
5893
8953
6897
1387
1392
11081
722
6367
8660
7888
4368
3847
10915
2690
9086
3930
5632
14374
4564
6159
474
989
11420
11246
3828
4145
10225
7861
12977
3132
13944
11499
9789
5137
5208
5228
6974
3882
7654
8314
9449
2384
7625
2188
9145
4729
9717
8438
10091
4297
8515
3324
11741
2751
14125
4500
7444
50
5390
4247
7389
2865
6736
13028
9963
11996
3112
12666
4287
850
9763
12111
5494
11223
7068
5201
11948
6650
3262
2048
9014
505
2459
10207
7749
2625
3519
2749
223
9453
10095
10540
95
6426
12723
11278
3108
3222
3179
14014
13151
2859
14533
6442
12191
3563
5604
14251
8567
1577
11828
606
11742
10626
6418
5723
5943
1158
11577
1463
4183
8311
6799
14344
5491
5445
9342
14484
11836
12363
13366
9126
10011
10873
9991
5823
14935
14623
12613
10013
7558
7019
9748
6106
2839
2200
8275
2612
8437
8443
10389
14340
4600
290
12890
14774
5094
2620
13012
10308
23
4271
11109
8510
9774
5962
13214
2354
12523
9951
13482
12796
10661
5932
9594
4450
12693
12007
7585
4047
12542
2212
9055
5314
14912
14380
427
9610
1875
12683
14698
2344
65
1222
2836
14465
11412
4640
14141
9302
12383
10952
10425
3802
4001
6208
14089
14472
6067
4220
4362
3871
14315
8652
4884
8827
9209
7376
13080
10248
13503
9992
1331
9085
2237
13213
14776
5539
4810
1775
9361
10361
8367
8908
10173
6998
1397
3650
14797
2633
9487
9457
11545
2960
6738
624
3992
10628
3080
370
13148
13165
6588
6461
13164
10671
11504
10631
6067
6001
14483
12468
925
4790
14686
8793
5658
1913
9725
10799
6707
2354
9275
8076
9618
6919
13622
4003
3662
81
3265
14046
6595
9589
12136
12078
10096
2962
9006
11512
4522
2278
2659
3787
7838
400
12689
10345
9036
1113
14782
14114
4591
7397
2484
4360
1673
711
5019
10331
9363
7454
13896
5401
11817
4794
8886
9816
3524
2234
13419
3468
1449
2654
5302
8592
7984
260
1076
698
11119
8194
3914
1600
6612
6383
11717
6425
13985
2053
7021
1386
3802
8670
3848
10029
4658
5739
1787
10415
12163
8955
14163
6143
5605
7454
11017
9750
14486
14535
4491
12383
6615
11791
13216
7029
13359
14587
12844
11899
968
7556
2521
6140
13471
10575
3382
13008
4330
11425
10785
7919
7042
1241
2721
2397
14320
11666
6543
8202
6284
915
9074
13421
11592
14180
13649
7716
11419
12687
14715
11203
6577
11281
7306
10046
11288
12996
950
14245
1653
14314
6102
6435
14525
10224
6754
14075
14576
12108
5132
7360
9903
2613
9220
12790
8766
10478
2811
1602
7789
2790
13663
4715
5632
8335
12652
14404
6182
9280
10236
13520
7535
9058
5990
14000
4855
10507
4898
4331
11911
2043
10700
1355
13547
10761
359
4336
10293
12840
1440
13419
11528
14651
5947
8081
13761
4530
14476
10898
10808
8505
8308
8237
13492
3627
3803
5498
7916
5648
10428
11715
6859
2616
2436
14088
1163
11131
1044
5517
14865
14854
567
7866
13673
14588
6613
6808
10496
10551
5869
12843
10528
14801
7113
8288
7817
3716
7971
10260
9385
1961
11430
8102
14214
8513
12071
8194
12763
3222
4850
4315
2719
4989
6105
9989
1027
515
5607
8596
8697
6361
3083
11324
14706
2949
2976
2558
5952
9398
7625
4259
12338
4244
14010
1624
9014
3273
5793
8742
12544
4768
3740
14909
4409
10233
572
13093
7395
1982
7070
14425
3480
7829
14771
744
8875
553
5253
7129
13534
13847
4370
10626
14786
8339
11893
213
11165
10037
14103
9680
12854
7788
13941
1104
868
2972
12123
3873
12340
12551
13462
14667
1657
6702
10615
3196
12310
8369
9876
13783
271
12011
7824
175
1598
5211
3651
3786
11377
4792
2788
6772
4888
6541
13434
3118
9804
8349
298
8179
11851
14603
6227
14087
6905
2928
13757
9260
10544
14513
11648
1139
10672
4453
5545
7131
9769
11864
11847
2985
5741
8695
8604
1933
6715
1905
3159
7532
7974
381
7742
3591
12604
542
10352
1200
34
12496
9777
3028
4765
2637
1303
1905
611
753
3481
12045
1600
8766
7935
3736
260
10061
3908
12296
14914
6698
12672
12487
9796
3698
8626
11291
10170
2772
2635
5297
12825
4913
3653
12079
6560
13577
4139
1957
9805
11715
4450
8143
4462
5065
1765
14426
3500
5966
3566
9192
7882
13509
12632
14962
5491
2023
5754
7425
14193
1841
5318
11888
5482
4855
4103
11402
3069
4209
4240
4580
8771
11137
8642
398
3064
7477
6854
2419
7008
8519
8
8346
14230
9694
7684
5737
5968
7801
4370
1077
12510
8888
1549
13097
6705
8047
4130
7544
14497
9648
11756
1000
8983
5844
116
9269
11825
4389
8093
5903
2916
3443
5550
10394
6627
6225
6168
2376
7765
3171
1535
14845
8869
4911
8510
1886
4811
4829
8955
3190
14200
2788
13457
13103
10230
5426
14100
801
11638
13511
3736
10195
8371
6039
1914
8963
6828
3434
11576
2875
160
602
12076
12139
13905
4200
13299
2596
8634
7140
6509
616
9245
2991
11645
9068
1165
11990
1647
174
9034
3382
769
6545
3091
1342
7978
5434
12630
5885
8544
10703
5435
5945
10238
6971
1887
14321
5961
9488
7187
11840
6660
13681
14620
9014
7938
11723
9342
10021
5896
8776
2442
3557
14157
4055
6447
2476
11465
9907
6140
1846
7475
3614
3740
12372
10071
5058
4770
1484
2156
14709
11931
5557
5708
13702
2787
11494
6228
232
2575
10858
12179
10138
3962
14881
10288
1384
5915
11038
4404
10738
5603
3904
4110
7918
14629
1736
4357
14292
5262
5702
12968
10623
9964
4520
9737
14803
6467
5601
9041
9087
3546
3217
8789
4929
1061
9782
11173
3864
875
7431
6589
4746
1783
10409
5837
5698
14140
14232
9435
1405
8145
8636
6120
2506
13076
5509
9872
5443
14491
3676
67
10029
3317
11447
8345
14808
1495
10081
1506
14875
9659
3644
14570
2343
195
6163
6316
11006
14899
12121
11806
10832
60
6624
2978
14658
9061
12735
6516
8483
6404
731
13631
5196
2683
10768
12123
14396
13557
3340
6873
6805
5599
12864
5527
1575
1547
964
8478
3198
1360
11878
3880
6530
12566
1415
7080
2419
2549
13418
6850
12831
2309
3297
8033
5226
11607
3894
10519
1697
6843
9436
4831
13979
2139
2479
6262
13836
10733
1318
5024
14239
6182
3515
5839
8695
1481
3373
2799
1122
4854
14827
4420
8754
2816
9540
2301
13858
6383
10055
3234
8802
14292
9852
9431
983
13835
7438
14669
7690
5378
9598
2702
10315
1328
7925
6895
5858
2073
8325
9306
7833
230
11493
11584
1001
5297
12839
3046
11672
5806
9983
12351
13884
12860
13954
14551
14447
12363
11177
12783
8831
14304
1912
13268
7552
13964
447
9826
8520
9323
1357
13718
12334
4792
12820
5930
10176
5541
10285
265
10928
6967
593
14730
3467
1409
11633
13785
13862
2471
5962
1368
13133
12427
13688
8102
11497
5173
2462
742
2748
9426
7480
6848
6700
6711
7221
12124
5698
13935
4116
4186
5759
3176
9161
9183
1802
14108
6988
5498
10728
2404
13511
10685
10856
4622
10050
2743
13002
10367
13797
5886
11795
3547
8305
834
11951
8809
7307
1932
3116
8004
8590
6877
13591
548
5964
11075
7006
13236
3513
4566
13633
5748
9204
12249
13126
6854
9314
620
13823
10221
1273
13134
5257
12530
12894
13848
10068
9577
12707
9245
12722
8528
11160
4493
5038
1855
7229
3465
11467
186
586
1849
14486
8164
2796
10424
13072
13686
8036
9681
11724
1541
13596
131
6786
6970
9601
10048
4421
7010
5952
13155
13463
4310
7199
10640
2311
9861
6145
805
4548
9245
8364
3598
6369
9184
12859
14191
11557
6171
7419
9826
7190
5282
6861
13464
4345
12711
8047
5116
7464
1946
455
2523
328
2290
13197
2256
3806
10618
1883
2292
1326
5262
14516
6426
7272
3892
2182
14561
14439
6120
6277
11226
14103
3816
2333
4889
5371
13590
4252
8817
12648
12724
11962
9400
14321
5897
2991
7842
2751
13138
13031
12769
2269
14220
9220
14249
10438
9141
11488
9466
6187
3458
3052
8039
4869
7523
8498
8187
1235
139
10484
9619
9545
9764
1824
9486
8205
11983
697
4689
6895
13081
3226
10992
3132
7697
3497
2807
8167
14365
9525
12942
12741
13604
750
4483
6667
3327
7688
13065
10798
3113
4755
10382
7383
1598
12122
14146
3489
5871
318
1155
496
6467
6471
7333
1080
8745
12967
13863
1015
10866
6066
4490
10304
14827
6461
10242
8629
11744
12778
1991
9616
7573
3957
7469
2062
12573
8287
7567
12233
14174
2884
13346
8840
2404
7083
10197
11149
8689
13585
3207
14090
6222
3570
2321
689
91
7318
8362
6375
8042
11308
4889
12700
6914
9886
1333
1714
3775
736
3313
10096
9775
9438
2387
13442
2192
14729
10395
7990
5604
5237
3993
1325
1230
2986
3543
4755
11575
3341
981
14358
10153
2779
2300
13471
4493
12553
4706
13040
14391
355
10076
8803
9583
615
970
5442
13795
14093
3955
8904
14671
2990
4170
12914
11975
14285
5528
11180
1171
486
401
8396
4753
9314
2755
11669
2217
3684
11320
1467
2929
7187
4933
3901
3097
9373
6554
2804
4985
10988
58
12966
8038
14983
2485
6143
9955
5192
14753
11838
11764
5869
9744
4007
10630
14501
13618
13402
13491
4258
346
10455
10897
12421
7278
4643
9690
2058
5081
2052
5502
2145
2811
6982
5484
5686
8168
11135
7224
1814
13453
5757
3950
9134
4894
5458
7389
14657
12493
6505
2590
14534
2846
1384
12555
1300
13790
12401
8869
875
1865
11519
4238
14289
9226
9825
12022
14837
5
8638
4168
1651
13473
6038
6908
13829
6441
1153
12384
2858
8857
6686
3519
12717
14750
12994
12132
8509
6894
10259
8439
6044
711
8719
14493
8647
12259
7134
3055
7297
7873
4625
14193
4452
13743
4397
12291
7093
5187
2856
8532
9450
8681
1151
2057
12859
95
3297
14534
835
8324
7900
6995
13409
2910
5186
11552
4207
13699
2215
10939
12510
8944
7866
12806
2612
6845
14214
5910
11652
14561
4355
6573
11280
4154
11374
14049
4108
2140
8210
6510
8530
10643
2393
14726
1334
12700
8947
12921
5190
6301
9
9232
13240
9173
14071
10362
4016
8662
6612
6626
9764
5519
6391
10096
6445
7742
5527
11067
1084
7851
5079
6840
12319
1687
5901
14084
343
6123
7294
11301
1319
14293
14975
5095
5683
1766
138
9347
4011
10767
10451
11146
9482
3473
9542
1903
9127
5131
4520
5962
14247
6742
6454
1160
9917
8333
2533
12280
10976
6072
11663
9273
9479
7312
3383
4399
5075
1325
5257
13828
12937
1970
7241
1971
12867
10010
7030
12071
4537
2780
11051
10666
10857
6202
2394
690
13609
5880
9005
12838
12349
10607
14283
9951
11001
3113
6410
7265
5636
1743
9823
13985
11439
9109
9016
8416
8801
2455
8306
7069
6232
8134
7156
6712
1870
7531
4911
595
7462
7172
12552
10323
12857
6100
1804
4364
5338
2772
9415
10780
13586
8551
9032
3221
4568
3196
8437
6854
10881
13220
3782
14083
14775
1211
6121
10704
5778
3044
6770
5077
64
9221
4012
6827
9826
3250
11648
11149
14772
3845
3360
2274
13144
3123
3761
2646
3137
14673
6851
14848
6791
4829
1295
12766
4835
11962
2060
11157
12568
251
6597
2925
10956
3624
4090
281
8594
13742
14514
12020
12814
73
13354
12879
1548
8501
4356
4487
5749
9042
6335
7211
5862
8254
4239
9611
4039
3716
14281
8940
14502
11146
14174
14384
7173
7720
7105
11290
14070
8140
14478
1863
7273
13507
5704
7072
2048
9098
13479
4228
8488
12530
5237
11490
3252
12458
5500
11372
8783
11334
1078
1248
2950
2230
6623
4824
7672
6713
3315
5561
14147
12408
12144
7832
1491
11015
319
312
10929
7838
2797
1273
2583
14894
4456
3490
13524
9958
12512
8015
1520
2341
12476
10254
6645
2882
6670
11099
5848
13424
2372
6083
14635
12557
3084
10245
4024
914
555
9844
11972
9332
3730
6442
8373
5096
6821
14519
14497
11702
9065
13887
5813
5452
6482
11513
3695
8924
14374
6043
11417
4944
2130
6843
9587
11161
279
2072
14587
734
832
11424
9651
8874
3402
1235
10775
12638
13960
20
225
13094
7010
8287
9227
3040
4682
10286
7712
4126
12412
10253
4984
1797
575
12774
14615
11454
1307
10759
4280
14305
8993
7319
67
11922
8289
12984
7656
1356
14508
8173
2622
3801
1344
11565
5869
9636
1881
9504
2300
8261
242
2014
6840
7779
13816
1927
7890
10193
6022
11221
8140
5783
1714
10237
14792
7521
3076
5013
14044
7108
12518
12991
62
10060
2493
11547
287
7892
11451
13228
4119
805
7765
5313
12230
12711
6784
2243
1722
9325
8435
3053
12378
1234
9377
3527
7854
5042
6261
2150
5600
7404
14906
11030
7451
5355
751
4151
1150
9356
9579
14581
13493
6713
4626
193
12069
11684
8764
2309
7882
8024
9086
813
11119
7176
2504
1897
6584
1211
4218
3543
1287
2615
3691
7597
3146
12242
13728
4324
10333
6760
9958
8232
7650
3671
12244
13492
665
4646
11919
6714
6621
7868
6219
7968
10654
717
4555
13406
5196
7622
7406
13124
2886
7906
4038
3465
2759
1069
5422
1038
11665
3293
2775
592
11913
6409
10551
5428
13487
7890
10183
4446
2145
13390
9199
4330
1843
8947
8584
6851
9796
7320
2333
3321
1000
11623
327
11893
870
2263
724
1928
1685
9454
6315
5378
12712
5332
4751
14415
14099
10746
5734
9180
11360
82
5324
3639
3555
9000
3761
8787
11262
9981
12971
10882
11554
5348
12081
3454
5451
13221
4654
5912
12102
9064
694
9186
14353
13028
4489
9480
14791
7557
712
4504
14495
12915
2536
4626
6673
12479
9954
1763
4548
1561
10085
5540
9726
8108
7521
5759
10601
4043
1097
14097
5742
6501
10556
12963
2210
7788
335
907
8273
10660
4355
9551
10883
286
5926
8865
9961
5836
9881
13950
3972
6327
3789
14841
9787
12788
4139
10453
774
10829
3143
1503
4204
11339
13960
6609
613
2849
391
4971
349
12309
4009
2805
12422
9287
1490
55
1496
11068
11600
10521
10872
5932
7137
2766
12362
5759
9730
1587
5884
1342
6998
3302
753
9078
13471
8529
12975
14399
10555
6230
8934
307
6446
2669
10045
458
9224
4560
4250
1130
12643
11015
9541
7756
6988
5047
14497
10873
6803
4782
8449
14588
12488
1994
468
5344
5604
199
3508
714
449
12679
8784
12570
14127
13099
3675
13995
7925
14200
7241
7842
10840
5621
7295
8939
3738
10313
4316
10454
1906
5065
2551
2345
4843
3567
1438
8367
10308
13390
9816
9246
11524
1706
11616
14598
6632
7220
13838
3421
2571
5827
14492
8976
7305
2855
11050
4684
8207
4950
1710
12411
7514
14681
2411
10970
9962
2297
7397
9910
11507
1059
9255
11598
7305
13251
3697
8036
11637
3836
3241
5030
1528
10045
4948
2553
6002
4112
3041
5365
9272
6092
6339
5291
11544
394
4802
562
5418
6956
4524
10017
8492
2241
9532
6456
12986
4422
12479
9439
10241
10574
1640
12360
10511
1586
8455
1136
14656
5308
4810
2080
14599
12653
13544
11626
1183
12111
3230
4935
1837
5940
1968
7389
11749
4669
9709
5398
5813
7135
7591
5131
9825
1151
6750
6447
10836
14774
6753
11449
1823
4984
7624
13722
14834
1511
7976
4348
11237
4244
9084
14355
3129
11101
8844
5861
13551
7338
12325
6260
9940
12618
1277
8157
7737
11282
1961
13537
10379
3885
10516
3713
4243
7736
10758
2902
3051
4436
7312
9198
8139
10686
3319
14499
328
2923
1709
6645
8001
10389
9167
12088
11949
5419
6307
11192
11692
4532
5627
6544
3816
11707
8727
4819
479
12759
5274
8386
4144
8690
9755
1019
12544
7393
6461
14658
640
6978
397
4658
5957
3049
337
9388
12195
11038
14416
12088
7639
12624
12169
8170
7871
12589
5835
11635
7544
1241
9702
11920
5421
5259
4325
14288
14870
7360
11721
4326
4156
14023
9747
12086
11167
2947
2485
11573
2347
1175
11125
8618
12573
14467
4623
12352
5309
7741
446
11925
10162
10347
13119
8333
12004
8997
8459
767
778
9968
11559
8625
9952
14612
3329
6992
9821
10910
6704
14943
10111
12730
11640
4776
11299
12345
3713
4137
3117
976
8556
2566
8016
6457
10537
5029
10338
9514
3928
10454
1495
420
9658
3472
11497
7766
6715
6721
6009
3359
2350
10670
3260
12531
428
6416
3013
4933
7843
5584
3491
1698
4656
14969
11047
14054
7977
6099
5140
3032
3312
872
6643
9496
8103
6879
9801
1857
4109
1078
12376
11538
107
7973
2735
3518
2678
2494
478
3427
10017
8328
3067
4144
8342
13210
10154
12647
10264
9484
805
9170
3312
1266
14335
4754
5379
1746
886
13730
10860
13828
13437
14410
11931
12889
7747
9895
10929
6588
8620
11384
13511
4894
1841
7652
6899
13958
6230
8671
6757
4285
8968
10043
10908
9070
11898
683
6456
3036
1267
14507
7988
4895
6381
9619
8346
11878
9964
10091
10746
14856
3000
6192
12585
7062
3449
10891
810
6399
8247
555
14787
1399
6876
12825
10543
3578
3854
6674
14243
12387
14236
10930
8535
8193
6427
4874
12620
6840
12398
5444
1156
1141
2593
6550
6002
3115
14728
3338
6471
7492
5337
3358
2790
11745
6082
9735
3621
11474
2824
5280
10160
11025
2405
11081
403
11512
2781
13059
1476
1859
613
7239
13723
2168
6209
11710
10720
6075
12985
2187
5887
8278
9023
8741
4401
1854
9135
1497
14434
10376
11755
1948
3091
14842
8210
10237
8836
5135
5493
7641
14856
3242
12694
11225
3556
10300
12277
10653
549
7288
11200
9764
9229
3107
10517
13155
8994
6513
14832
11747
10827
13978
10004
8688
13816
13188
4328
4755
2557
346
9399
9921
1802
1978
13291
12772
11778
14621
392
11263
7694
10063
6753
2583
5070
9102
9929
9605
13715
13919
3207
441
13460
10875
12103
9208
9043
7921
6233
5949
7802
6678
4657
13054
10400
1095
6562
5469
10754
11751
11751
6735
8447
11363
7800
6450
13605
9883
11885
6687
10082
9628
8290
6454
1568
11064
4023
14353
9695
9430
5899
8089
14648
1614
10957
7917
188
7605
1702
225
12663
7406
13118
4690
14461
14490
6697
5911
14311
11302
14550
11196
14369
2483
7348
4056
12451
7891
5241
2103
9210
207
5465
3138
2994
3758
3215
12505
7275
167
14259
1170
2181
12567
10208
403
5882
4822
5129
14748
6590
4668
10743
10312
2557
13121
13305
14514
13809
9026
7073
4901
3790
792
11103
11371
1381
13866
8644
14527
13281
2002
14101
1006
7921
9037
8130
11671
9530
11956
4114
412
5393
1576
3117
2760
426
9859
1486
3056
5624
11121
14386
9527
2265
6924
505
6986
3572
13807
12184
1714
12922
8450
3753
4623
11215
11093
5424
2921
13659
13144
2482
9370
14689
13807
9548
1840
1444
7971
8989
2190
8529
12954
2769
6594
8309
11769
6915
3225
3915
7568
9671
7495
1242
4779
10553
5283
12713
1393
4213
10550
12216
2182
11572
8420
7405
2659
9343
4323
9271
3781
6636
7673
8218
4571
426
10010
14567
13529
9490
12910
14527
4249
14772
8977
8261
8769
8371
1772
7277
10279
2606
6434
11509
4601
14348
829
11318
5242
203
2854
6702
7015
5301
9075
2150
1783
5936
6346
7787
13008
737
5780
10844
399
5956
13941
3142
12063
12730
11896
13439
7571
9559
6439
2445
7902
742
6152
10474
8183
10460
2172
2471
7139
12118
7057
2290
4779
13984
9711
2613
9804
11508
7183
13052
2444
11818
8790
371
6298
5770
9930
746
4103
9691
4284
3694
8905
11463
14195
13636
8015
14901
13713
8541
9734
7010
8887
13801
8449
9654
6116
14225
6271
5495
13042
1837
8063
9556
13625
5982
7182
14343
5125
4386
10233
8807
3219
8658
8974
11681
13329
3529
13444
2635
8499
7555
13204
13150
14721
6119
3711
8397
2278
7747
14870
3038
12115
3
6825
11387
11514
14733
12815
8757
4999
7284
13668
3423
12120
7430
5825
9130
3902
4068
5245
3946
3
12950
6992
5452
8075
10521
4064
9162
5928
13263
10837
13901
7357
6929
5064
13182
14884
11098
7257
1953
3723
2587
9804
3294
12520
11206
4149
12485
13838
1210
9379
12429
6416
4347
5424
1234
5706
1290
161
12249
431
24
13512
3136
12564
12275
1903
13327
3819
5674
3335
5677
20
12275
3558
7417
8279
1679
6063
11454
2437
8958
11803
12065
8948
11548
878
1610
10736
13511
301
1677
11854
1140
3939
1732
10548
7389
11394
1099
3773
9058
2054
3039
10856
3993
14645
8156
3496
7483
4299
7153
12719
10340
14746
12682
8179
14510
12591
11818
3842
7571
8120
11875
1290
14749
8009
6292
10641
7853
7581
10685
9235
1252
4482
7114
3810
11576
7061
12362
3064
6438
9941
10539
8319
10025
11420
8059
6738
10285
12087
5109
389
6643
11742
12935
9502
14865
10751
12556
9495
10892
9725
5114
12771
1949
6054
7282
8078
2045
4307
1160
4978
13086
7368
12070
4467
10424
6395
13905
7972
11877
7753
3679
4803
11410
9996
4780
6135
12218
11289
7544
11338
7712
2749
558
6361
11056
656
2155
8088
4531
9346
11721
1362
662
7801
4840
5271
11734
11581
12936
2182
9354
8882
469
13073
2644
9685
2071
2880
14773
9354
5540
8158
7452
7034
413
4456
13747
8594
5106
13980
11079
1942
8930
4774
6074
13828
6636
1437
10998
6509
5235
11548
7055
5207
12993
8836
13454
8573
12203
14854
4726
5584
5813
5415
5933
14654
4218
2997
9273
1929
12865
9294
6140
859
4703
2399
7021
8221
14246
14306
4980
3407
847
11801
8594
3601
1161
6
3843
5368
11341
8357
985
13493
3357
5385
8582
4559
12017
7435
2133
14641
2134
14986
10774
10734
3012
1356
8060
9400
9274
7610
12189
7400
14408
6649
10526
13935
8192
9285
8055
13939
7065
6176
3138
1054
4490
3200
2892
11080
14784
7127
3773
13389
11020
9836
2306
9626
12028
12822
8404
9296
1196
137
9932
11082
14177
297
10702
3843
14450
7091
12063
13305
3235
8996
8197
8951
1407
12000
9241
13550
7985
12380
5275
4466
7263
5296
7331
14483
8860
3220
8535
9626
11648
13291
2950
5988
2831
6773
6239
11427
6267
262
12079
4031
6470
1108
1125
10323
9296
1598
10844
6140
11345
7871
7885
14453
9811
13082
10181
7285
12887
10984
10450
562
8939
14148
12894
1255
13469
11536
1574
9449
6327
4400
1193
13631
11607
11692
7200
6655
7009
1788
6519
6510
6211
5604
7229
5303
9885
2742
2445
3157
7379
8214
12249
8884
7032
297
14792
13657
6032
5711
14781
5289
1746
7527
4876
4735
3361
10529
4504
9336
8398
5527
7182
4680
13580
5053
5368
1791
5111
6432
11183
13750
4833
1851
14872
10163
12587
4100
1377
8885
12988
9485
10337
5513
13713
1974
11073
6314
3321
2391
14203
1823
14100
8515
5165
9359
11744
7857
194
7432
13839
1908
14958
300
7904
8906
3595
2724
9048
8466
14140
14319
3669
13542
12438
14835
11175
4744
12158
13205
2203
3161
5947
1547
8037
9589
4953
8550
8522
6570
9007
4117
14944
2191
5862
68
2154
14464
3278
13060
3379
152
9678
6579
2470
6016
7464
7540
9328
7067
6071
4922
6619
2340
6469
11182
1135
1575
5398
2209
11359
2028
11739
10771
6870
12219
14355
5817
11692
6849
14468
2356
14032
9032
12354
1094
12332
1652
14298
11280
5264
5242
5374
12487
9220
14979
12901
5070
13525
3086
9294
9180
2003
7484
7409
4230
2573
4757
1450
13015
10697
10024
8795
7851
7380
13687
4829
5915
4506
10025
3794
10339
10715
17
8498
5768
12818
11483
12927
13941
4779
13351
13903
1996
1753
4582
5231
8737
585
3825
11951
5202
3894
3826
5341
12867
13082
8362
441
2143
11845
10545
13795
9800
14253
5628
4828
719
7195
6712
6423
12743
3990
3924
5717
9732
4534
5573
9479
1441
9150
1028
12204
14783
4015
762
12536
7217
6158
4347
14405
3188
4065
14760
8304
533
10587
5478
13474
8498
9217
5597
1225
2594
14224
5331
11171
9136
8645
14262
8887
3955
8905
8872
2152
3745
12519
13476
12374
14529
292
40
2258
520
13545
10331
9510
6556
3776
7485
11696
7172
11185
10486
8625
8936
10607
990
9717
37
10932
892
11689
8280
6741
14410
11476
8988
10419
12022
5692
12919
12304
1899
7543
2023
14867
12413
1658
13097
14023
7412
2000
3954
5726
12040
3811
4366
5349
10131
2024
11982
11389
13468
8434
3399
1734
4207
3166
10693
14119
14777
1126
10551
11094
4898
11861
9947
2992
13483
13718
13922
150
9167
5265
2326
10141
1982
10626
11312
464
10284
8647
11383
4372
3553
11671
147
13328
10697
14826
1239
6895
9844
2824
7116
10051
1983
14978
5538
3967
8273
1615
12049
10640
13090
4404
6046
7426
8589
3572
4786
9035
10655
12071
9892
12006
6080
11226
9583
12935
4878
10099
6222
8094
896
14550
9795
3801
7216
7713
11079
6834
5386
3305
691
8074
5257
4479
13446
14856
7017
4531
7695
11619
3183
8683
6930
5543
11060
12720
4656
9015
6608
677
1966
680
9868
8484
3784
10854
1160
10943
12134
8606
2138
10296
10692
12670
5312
646
6440
5196
9253
14036
4061
3626
8535
8712
13980
3923
13362
2077
4410
6645
3669
6533
10132
13795
9089
9062
414
3285
2522
8623
9100
6398
6615
11080
1424
8682
11539
8356
6066
9114
14982
10908
3310
5541
13037
2984
12910
7173
6557
12860
4192
28
192
7550
11523
1361
3502
10568
10915
12186
4884
566
6244
14375
9706
10061
4539
4897
3238
181
5551
9685
9519
9133
10718
5473
5116
1170
9301
10122
3610
12315
11648
2199
1956
13100
6991
302
7733
9765
10745
13937
5081
9775
874
1917
13017
282
12528
10823
3045
13942
2212
3642
12380
7180
1227
5889
11208
2783
3036
13653
1100
12525
8300
9564
3487
8836
4837
11568
14594
3227
3757
2647
6269
13998
9178
4835
13104
14357
2436
912
5077
10034
403
2413
3867
14677
2511
4985
4420
11973
6071
5460
4880
2037
4905
14031
3235
10481
11656
4408
10746
7404
171
12470
9403
7784
10305
14702
9818
2304
8435
3240
6792
13021
12890
4905
8501
5043
3728
3181
3598
11016
14354
96
9674
6793
13058
1330
6102
4024
11980
12653
13777
693
3838
2988
11697
3752
13058
1506
2748
6777
14552
6635
7091
10004
3804
2379
5673
11844
6344
9529
10553
4755
13682
7592
1461
979
7333
3826
13099
3316
2181
5865
98
7706
7380
4868
9026
1666
426
10898
817
2490
14505
2670
11242
11490
7190
5879
7536
1627
4571
4450
6753
6994
8890
4190
12989
840
4484
10324
4702
13129
1000
14513
6017
5663
1735
14938
8298
9835
8891
7067
1462
1968
13440
11636
13522
5804
11731
14528
9657
8187
13831
14419
3306
2018
9150
8815
2480
6652
9668
5899
5938
9212
11632
9897
8811
8808
12108
12490
10789
255
8819
10073
14726
4271
12730
2848
5741
5589
6063
3555
3374
8730
12590
1631
1624
13750
9435
7614
1271
763
4193
7787
3813
10153
6665
10380
10436
4945
5214
5401
847
10673
3269
5823
11398
4627
4787
7176
7952
9738
6622
9531
2259
12394
8461
10340
11975
14354
12955
3816
12496
8393
10815
14408
7690
3538
8759
2919
2183
10534
6979
11665
1380
13101
9238
1202
4842
6384
13758
12544
9632
397
6077
11414
10837
8920
2672
4797
547
12643
9901
11481
9639
2202
13681
5166
8085
2037
1471
6174
11977
7371
7885
10216
12952
10063
32
13317
9037
9530
304
14770
2223
2421
2943
14485
6855
8608
2034
9407
88
7332
5258
12397
6935
4618
11764
18
9770
12014
3932
14580
317
12827
10665
8913
11551
1068
6961
3086
10851
7349
10773
14627
11626
6004
3136
7935
7710
12134
12937
2780
11074
1178
9288
8631
2365
6228
12348
9942
13565
10304
3914
3878
2104
6268
4163
12480
13485
13576
5677
11327
6633
2348
9769
2936
2862
7174
6356
5870
13126
2478
943
10762
10509
648
8969
3636
6260
10990
6245
12592
7698
1511
1102
10303
5221
12672
5606
9657
2190
5950
7366
13508
5739
11805
7400
11876
10749
12415
3056
12247
10098
4004
4305
13355
9773
9435
6564
6839
6025
8851
11715
13307
7189
14128
13211
8660
8649
5549
10688
424
10406
9090
3250
8762
5396
14210
13565
4339
11821
732
703
14366
6926
7300
7139
3861
6582
10486
13738
845
10119
11670
9577
8323
4690
13934
2445
14745
12871
1645
6235
6089
9546
11400
12980
11069
7656
56
7054
7737
10769
10257
5758
5278
11272
5634
13272
11915
7349
4709
14161
234
11395
9132
5268
8628
6237
14742
8857
5018
6980
2653
2580
5265
9148
549
1345
1729
4700
7988
6957
5722
4196
6352
4407
10580
9593
11889
13534
5905
5412
10493
12604
11209
1457
7545
12088
6954
5626
8843
14857
4682
10371
6953
5686
11891
3937
3565
12523
7929
4468
1640
1318
2195
3780
1151
10368
5059
8319
3751
9527
10772
208
9769
6975
12439
13964
12817
9096
14602
11941
209
2171
13830
4377
9165
2623
3611
12725
6147
7648
3546
14387
8737
1215
1870
9971
7698
13332
3856
12342
8550
12200
4238
12181
5965
8751
7560
8424
13896
8850
10326
4763
11453
14531
6177
10250
10277
441
12325
8157
4243
13972
7519
7038
14395
13826
10305
2407
10652
11240
1463
649
13660
11492
189
4704
2022
7687
7111
4410
9570
5728
5132
7118
834
13627
7624
8025
4637
1641
8077
13299
3490
14225
9741
2024
4106
660
4663
8971
10529
11846
4419
4285
13715
14833
9660
259
296
3987
2545
4373
10323
12215
3591
171
12085
2161
7943
5794
1168
4803
14839
836
12395
1645
7352
9246
8505
4105
11644
13859
1390
2172
90
12925
14864
5361
4383
7283
2653
4344
2906
8239
7479
14419
12419
9302
3465
5272
9457
3506
14564
3563
4632
53
8258
4243
12196
9859
9302
9261
3860
11186
3006
12374
9949
4062
6255
3593
4298
9101
10036
10432
9933
5241
2122
9727
3821
8276
7746
2997
3444
13117
8123
9532
2875
9248
2372
687
852
14452
13748
43
10668
10710
9182
1014
3955
11339
14900
3277
2617
8795
9502
745
14895
10785
13471
3577
6903
9799
14133
11235
409
13678
2795
323
5980
5283
7012
5022
5957
11205
11622
10849
11094
13146
5553
1522
9014
5089
7779
12984
13097
4011
2225
12711
8844
5011
14332
7539
6695
6468
5701
8742
4319
1426
5158
8684
4103
1384
5359
1515
1858
449
9002
9505
6632
2730
5707
5709
10427
2428
1375
135
14324
927
1136
3556
8247
26
13291
13282
13936
14456
12423
2914
13528
9396
14441
5107
9376
5861
3208
1586
4264
12732
12650
12951
7069
13306
8393
108
14061
8607
4526
11167
3512
6685
3168
10518
2285
3035
14401
2442
5989
14877
118
7259
6072
11505
8352
12771
7003
1524
12668
5048
5171
987
10379
10561
9833
6782
10086
7609
11625
12518
13035
3185
7840
9631
3852
2624
13633
4353
12794
11422
3253
1425
14990
3070
1261
4396
1591
9610
14541
3035
10885
3296
1782
8625
10553
4777
10080
11466
14183
5570
14379
2102
841
4068
13824
9499
12993
5343
12265
3209
10354
7107
9793
10398
12332
4950
13321
1458
13306
14186
13224
6308
8466
6814
12470
7555
13504
9396
10646
9938
10143
7867
886
7963
9029
4171
12884
12980
11218
9101
13678
11670
8397
8445
11654
1466
7163
10136
5817
958
9805
2623
14650
4365
11565
1518
3207
11589
2220
12870
5039
1930
2371
8414
9967
1888
11132
5817
6416
7061
12604
12152
4743
12173
2575
8000
14113
11639
4856
3150
6896
4181
804
8127
4094
5369
3138
4413
8205
10842
13873
14659
7592
7150
13637
13105
4042
14521
3696
6291
6529
4524
2361
292
6134
4529
14788
320
11468
643
14230
12774
14771
12962
8763
12365
6480
5220
9349
9438
6971
991
14267
4030
2468
8930
11356
8743
4562
644
38
85
8450
11788
10064
1995
11976
719
7856
11088
13621
8832
12521
13812
12678
9114
6093
4444
9396
11929
9187
2093
10573
4871
14605
10837
4959
6186
14873
14045
14596
9010
1298
14522
2910
12977
226
11763
6617
4163
1662
11461
2351
11636
10806
482
7716
8377
9768
5937
8759
9014
5999
12494
9321
6639
9701
6978
4749
13778
13730
7637
8092
14929
11344
8288
75
4982
12077
5103
7532
10704
14356
5227
4382
9250
14664
10838
5522
2889
14078
3903
8411
7558
6830
6390
5593
1106
4981
8490
14578
8478
2347
7997
10349
917
13444
13865
13853
12393
3037
6851
1846
6090
14612
4518
5223
965
9764
14155
6523
81
8628
12132
13190
7293
971
6776
12553
2397
13867
2912
10595
12523
6207
14160
11524
89
14433
11402
6934
1125
14085
4780
1274
3686
4772
6457
12772
8939
14037
8941
13565
12371
14478
11450
1867
1351
371
1584
1255
6299
1369
1746
682
8587
12178
4315
14580
4522
14301
2022
12571
3270
13433
14653
557
8272
1926
12418
13595
7943
9368
5273
578
10588
1336
2718
14094
3143
12905
10339
2269
1249
3468
3594
10421
13699
8033
1801
5739
1348
6379
14451
4785
3888
2086
11922
5795
13723
8527
7803
4495
2669
12576
1394
12622
14015
12086
5244
8451
3803
12913
9052
3415
5178
12176
10765
8911
12816
14343
2766
14907
5985
4430
827
13419
9015
3111
6760
327
13947
11355
8088
7980
609
6321
9644
6566
7392
13772
1120
4087
5398
1488
13551
12426
10867
7449
2782
13044
14980
4096
12174
12664
944
9811
14739
12349
11839
6448
7082
8223
12421
6358
11743
9510
6134
12136
9764
5430
14140
14158
8501
2644
1468
14969
3064
10834
1471
8715
2003
1232
7260
14817
2694
12639
9051
14175
10207
2411
6164
9726
6668
7604
13909
11444
1571
6745
6506
10136
5709
14186
6407
6912
14177
10952
7929
12121
9812
11723
9019
3786
6142
7879
8157
166
6121
13268
11182
2244
14107
12889
9394
8260
866
3885
2614
4736
8599
10577
9080
6677
1195
5165
116
5197
4006
6702
13057
8291
12502
7480
12955
13330
2500
11774
5545
9041
14035
7115
5846
7431
6026
5148
1325
3767
12393
3652
2925
12416
13320
8699
5852
14356
5514
4108
9952
4299
4944
5962
10673
10955
7314
5878
7314
14894
5449
14407
11390
5520
4640
1463
967
13468
11153
6990
7993
2666
7420
12238
8885
9983
4065
6770
682
11585
7671
13395
13398
6708
6829
3960
3219
2654
12125
9801
14172
11676
12377
3976
990
9943
7893
3229
12524
103
468
1461
13626
5930
6351
4110
13019
2032
5440
4417
10078
3694
2141
6453
251
13134
9391
4996
13044
13143
13882
2188
8966
9894
11135
12956
3591
10017
9517
13384
13913
11291
8559
1372
4412
2986
7054
4649
9418
10049
775
14783
844
14025
4304
10295
9298
13675
3907
8050
1816
10571
3277
13148
3844
7674
10944
12303
10635
5114
9789
2998
6883
3398
7925
6919
11723
10814
13854
2171
12535
9652
4107
7949
4936
1134
14796
5988
11008
4920
5613
9503
14491
5237
6906
1876
11129
4954
2504
5989
5384
8543
14727
11360
12654
10763
8484
11730
13636
10339
6554
263
11054
2622
9416
9272
3350
12336
1238
2665
1849
6673
10345
11678
14529
10489
2926
7634
8466
13427
11971
11755
1120
4771
13001
1805
12725
8165
38
1593
14833
2476
13463
14554
11242
267
12090
2133
11403
14187
2529
7834
8672
7026
3706
9851
6495
7964
6772
12287
8538
7913
7917
3956
8017
851
7534
6367
5941
13898
14416
9729
4935
8773
11335
7904
1607
14679
8060
6398
14393
14020
6465
4618
10393
9231
12166
12250
8015
89
8080
7322
6950
2888
10673
13163
12646
8458
10939
10843
7817
4604
1109
2036
2915
1299
3248
4212
5810
14982
3940
6313
3717
11934
739
23
14481
11508
3567
7295
478
14509
9559
4301
5905
5860
13716
14214
3851
3652
2130
13284
1662
4912
4339
14424
4807
14826
12165
7411
13103
9708
10108
11929
5251
10198
1442
9178
2220
6764
2682
1942
14625
12251
2468
13853
8880
3601
9858
4528
4915
7662
7177
6943
9663
10186
7676
12280
8176
1372
12435
13129
2153
12277
2632
9834
5759
1343
1714
5082
12021
3493
7122
13620
5690
9168
12291
2701
7446
2930
12999
4653
6684
6867
3500
8008
2121
13126
3869
10672
12043
7176
11853
6073
4564
2196
9494
9312
3590
9077
7487
13089
11384
13465
11533
11508
3039
12879
7776
3274
9496
3949
6982
13138
11977
12864
11133
3731
12591
784
12098
11285
3026
7831
1783
6848
11373
9367
6992
12392
5914
7485
8374
13476
2034
14534
11069
12226
10698
14340
6520
14472
6505
4708
1364
11737
5830
6192
5586
7643
11582
1780
3134
13729
12083
9919
1901
8138
7480
4920
9107
3252
12960
4394
9170
8886
871
11710
11527
14050
2921
1396
14454
8787
718
1317
12525
9136
10399
7975
3982
2332
5754
3526
13007
1706
5160
9172
9347
3562
280
6237
13803
14890
11621
13441
3927
4308
1394
110
9574
14592
9982
2770
4990
10990
147
14202
3453
4058
6912
2930
1038
788
4726
11410
791
12186
2559
12160
1558
8069
1362
7016
1468
8661
8627
14893
4290
10586
12832
9418
11392
6064
13319
4042
8421
3990
6602
6568
3872
10003
9173
13396
14268
12061
3390
7987
12611
8631
11394
3306
393
1942
10513
3822
2057
9321
12416
4226
4734
5995
4204
5214
5191
7247
7662
10009
1509
11790
3306
363
7281
13151
4113
7978
4438
5500
12367
11431
3134
8044
6231
11755
14001
1883
8738
4035
4376
9706
1598
14997
14087
6228
14331
1694
7960
10743
8737
10786
5452
5563
2949
14031
9157
4058
11066
10799
6184
12948
4245
14928
318
9766
3761
3049
7681
10166
13584
6219
5003
6853
9955
1633
2601
681
1240
2326
8383
998
8619
7130
7678
12233
6560
6296
4896
8873
2804
12535
6988
13162
14035
12099
14125
3231
7947
13080
8021
7227
12536
546
2062
3292
7625
7467
10585
8093
1704
3658
11688
14487
12879
7612
10661
635
10118
11450
8382
10822
2465
5303
5112
5546
3117
8364
4032
12340
8275
7114
14553
13271
10069
9748
4047
14125
14230
2278
6362
2549
174
4765
262
2430
14987
11773
7287
3558
6155
5545
4890
9743
3606
10266
9799
11511
11864
11567
787
13386
4812
7598
2513
9246
9252
4716
1312
2227
1301
13191
2144
14773
10423
2557
8902
5679
9786
8904
112
1286
8924
441
10026
10527
14783
13973
8678
4342
5344
8016
11137
14180
11913
13365
8938
9956
3233
4280
14391
4514
14473
6968
10992
2304
13599
8252
12588
10367
7751
7273
282
9262
14549
8885
1232
146
6848
3483
11215
8442
7704
8315
4112
3910
2264
9397
10399
5188
10863
8682
14437
526
12288
7424
13573
13747
5745
8776
2668
14784
14400
5741
1715
499
6633
7323
13040
9412
6133
14689
4112
737
2877
7668
7970
4732
1444
12578
1781
8515
450
1832
13865
10715
9085
2872
5475
12306
1609
11083
5442
6080
5880
9591
5870
3329
3613
12029
12600
5202
12514
13482
7468
9157
7482
11383
11820
13682
13777
10695
8046
7628
9407
5364
334
11518
9355
9647
3502
12448
5340
12882
8745
6834
8235
923
11375
379
1564
12160
7586
118
6732
13354
12888
9226
4644
5384
13033
6605
9931
4336
1104
996
3786
13363
4575
12018
528
4710
14283
5042
12470
6161
2286
1986
12981
558
67
5190
14699
13296
11692
7086
8813
10846
4527
2734
14190
8682
10143
4824
6462
14194
2903
5775
7486
12954
7521
506
13559
5683
8621
12252
1362
12644
9629
1460
410
11796
12469
7630
9022
12897
8848
4749
4810
6889
8557
9907
7693
2746
6536
182
94
7208
12269
433
3111
5547
11264
4116
11676
5505
2880
2921
10669
4351
13522
2733
558
8392
11985
5726
8671
11791
10434
8079
11656
3423
38
8269
7725
12701
5169
10941
7183
11358
6096
2405
3314
2611
671
9163
8563
10733
5984
4070
2066
9606
11392
855
549
1686
2995
9003
14077
4334
9056
13032
2369
14429
14151
14593
12896
4197
4894
9280
10341
7409
6563
11815
8507
7093
12892
9564
2527
14602
6562
4918
10349
8333
9724
3960
7307
12354
496
7697
11442
4602
1116
1412
2754
2638
9835
7459
11989
6583
1043
2772
6340
9300
2298
1989
5341
14367
3993
14609
7406
7373
2721
3223
6644
8743
3194
10275
3940
5905
403
14955
1210
2199
2315
6672
616
5383
8198
13039
13046
6743
6683
13939
9544
5676
14634
14801
10741
6940
11067
9408
3379
5777
6841
12658
2896
9130
11614
11972
12436
2799
5048
8030
9882
9504
8425
9791
2813
13699
1164
2024
615
1121
11779
11899
269
12228
2798
9864
13590
6111
11062
1035
13834
10002
7055
14686
3264
12400
8652
5527
8551
6367
14748
8805
8382
6779
3858
14332
1727
11103
12058
1819
11197
4233
1671
5198
1247
4233
8258
6509
3605
3214
13853
1816
11071
9245
13870
1181
9893
14495
14583
11616
14489
2653
6450
14262
6481
5874
3753
12117
12264
11438
6019
1355
3596
12251
5755
14570
1442
4214
12187
4477
1637
9555
9086
12906
12646
8317
7002
12364
190
1769
1764
10299
13774
757
7102
12626
1199
4227
13451
13349
11926
6524
12356
9949
7887
8483
1299
1474
9730
9543
10187
11052
1219
1484
13323
14189
739
5246
12888
6438
13885
14555
11431
12781
8787
8340
9916
8112
6134
7328
7708
13433
8580
4638
10783
8117
12123
1220
8938
11834
4988
705
11905
12437
1539
3747
13673
7054
5147
6693
6866
345
7942
14817
14572
13177
4266
13038
7241
4986
7999
6070
2016
59
6013
14607
138
1079
7651
780
12773
12455
1578
6919
14910
5509
1248
11493
11187
4015
10368
4766
8878
2350
10454
7023
10070
1859
2536
1742
1328
6045
9920
3513
1243
225
8423
4108
8144
14886
7044
2965
12144
3699
8417
4469
11455
13528
1278
5566
4511
7166
375
9483
1000
14404
888
13777
3146
10031
1458
5384
7117
5549
11653
4637
10912
4277
2269
6152
14190
13631
13473
14428
5838
9596
1270
10224
1801
5337
5914
4810
12231
3342
5180
3459
4434
7013
8513
6426
8084
4657
2338
10233
9805
4669
11425
110
3100
9485
11658
9367
12214
13053
12287
7694
1909
6629
6731
14748
536
10285
2872
8709
1960
6891
6435
8167
6586
12790
11637
11248
1128
5029
9629
14156
6187
8697
2417
7096
4435
11044
4212
5118
14310
7933
2961
14429
12343
6306
2685
2771
14878
2168
7451
9866
8118
13625
1721
6085
12995
9690
4207
2086
13610
4688
2472
12229
3083
5823
8689
1910
8305
5847
14102
7064
8618
5347
13380
6494
10513
3175
7209
10556
14905
8893
12991
63
12260
13316
12736
8473
2466
3734
12692
2623
1597
5389
189
9073
889
4961
1563
13646
13225
1392
10572
8914
508
7778
13139
4013
10775
2152
9353
2904
10068
5633
9993
8726
14944
5673
10957
4965
9890
7494
1671
2817
14422
4663
14226
7291
9210
6100
5998
2883
10544
2869
5521
6375
2786
13320
7699
11094
6380
761
1747
5717
3451
12880
10189
7405
13244
1082
7605
7464
11855
11581
13484
3606
673
12317
14977
8712
13561
7811
5516
11496
11290
14560
4683
2835
11751
13022
4391
11276
3062
10279
6297
2255
11379
3397
10094
8822
11165
4557
13242
13939
9285
12848
9169
10787
8882
8496
14120
14307
14562
5515
11721
6482
6131
1591
9213
1947
14168
1283
6980
6293
5519
1789
10769
13992
12647
3133
2753
11118
830
12149
57
13428
3936
12475
5743
812
8917
8533
1425
7449
14145
9616
2786
5821
4887
10181
13171
13938
8335
13377
8430
7947
3228
4791
1701
3967
12163
12508
14905
1138
7789
6790
13647
943
2869
3346
5325
749
1309
1784
6946
3957
3307
13446
13811
1598
9153
1350
2361
1533
1346
4676
3576
7492
7800
10185
7387
10933
8267
5181
1403
4252
14804
10380
2478
734
5703
11496
10052
11522
12159
14686
14165
8723
12819
13912
10751
4215
422
10430
2171
13247
2461
11482
6
12306
10073
7287
174
9664
14996
2197
2754
9713
424
8412
7396
4200
12275
7385
7083
13015
6103
3882
7168
2776
6838
6826
7978
10221
6722
11914
13661
7644
11186
14477
6141
14003
1985
13333
11249
4892
13433
12383
7619
12413
13077
4080
8268
7358
6187
9227
13451
14344
3376
4512
11886
12327
6230
3178
14409
1227
11105
12685
5003
9153
3775
1225
11169
13961
7653
1072
12458
4907
4766
8408
2209
12059
6830
6694
6617
12566
7821
3560
11411
11808
10480
11148
14602
9204
8577
5618
6912
6031
14190
8010
13337
13769
6719
6036
8533
1105
2065
6267
10060
4348
6208
980
4513
113
9161
1865
7697
1156
12013
4236
2413
7549
2641
3610
354
12732
8706
8878
4578
6940
13023
4439
3052
12801
11775
2640
4390
8999
3432
3569
13354
13392
8489
1535
4479
490
4312
5997
13006
9899
4525
14061
12789
10881
13528
6655
12769
2715
8070
124
2980
6189
7630
10991
11646
4204
6761
6129
10151
11535
10464
9600
7010
10741
11760
8756
10094
8025
10144
3910
5086
6511
10211
245
6320
7506
8521
7781
12451
499
6264
4582
11585
6976
1727
7255
668
1958
3171
5285
13645
645
1939
11412
14607
7063
7518
6952
9298
13004
5037
14000
460
6277
11722
4944
12146
10578
7119
7562
4916
13034
1668
14632
10622
14983
10464
14241
13826
3036
11032
3750
4771
13956
3910
4607
5477
14921
11785
5022
7792
8853
11930
3704
14723
3248
12487
835
13622
9246
6208
3089
5719
10540
4230
9712
1230
6951
5675
11739
5580
9578
6525
3488
9774
1770
1093
7918
6408
14303
13772
1339
4564
6849
13900
8032
505
140
1844
6362
14408
274
1382
11646
13786
6100
12906
5616
4526
13261
7238
1663
4615
12562
8485
11144
6361
3977
13459
9734
12868
3558
3491
4755
11017
10876
8503
12470
7977
5638
14319
4265
1725
5370
3446
1557
168
2646
2949
11788
10305
12963
8690
9667
10621
9490
1028
9794
12977
5895
5389
3658
12109
5521
5938
6394
3227
10826
12431
13533
6759
1746
2811
9651
10617
3082
10547
7442
9469
919
10555
5842
14252
1606
1662
858
6779
3686
7766
7786
4737
11206
8543
2094
6607
1476
2198
12699
7800
9831
5344
1801
2391
4898
6053
12829
8087
5734
10075
10762
6701
5226
6414
12820
11138
1914
13341
2552
3254
3553
664
12027
14462
6115
8645
14270
1142
11404
11714
11971
5977
6079
10365
7206
3533
7124
3096
7091
4060
7002
8896
7064
6396
180
8516
13046
10176
13074
2210
1546
160
13863
1965
1066
4964
13035
10171
14454
14398
9076
259
14325
11228
11982
11051
13145
12509
20
2064
4904
4635
9937
3895
5816
9446
11712
13848
6605
12178
14772
1706
13826
10479
9701
1169
11267
11302
12520
14412
8386
4611
4793
3939
6622
7789
8871
430
5548
10227
5661
4585
8113
2449
8745
8020
12757
5311
11642
14758
10869
1291
6715
10097
10158
2973
3382
2784
13313
1720
7167
4093
3959
2033
9190
14312
2170
3215
3640
2050
2669
259
8035
3136
7489
13513
11132
10274
1318
6956
9767
14219
6954
13415
10074
14099
8289
14648
12679
1015
5737
1663
5108
4602
10928
5444
760
9661
4860
4191
14556
14859
9287
10945
10875
8120
13589
3992
13879
9055
14252
12095
5034
1689
12463
12027
8071
4531
7791
9026
14723
3337
8902
6879
12226
9887
12297
14536
1202
12791
8617
3105
3894
7388
7574
13545
9784
9749
5073
14145
10335
6597
11516
4061
9520
2887
14921
11499
764
6246
10172
6673
8918
9251
8309
1491
14919
8616
10958
12697
8544
14041
13981
9639
8523
2530
9678
14767
231
11827
2921
12337
718
6361
3491
12906
3508
10558
7844
7826
5878
14688
5676
1255
10125
1031
11338
5160
1574
14592
3539
796
12151
6759
11355
5968
2711
2153
13724
11159
243
7223
13056
2155
8409
990
844
306
13650
2404
12091
5629
10057
14837
2651
3130
11795
14251
12217
6561
538
12844
8156
3939
1570
7997
11392
9254
7942
13
2474
11653
9096
3892
2035
412
13636
9282
7451
242
13711
2708
267
1487
14393
5432
6846
1709
6956
8538
709
418
3976
14968
3838
11531
7141
720
12040
7629
1844
9913
2302
13197
1523
13942
3029
9200
14907
8599
14548
2812
14743
7874
5991
8141
922
6935
10440
3995
7925
12033
7675
12337
9693
4736
14387
6785
9853
13531
10966
14426
4941
4994
12394
8723
5615
11362
6763
7066
1489
12650
1051
9493
2716
5802
7572
9618
11912
10708
4245
6906
1570
11210
2182
2183
4251
12015
7033
14399
12678
154
3167
11953
12053
6196
12100
10500
2728
3323
3025
62
6876
8895
1996
2346
11252
12689
606
8579
13359
1940
4233
7109
14654
7643
4419
13795
5823
8306
11051
8642
1434
1305
839
3269
2872
5627
9864
8394
4603
14741
4963
4209
55
13073
3148
2773
4379
6906
9977
4051
3979
9194
12456
8704
11493
9464
12582
119
6165
11941
14285
543
5376
93
13025
8226
4890
459
9352
538
4372
748
1788
4719
5469
13366
8190
13012
3980
4362
8616
4215
7055
940
8366
11254
875
2187
5970
12919
25
6788
588
6832
11481
1033
1994
213
12262
247
9065
5128
10190
6325
12656
13395
1324
12616
13973
8521
1331
5531
1887
14578
12377
14116
13048
1477
7053
186
12468
1032
847
1970
5154
4763
11995
9073
11686
5274
3098
4500
6304
9625
6405
1827
10029
1850
11982
13300
4295
4737
8861
13027
8324
8777
1843
1031
8440
6632
5943
6040
8176
885
5387
4965
12541
2858
8378
13586
11536
13820
8904
6246
13800
13511
10589
8914
149
8431
6416
150
7544
9041
461
8542
577
6784
2458
1129
6772
14811
14452
1482
14129
6515
6920
8135
6351
9299
5920
14943
8725
13776
10165
441
7469
5088
6220
3855
6525
9079
3990
7409
1522
10196
671
862
8131
4258
4883
4606
2151
4226
10016
810
2061
11438
1292
14997
8238
2592
11004
6316
6745
3609
1093
12560
5067
2358
1219
2325
9176
13781
9404
11322
2682
173
5248
2729
4821
11603
5720
12249
7085
12505
7855
13606
1301
8129
1681
8443
5997
14471
14959
7397
2799
10852
7548
8664
11374
6599
9448
9136
8363
3718
5510
86
12941
6818
8587
14706
284
6464
238
4551
91
12692
8846
13970
7840
11656
12157
4228
14088
9130
11111
2527
11524
13748
11022
365
14690
11373
12646
2980
11250
1709
10696
4030
7254
7821
901
4245
396
10389
7601
9620
1467
3439
4705
12296
6816
10920
7114
12365
1900
11991
3704
9797
3483
11502
13215
731
4988
10174
9786
8270
8048
9831
7254
2737
1481
12428
9417
1359
4880
13653
7884
12252
11107
2254
9603
342
14593
12693
6797
10538
8083
11153
2020
13619
11338
8597
3307
10094
135
732
1879
14953
10690
2503
10387
5209
602
11746
8924
8947
14189
12236
5125
2210
3526
3757
4224
9767
14553
10970
9242
5423
339
1076
12210
1638
3082
14
12174
5089
9590
6325
7025
3409
5980
14042
14021
11036
5869
8547
2689
12973
7735
11200
9575
963
12223
8824
14773
3560
8810
12772
4525
11976
863
4899
5115
11201
12426
13629
6315
305
2655
9564
1733
10563
11681
739
14414
13132
2719
3914
13132
2
6929
3986
12749
11811
7085
11851
14957
14867
3376
198
9210
8736
14411
9932
5181
4896
2180
6341
4952
10458
5134
5884
5590
14314
10734
12535
2188
9429
9914
11493
14354
1876
9856
4761
7501
13750
12177
7555
14276
2078
3176
6101
2565
2580
4451
3002
4828
1999
11269
11850
14943
7880
10829
12763
3817
12706
12590
14090
13785
10077
10804
7767
638
4113
5472
9910
14657
1560
5112
14130
7399
364
13742
7084
11626
8952
7747
10049
14363
6155
10032
11217
1302
3774
13881
14036
5209
12487
4311
5039
5402
1694
5808
3460
5997
11845
12956
10824
95
9628
3159
6357
5377
3402
1414
4048
12620
10600
1088
10045
6550
7743
9683
8846
935
6010
3639
14538
11203
9982
8499
3707
10667
11453
11610
2448
8746
5954
5593
3944
10137
8351
96
4120
7007
12219
1571
10596
10705
10567
3332
3154
5362
10999
10999
14772
3743
14046
11186
1611
7217
10002
5054
6889
3768
9438
9694
2199
5769
12990
6283
5341
5220
6973
1585
464
13380
2331
11722
10877
651
323
549
6868
4794
10008
2995
9671
11538
7567
12182
162
5938
8143
8286
5797
5925
4885
2528
1189
10463
5804
8805
12961
5404
7650
7629
2359
4469
7878
8975
12326
5440
14566
11342
11383
10514
12556
13649
4821
1612
1712
7175
2299
2056
14105
260
11596
10958
13533
6389
3918
5775
1617
308
3400
9685
11898
9905
9122
7421
9713
7901
5396
5674
4284
14451
247
14279
6514
12782
9775
9889
11679
5521
9578
10711
12989
10335
3706
142
10619
1296
12774
5517
7567
5084
13655
2154
24
11719
5430
13776
14951
6305
4411
14326
2435
10193
13360
12124
11
13477
9595
11964
1494
4480
14411
8747
11390
5921
14738
7515
3627
13124
737
10774
9636
5792
11033
10073
8481
4596
7389
3931
8052
8270
3518
11768
6925
9986
8078
2622
1853
1459
1013
491
12162
569
12738
13313
11753
7263
10089
7984
7033
5127
14043
1342
8644
2453
8459
11621
10073
7901
9565
7561
916
3762
8489
4244
6224
14852
6189
2968
3027
9372
568
12745
13167
7567
8971
14220
3408
8325
9698
9256
1809
10149
14464
2800
13137
4295
4825
25
2211
10213
6944
606
6548
3614
2137
12350
11862
513
9529
10543
9257
13195
8449
5481
9568
2470
1386
945
12817
3982
10282
8744
9214
4136
476
12672
2601
11129
2902
75
11141
7264
972
9567
3215
12561
13282
6474
3971
9711
6470
10542
13435
13973
2004
14033
8530
11874
4251
7315
11311
6159
10676
10637
14349
1293
12227
12627
6735
1360
13783
10189
12857
14330
10115
3992
14882
2925
2167
9947
3717
7065
12456
6377
12206
14382
899
2339
905
6303
11754
1503
13519
6547
9005
2537
1698
5937
14986
11652
12632
743
11991
5932
1884
13551
8555
5995
3895
9719
1188
14695
1054
1019
8708
3853
11485
9257
3309
7628
9417
7673
6091
7224
2755
6639
257
2681
3137
3695
8019
1623
1262
4259
12122
10436
5674
988
4407
13383
1020
874
5183
0
11683
2114
13620
11221
1668
5963
12796
8864
9862
13349
338
14298
8449
4215
7443
7257
9821
2651
11267
14257
2807
12256
10750
3026
7934
899
5658
4797
7468
9692
6745
10124
6088
12392
2741
10845
296
3312
5412
9715
7835
93
10611
3786
13365
2143
2351
11821
5596
6537
4614
5045
8999
7946
4316
11231
9750
10706
7402
8883
9532
3086
11393
14221
6417
9251
13331
10802
11828
6139
1962
6769
1182
6503
7067
13579
1377
2410
5290
14704
11984
11925
1713
9928
2952
13356
12427
10474
11108
14116
10426
9661
6438
39
9640
1744
6393
3662
7499
9848
7044
9913
882
6734
4449
8038
14596
586
8699
10452
1184
9112
10645
13003
6534
6653
4128
14619
11052
11726
2797
8045
3933
11725
13512
3673
13109
810
5421
13781
11143
4210
5909
9518
11007
14830
12176
7830
8843
11074
5782
14843
13844
8024
10121
12520
11643
2112
12666
842
11262
5895
7892
1353
12609
10314
2334
9889
9585
5565
13425
11452
6197
12748
9241
12661
3885
12164
9193
5500
1788
7479
12951
4977
13354
6435
13686
13143
12434
1534
1147
3262
11515
3896
911
4260
14289
14965
10130
11386
2779
10582
13529
5575
12727
8938
9670
11643
2866
654
5686
8098
10892
390
13193
11419
7575
4646
2850
14451
3096
5130
8837
2851
13055
335
72
8099
12513
2388
354
12425
1029
10728
2769
6074
11507
1097
12336
14084
5783
9222
11988
11894
7805
13626
4088
10060
9463
5238
6551
1290
5298
10657
5254
14685
1703
6926
10596
5873
8613
13459
8433
10738
12339
2529
9700
6490
5627
10093
4465
7675
10370
4306
3543
8450
3884
5976
11896
5825
8509
4205
14113
6400
10482
190
1081
6175
1926
14123
447
4377
569
6308
3580
11528
13090
596
10039
8114
7989
3816
6871
4709
1911
4468
6123
196
2846
13731
9373
8430
2590
1320
3902
3463
10302
6054
13123
8821
3945
6408
8588
905
12345
3550
8605
4568
14829
10012
6086
5046
9723
3201
8501
9686
9025
1897
6228
14879
11701
2991
7508
8910
7453
2355
9504
5380
5249
20
6079
4901
4
14162
2985
10973
10401
866
10794
3382
8393
7975
1349
2146
843
1881
10616
7233
1701
7733
11197
864
11135
5601
5984
1038
5391
12290
10956
14308
6830
9900
521
10657
10154
549
1520
631
685
12166
1599
4285
10162
5439
14895
2018
7103
6054
3074
9867
14342
12796
14099
12665
2678
5260
2158
1210
14663
1865
1326
3274
651
1171
9301
14558
1543
6605
9014
748
11041
694
13870
10346
2939
4377
89
8666
7053
9740
9841
14711
11881
3498
5626
11384
9512
8621
11056
14573
14458
12284
7522
2266
10867
988
3552
7055
14640
10662
13511
1281
11265
7925
11029
2369
4913
5042
11983
5999
10704
6590
8361
13707
2794
9635
8469
11319
10415
10207
7820
12332
1547
4206
4443
80
5009
2771
7653
12577
665
13139
11494
6697
6409
8015
7415
3037
11351
7484
5573
8412
4612
6288
10980
13720
12883
4938
58
4724
7345
13670
6830
3531
2887
3541
13486
10104
5187
757
12568
1800
5013
13378
12248
7616
3141
5568
4225
4435
2617
14028
13655
5404
10060
5606
6472
2317
3675
7341
7771
11258
4273
13223
9088
2069
8154
6523
8983
3215
11948
5246
12485
11023
10537
2374
737
11434
5705
12478
4333
12375
2629
14518
9880
1925
1302
2701
80
7612
9812
4294
13461
11117
4242
4238
2112
4551
8223
7950
5626
2847
14520
1464
8065
3307
464
9722
4221
10515
7233
9026
5945
3156
6332
12237
11669
9915
13661
8769
5425
13786
10530
12675
6803
570
12818
12949
7385
661
6698
11400
10842
6238
66
4002
11767
11176
231
4299
3208
7071
8362
3250
12296
5783
869
10183
490
9760
8989
237
14933
146
5674
9278
2011
3867
4492
8162
9656
9370
2384
13150
11677
10135
6616
14981
14123
12433
9489
9558
11269
9667
5790
13489
3959
11204
7513
10303
12811
10657
3690
10205
10370
3682
1192
9140
10671
4454
12500
5705
7039
4027
3581
7948
8917
8086
11765
2271
10866
6731
2491
12557
6769
5594
7610
12972
9777
6470
11895
12272
8547
13995
14632
5294
11355
10979
10527
9322
7948
9717
12005
