1449
182
2667
2177
759
2688
1998
8
1066
651
2097
430
543
796
291
1590
2299
1489
1460
2312
678
36
527
240
2180
1412
1693
2694
1094
497
1102
1775
1936
1780
1555
32
1043
2577
415
1402
1642
1418
772
2654
2882
729
1769
1509
939
385
2249
1957
1619
369
2655
2412
1074
2335
1173
2906
1984
1805
1484
1015
2514
491
2574
1734
779
2433
2599
2813
2631
1430
322
1458
2755
98
1480
675
2264
812
787
1834
2983
2561
192
1123
1438
346
1267
2228
680
584
2957
1656
1467
1783
2784
631
1003
820
835
182
236
188
264
78
1341
731
1955
2156
1431
2614
1598
805
812
2653
631
955
1589
792
2331
8
1932
893
715
1909
2616
1819
1173
1824
2327
1783
2614
1705
134
2512
27
479
891
1793
830
1683
2619
866
2821
96
1288
315
183
790
778
191
664
2082
1031
1377
1796
2427
2405
2909
2864
1356
2771
1301
1332
1785
992
998
2252
1888
2227
1543
262
2829
417
958
1534
1641
1830
2271
1492
1720
1914
1081
2135
2030
2188
1767
2643
2582
2317
920
1430
2679
1539
1403
2585
2099
2310
906
1834
2404
800
1034
1398
2006
1965
973
1083
539
1705
2852
1083
351
1273
2692
964
545
1169
475
517
1778
573
1487
1059
2453
2211
2364
1226
323
1462
1528
567
521
1462
2173
1530
849
2362
298
2081
2882
1559
238
2479
709
2618
1290
2043
2733
113
2874
1861
1410
1928
1488
2347
1618
528
1044
1482
900
2881
1100
1168
2731
2688
500
838
443
668
2539
692
651
1555
2170
1540
798
1033
937
2768
776
208
1607
623
42
219
2133
2018
2394
532
2776
2837
2491
1814
1434
265
1916
916
1964
2983
1023
2152
2298
759
2856
1680
2235
470
392
2979
2515
1462
1573
2202
238
479
696
2121
555
1971
1258
2604
1275
920
387
1726
2038
822
833
2277
2480
2528
298
1498
2268
2175
1167
316
501
2506
1829
1412
1389
610
392
1875
636
306
1645
1079
2959
2427
2253
260
2626
37
2146
2056
1363
1819
1967
263
2957
2213
1488
1837
1837
1848
1299
2018
1613
867
2225
2479
2171
1032
2861
1479
2989
2019
392
560
1091
2638
2463
193
1064
1002
2426
382
2894
1195
825
1214
158
2763
908
2925
817
2318
1607
2918
1470
1333
1985
2520
1001
1108
904
2010
612
2494
2323
2297
2212
1936
988
2021
594
83
2975
1284
1012
403
315
1254
864
2780
2756
792
2060
2453
2506
2636
2541
1844
1017
589
626
2817
2486
336
2741
967
2307
629
158
1461
2320
2878
571
834
1710
2575
2935
687
2265
1347
1277
2406
729
991
2530
2848
2949
2807
997
2373
661
2551
1308
604
834
1213
596
1811
2388
2185
2716
2872
2111
1926
2079
1581
1011
26
2556
98
1503
2393
1548
1725
2378
2576
2335
2476
1117
1421
187
763
1264
1436
1042
521
2767
2749
2006
2789
297
833
2044
2094
2270
1490
315
1072
2210
1250
407
762
2601
2260
1254
2916
521
2727
975
2813
2095
2177
1578
1899
2471
2824
2311
140
2675
812
1895
393
2423
2856
2985
339
335
1231
242
1317
70
2131
940
2409
2476
2336
882
638
283
2279
2717
2327
2926
2007
2982
1543
1453
1423
1881
2801
2538
942
2810
252
1242
1402
246
2755
1664
1279
1848
2666
700
280
519
1572
1651
129
2609
866
2371
1197
2503
742
1965
155
1420
1341
2672
1987
858
923
190
1391
1299
1025
1373
1156
73
817
1468
1256
1250
2226
2031
173
2668
343
618
739
2457
2001
1206
957
199
717
2538
1825
2391
1656
2114
2355
1167
1599
1228
1131
2806
316
2173
930
2068
754
1311
1876
580
945
2861
1312
1271
141
1917
2027
253
393
704
1097
850
2897
849
149
2547
1925
711
2129
2348
417
2137
1582
304
2833
1765
887
2572
2730
1293
2809
2312
804
567
1170
1083
2051
2424
2539
1154
485
1500
2336
1644
2078
124
1260
1533
1975
348
2945
1173
2693
776
1365
2429
2045
666
336
189
1341
2859
290
1789
70
1692
2713
902
813
191
952
2155
2953
1775
324
2986
2152
1961
2624
2761
82
2933
856
2534
1398
2797
2066
2072
251
2680
744
2755
2870
531
930
2636
1259
2838
1217
634
1087
2959
622
677
1706
741
1841
102
1650
2194
1414
298
1882
2469
121
1203
2497
180
1034
2589
2503
203
732
1682
1579
2627
695
219
1103
490
2485
140
1965
50
1074
2803
1587
2505
1284
884
881
2973
2562
212
1668
138
585
104
2218
233
1186
2465
1478
38
879
870
438
2598
1252
2286
1335
99
1674
2217
218
2814
2878
465
2760
712
1473
2026
665
61
552
323
298
2133
2588
2809
1141
936
244
1239
250
2030
2974
2403
84
2648
2253
511
2182
86
1083
2939
276
1334
1416
1932
2797
1502
755
387
958
2046
2717
1596
443
813
93
2657
926
526
181
947
1674
1798
1260
2869
2752
685
453
2725
2752
871
1981
2023
2157
1334
2154
1239
1447
598
950
2363
1316
612
1043
2995
1376
372
1776
2046
2392
1422
1554
954
2119
1347
2886
647
2248
786
778
2433
2114
1354
1507
2137
1617
2059
1681
2871
697
2773
1719
2317
1414
236
655
1147
2519
927
2387
818
704
1267
1277
1335
1599
721
1703
1287
2654
1105
1207
1089
1095
2426
2258
1061
1254
1399
314
735
2928
2327
1826
2943
57
536
158
304
1587
497
1471
2810
2554
2499
1764
1967
773
2996
2100
1199
503
1952
32
2785
1779
1803
2598
1022
94
2184
2175
1795
2062
2759
586
459
2369
2054
778
2054
1664
2687
970
2979
1634
2674
385
277
573
2799
761
685
447
1194
1457
963
130
1019
1410
826
1054
176
782
2240
1937
290
396
446
754
2625
1952
202
1947
1845
1288
1327
628
1378
538
222
1067
870
993
219
201
291
158
398
849
732
354
1636
2514
237
2042
1601
2948
387
259
2388
1815
941
1541
1288
2518
46
1300
2883
491
2552
2665
884
996
727
2280
1350
2475
1367
1779
123
1523
1314
1843
2239
1406
82
1886
635
748
976
636
569
2861
766
2595
515
1984
319
179
2307
2380
1097
308
2638
2731
1028
2459
2874
2871
1682
1556
864
604
1995
1001
1632
1605
963
2360
2577
1219
522
1938
1145
1664
2409
2000
1487
1186
1340
1224
2010
1035
184
1814
518
1132
570
2118
379
2834
665
653
1137
977
2089
1399
252
2949
1301
354
1863
1263
1400
50
864
1692
2424
663
1945
2082
312
2328
2910
1219
505
778
1344
252
1276
972
2589
1216
1342
2850
1769
293
1864
1129
2525
1552
826
1562
1098
1748
548
904
2426
117
2281
2451
2308
867
1728
799
2578
394
1872
1798
2112
2806
2815
2114
443
1884
1575
1831
2284
2476
1422
893
960
402
1976
539
853
2324
2211
318
1027
1126
1623
1698
868
1329
1312
1240
81
2202
1273
2357
2003
1030
1215
1179
2907
1195
2799
2824
943
2418
93
1644
1073
2145
2370
2761
237
1061
1937
195
2782
2828
2070
1262
2790
920
2491
1071
1689
2712
649
211
1084
657
2751
2443
1344
1377
2754
1841
1981
2252
393
2924
2628
2767
2908
2903
1349
2050
409
377
913
643
2674
277
2869
573
998
2401
2388
784
346
1371
2632
1089
540
2192
973
2906
1132
2622
1114
1517
832
2377
1589
2794
2714
875
1929
663
8
924
46
2751
2039
282
2582
139
757
1369
1623
1117
1594
1883
722
68
1698
2011
1359
2850
1026
532
1875
2497
2284
2838
975
1547
512
904
2118
785
2273
1593
763
619
2154
800
4
263
2139
1900
2071
485
1188
1790
1455
1462
612
2603
1459
2020
14
1157
339
1973
1281
1560
968
2737
683
2842
1351
1563
2729
2724
1890
1885
349
1845
75
467
2621
1798
2406
1954
2420
2416
1378
1841
2967
2625
2219
1869
1574
750
2799
1859
1093
1115
1786
127
1397
1061
1609
617
1796
1560
2224
479
1158
2380
216
1917
1399
970
1169
633
1646
1261
431
1371
639
652
572
305
421
835
530
2377
1785
2617
2411
2400
308
973
615
120
1598
1642
593
2590
2704
1657
159
2504
348
2109
972
2701
966
2321
683
1943
159
918
34
2308
175
9
985
2979
2084
153
1317
2113
2795
1310
574
739
490
1909
1161
1869
2991
400
370
145
113
2610
1746
1148
81
896
401
682
2068
1715
161
1946
1256
2794
7
819
840
53
1869
2374
2414
1636
320
46
1908
1357
316
402
2616
1325
1583
2163
1017
2078
1561
848
2610
2374
2158
2823
1354
992
1741
1414
452
44
2544
2455
1314
81
320
834
2370
2251
1956
1549
2050
872
1206
2935
2301
692
842
2290
1569
180
84
1758
1052
1543
29
2778
540
1000
1249
2365
1480
449
257
251
2182
2122
2112
2835
2129
31
2131
2077
518
2255
1394
1633
228
2121
134
1882
1789
1441
1302
394
1285
1175
1658
1871
287
2280
155
555
1046
1303
1509
321
703
476
2442
2619
1064
1732
1340
2489
2341
1273
1630
611
1647
1160
1135
1568
1665
1032
1781
2367
273
506
1530
1667
510
564
2965
1835
2316
1904
256
2823
2914
306
586
1815
2884
1102
2096
797
586
815
84
1363
404
229
2466
1463
544
1150
1651
1323
2610
732
1808
2560
902
551
2941
2819
2637
2626
2431
2720
442
1992
2667
1467
1440
2753
2013
2261
122
2560
1538
2187
814
2076
538
2355
1007
1686
1125
2280
2821
2474
2033
1444
1027
2070
845
1181
205
1975
406
2376
68
1691
2603
2738
2624
490
1694
1486
1865
2862
1794
1752
1377
441
1564
1512
2913
1541
1223
803
2247
2254
1272
435
2113
644
2546
2934
1641
2965
359
1556
1188
2799
2837
1986
2048
2395
2240
547
2210
325
449
2014
1738
2696
267
1275
340
1934
2373
207
2275
2117
185
1280
475
1741
1641
1098
1723
2126
728
135
2910
1623
1436
1221
1461
2969
94
2825
618
1778
539
969
67
2581
1347
2047
1337
1302
523
2778
741
795
361
1831
2230
7
940
1636
409
184
2557
109
349
2848
966
759
889
1840
797
2106
141
2864
372
2948
810
1324
2001
128
1879
137
1589
2670
689
2957
43
2532
2637
595
1152
2442
1525
1022
929
2482
318
21
677
726
2874
1469
968
156
1622
1636
2056
1973
850
1617
2896
115
2384
2522
1655
2584
59
1877
1780
1931
142
1256
1072
174
45
11
1600
99
2396
131
1998
2757
723
74
2771
1202
1450
2818
915
1534
2279
49
2797
211
2265
2909
2805
716
2903
1376
39
433
98
1159
1858
2373
1684
1581
1415
1891
620
2797
1749
2543
728
92
2275
129
77
2125
1489
1619
1997
1262
995
1628
1925
1535
2466
1830
2010
771
2465
2961
272
1887
1089
2498
2135
903
625
478
682
1664
2542
57
533
2136
1275
2643
2810
2553
125
1858
1912
1629
150
2899
1665
1188
1980
905
1759
1960
565
1272
242
2346
2224
2763
2160
1357
1235
1001
1449
1295
853
1670
2702
2312
2200
670
2078
2612
861
2269
2325
1370
2827
106
281
2799
2437
74
2145
2125
1743
528
2285
308
2021
1834
2084
1227
2304
375
1518
679
742
252
2423
994
1069
30
133
1687
2835
1785
1094
818
2789
2903
2200
2501
2986
2557
2574
92
2652
303
1236
2530
2154
1924
1256
469
1924
2892
805
1940
2949
2213
189
2408
758
1213
2298
2248
1053
2658
513
255
345
2982
1923
2505
704
2646
522
2779
2703
2881
1812
727
1821
157
2327
2302
212
2300
2986
489
2357
238
963
2920
2744
857
1234
1291
2621
116
1257
1367
1154
681
630
1391
2097
152
431
1708
1084
704
2337
952
1472
1080
1973
2748
1563
228
1328
2850
172
1795
1085
2244
1670
845
928
2451
392
146
874
2908
84
1166
2036
2277
1066
1737
1610
2381
936
482
2391
1009
416
235
2486
58
630
1327
1019
684
644
496
847
186
933
1406
114
2533
26
1698
336
1172
68
1864
1251
1980
1495
107
2176
1481
902
2602
2809
2381
257
328
990
1260
2504
2057
185
1259
2755
1833
2325
1477
1440
951
2002
2588
1807
654
2791
897
117
291
2804
1779
1891
2042
1940
2451
1971
2036
659
1440
439
2876
402
598
2438
2767
1396
1586
611
1113
419
1024
1851
1612
1796
469
1291
2171
2900
1161
1396
2140
462
564
1884
52
2642
1337
1338
669
1811
2279
2446
2634
2788
268
2602
2836
1280
1005
2097
2717
1150
1265
587
2649
693
1228
1890
436
1722
1414
988
694
1555
771
245
795
2886
2342
136
2648
1827
710
1698
552
1530
1627
1091
2876
2163
1729
481
721
865
387
2795
74
1729
1747
1103
494
725
502
2481
1861
2671
2181
825
1733
1364
821
1904
2273
327
2944
1694
1864
2455
1821
2066
1643
911
2482
1327
2264
2407
842
1368
796
1228
2057
1928
2198
2809
2236
488
1830
2647
2485
2966
1764
785
1476
2686
964
989
1146
672
415
1087
599
989
358
520
563
423
808
494
1785
509
1866
2153
1632
560
1870
1986
1779
2092
2748
1503
912
1222
164
1031
1142
1687
190
2639
2903
1746
361
1039
2301
512
2440
2444
2193
2901
427
346
158
1534
1361
1357
1196
2442
1986
2300
2057
2826
83
2259
1730
1326
1275
2548
1671
2678
1754
2121
628
2274
802
1921
2619
1278
541
301
2631
1133
2886
2525
1284
1744
307
675
2234
683
2736
1772
1969
2925
2375
2230
862
835
947
379
1355
1023
2229
777
876
1234
149
530
542
2747
2754
207
2986
2466
916
1796
1927
1414
598
1976
1758
2040
538
2748
1222
2466
2709
1501
624
2583
2577
600
2310
2919
41
2225
2596
2759
2775
2831
1064
2740
761
2967
1389
738
811
2836
1051
917
2598
2760
2955
1859
2333
1394
86
2724
2352
2988
1221
2183
1305
55
2235
2026
2524
1413
1943
461
1284
2283
1790
1892
816
1937
29
1863
2333
1440
1740
2256
493
247
2926
1481
1645
953
588
175
2172
918
1473
2511
2743
1020
2488
131
449
787
730
1664
1640
2674
301
2423
2307
457
862
1319
183
2516
582
1436
473
2184
1594
526
2358
77
2100
312
1574
2552
1191
2586
2630
2748
1936
910
2341
2901
1385
1380
2934
224
2351
2986
2612
1546
219
700
2429
1460
341
2188
1517
1328
579
2357
1619
170
1722
2746
152
2134
1844
2670
2260
1306
2719
607
1162
863
599
597
2180
506
193
1065
2681
577
2632
2819
251
908
725
2884
957
402
319
2548
1753
2797
2994
1889
336
619
2867
358
1235
1577
1794
163
1134
2926
1080
958
852
802
784
2398
2006
2098
1090
2824
2652
1984
1162
1273
246
2323
719
1630
1948
1400
296
2514
2522
228
857
933
1999
687
2139
2966
37
1254
2753
2997
2587
398
1350
2479
2077
1504
324
2503
2021
221
1784
1174
547
2367
2898
326
1304
2793
152
2889
1712
1700
2577
2849
2830
344
2343
1403
1825
83
2710
1221
1332
1025
1961
496
2964
1992
883
484
2178
622
2827
2407
1536
489
153
2834
2472
2011
1462
2848
1360
2856
1680
1164
1338
662
1794
1278
1144
1816
202
2345
2821
1870
43
868
54
61
475
1043
47
1751
1719
2201
786
1830
2139
284
1434
530
2062
2741
1189
748
649
523
400
1742
1360
1843
797
2402
2089
2790
1920
1172
2498
1527
2343
468
743
567
1391
2668
2161
1199
427
1706
98
2146
2216
1146
2308
2604
2220
748
2457
570
2004
1893
1677
2583
1117
1461
1384
1857
2474
1180
2632
1030
244
449
1132
2686
64
425
1667
1174
625
2040
58
1918
1679
1031
2708
2264
1112
2059
684
2533
2450
1494
110
558
1642
2636
195
1516
2023
1715
2227
1228
2048
2320
309
995
2444
874
1866
281
1032
2213
2392
1357
1202
990
1226
2029
317
758
220
264
725
1565
133
2315
1698
2940
2413
1460
1194
2926
366
550
855
2236
903
689
192
2388
1314
853
178
701
2735
51
2719
2482
506
248
311
1720
624
1967
1515
2678
2447
1658
577
728
1915
2133
553
856
2860
471
101
2569
277
373
1799
2425
1008
69
2317
2907
1220
116
592
182
489
100
2155
430
2642
382
2086
1757
2528
224
321
2725
2984
371
1134
2461
2331
1723
2903
1669
1380
2547
1863
2423
358
589
845
1308
2011
2708
2322
2920
225
2670
963
860
2966
1897
1531
1038
597
1672
1768
2919
2713
953
1421
1321
1990
1695
2464
2658
279
2976
2970
585
921
2658
2876
1844
1559
1486
81
2668
975
601
1358
1637
1234
2523
1813
270
1264
2982
185
913
1033
1893
844
1024
2321
1326
1780
493
2067
2550
1789
827
1998
447
2000
2342
869
2304
2144
668
1039
2513
2637
2399
1063
1098
114
200
2135
1367
2224
2041
797
226
1302
1374
2168
2789
1576
945
915
162
1292
1145
1167
1001
828
767
1368
2605
2269
693
1742
2579
2766
1907
403
2048
164
2879
140
1990
1010
1336
1769
2763
1790
680
1014
423
2719
1435
1924
2591
2010
1136
810
123
2540
1203
2196
232
2258
308
2686
2042
844
1528
