3529
3425
3098
1400
2364
442
1443
1287
3263
1111
2608
1826
2112
3184
2951
2336
3683
1693
1655
1011
3054
3257
3854
2978
2673
1705
3608
2804
3056
1174
53
40
2574
21
3861
450
3511
3272
3378
2624
2795
798
1706
714
770
181
1784
1928
1792
768
2446
3021
2615
2499
2705
3729
2867
2939
2321
2397
1286
3419
2564
704
3729
1649
1950
1150
1611
519
1486
1383
2705
3621
2072
1190
3946
1139
3786
464
1398
2940
1630
3900
1523
1679
2667
498
3659
767
1160
2364
3069
330
1343
1337
1446
1047
2569
1488
1196
2104
3371
1730
3367
2799
2029
3640
1484
909
2035
795
1111
3990
3962
611
501
928
1264
3207
1484
2521
3536
1683
1959
872
2649
184
3265
1996
3115
3549
1645
1282
957
179
1824
3938
765
3494
412
2344
2085
2479
2233
112
3126
1286
3154
2010
1908
2421
3594
1198
350
1192
2169
3161
2248
2593
1783
2645
727
1320
1091
1446
3512
3935
1552
3521
93
1747
2381
1287
2293
3726
15
655
1959
330
830
3458
3467
2464
57
2432
3525
446
2630
864
2911
1239
378
2388
929
213
705
2347
3408
2729
1387
2288
1280
899
3732
431
23
1373
2541
2008
3264
2641
3628
3548
1608
2379
173
916
3897
3130
3395
545
3089
2944
288
3183
3902
3784
988
1042
1848
2359
837
978
443
955
2820
1251
2527
576
104
2253
3638
3105
3473
1163
2785
1372
2202
3151
559
510
2820
2594
211
1886
2620
2632
1729
2406
1864
1666
3334
3595
3379
1549
769
477
562
2792
3713
1242
1362
2164
3772
2494
3457
3444
808
309
2805
1523
1370
3088
156
2852
442
2934
418
581
2911
2898
57
2877
1740
1034
264
388
1190
1360
1298
2306
1105
1009
3777
3183
582
1930
2767
3322
1715
3355
1201
3653
2703
756
3616
2541
3064
3851
2022
3240
2571
2352
2050
1415
1727
2616
1719
3131
479
885
279
3444
2114
2599
231
580
2761
587
240
3841
1460
3313
3746
2954
3649
2572
2212
417
3330
1027
3420
2231
282
3620
791
165
3636
3544
662
2422
3423
1138
310
2306
266
3617
154
2997
2040
772
215
2959
2368
989
1116
1636
740
2334
2236
1923
3340
3840
2361
3988
511
51
3630
1499
3133
304
1209
441
3387
3722
3235
1041
1435
1538
3085
2120
1992
2362
3706
645
651
3073
2963
569
1261
1293
219
344
3978
327
1935
2309
3054
480
2937
428
111
1762
2994
3912
582
3937
2001
1413
2987
432
1429
2496
2892
2863
938
10
681
994
1531
651
719
2910
3957
835
3472
60
2740
1740
2556
2768
2669
3612
1502
2739
3478
1991
1204
3676
1685
3105
3980
3117
484
3712
3768
937
734
3072
1390
3588
1097
448
671
3219
3296
1513
530
1859
859
1167
3068
3461
3613
3600
413
3718
2874
2874
2042
957
3203
1993
2867
3518
16
3790
3105
3084
3496
3147
1070
1195
2960
154
2000
1938
2510
1422
1987
1311
1848
1297
1826
2725
1630
332
3298
3841
113
1637
299
2762
462
3619
2964
2695
1803
2221
378
954
1629
2704
2301
3354
3556
1599
2551
2366
1395
501
1977
405
1823
2582
995
563
1764
2227
384
518
1327
3500
668
3815
1963
2864
2819
1419
1323
1280
1176
1721
1681
3122
1166
150
345
3634
2214
2140
1477
898
774
3337
3493
3745
2162
1012
3810
3242
1066
794
3016
915
64
2295
782
2486
3188
1488
3875
1229
1518
2252
2615
1814
1879
3043
2243
726
724
2671
342
1114
704
3135
1180
3800
3748
107
3757
2804
822
2625
1136
1247
1516
445
2410
2905
2427
2168
2375
3191
464
3736
2052
3008
1706
293
2294
721
2194
955
2266
896
3961
2683
1498
318
2924
3100
921
2902
2006
2495
1819
3698
3123
3296
1684
2844
2380
2088
1356
2978
3795
3775
1931
3891
3772
3391
1126
614
1079
1604
1670
1433
2534
96
1362
1079
3391
3819
2009
2739
2175
2359
126
2705
1801
1441
1696
2180
922
3908
516
370
106
2343
3553
3123
2978
1271
2760
440
1812
1135
2638
3017
1243
1683
3768
1735
1424
3389
3586
3856
2182
686
1964
2112
2467
3238
1665
1045
1339
1839
2949
1675
2090
19
154
1189
2862
463
1199
1773
1983
2815
198
2227
2508
2424
2688
1906
3315
2612
2408
3280
3197
3304
1688
1220
1652
594
2444
81
961
1134
1505
3057
2470
1512
2281
3693
2997
1611
3151
552
2027
1432
2145
2236
237
2739
191
1532
2845
439
510
3608
2457
3049
2041
3967
1136
41
1460
3903
162
2533
1486
3016
883
2281
2116
2382
1899
1361
3516
3597
1965
1087
2388
519
1810
3015
2439
3657
737
199
1465
3244
46
1332
2592
1526
3788
592
1519
1569
720
3384
3583
1396
708
2202
3164
1709
3428
3651
1482
2624
2200
3958
2835
2745
334
2425
46
2173
1556
2986
2444
974
1935
1455
642
1550
2587
1578
3631
2395
2560
1259
1033
1913
3437
2463
1512
2285
2579
3911
1390
2885
3361
2339
1393
3125
2551
3149
359
3996
1289
3395
2509
1765
3122
3484
3220
2601
1042
3387
648
1490
902
353
3966
1787
867
2205
1370
2355
3822
1023
3258
608
1018
3050
1923
832
3583
1703
3622
554
148
1110
3534
179
3370
1824
232
173
3492
904
2575
2730
502
2975
1844
3838
249
855
1479
3682
3304
1711
2436
469
2874
2061
1596
989
636
2155
2495
651
3690
2504
771
3260
3050
3166
372
2716
3974
179
3256
1350
3364
169
2621
2630
1027
3153
2402
1695
3828
3997
1855
2920
339
3154
913
81
3424
1148
2854
995
1278
1723
3809
3270
1480
668
171
2204
3339
2883
3703
330
1060
835
591
1783
54
112
2432
1581
71
2475
1407
2269
2937
1245
2774
3359
3072
2335
2416
2102
1925
502
700
1298
3926
1564
865
2223
1863
1849
1375
2747
3241
1873
477
1685
1349
2774
981
273
2550
1502
3928
952
3232
2576
1151
300
2929
1336
2415
3273
178
506
2600
2854
1833
3011
1354
1083
1647
1242
1157
2973
2281
1878
443
2021
2565
3561
2228
2158
1715
3610
62
3389
445
2289
3871
1595
1253
3275
1337
126
2329
3245
1464
1382
533
309
1915
675
854
171
3004
3731
1398
567
1950
3049
1161
3949
722
681
3635
995
3270
1680
2596
2723
2763
1137
2769
2843
2529
3322
79
626
961
3285
1934
1813
2470
2122
2449
80
569
2
1862
3640
3928
646
2246
2308
419
486
1322
3548
419
2997
3111
2762
1686
2354
3144
3885
3867
897
1000
2477
2198
3352
1768
712
3265
3190
1363
3371
2032
301
2731
2780
511
448
1647
564
1082
2280
2348
298
2632
1649
189
139
2037
2721
2336
2213
1883
1912
86
2850
909
2866
2391
1363
3871
3754
624
3330
2613
2585
730
3209
2726
3164
1112
64
3532
3059
1997
3281
203
3654
1559
425
1660
738
1100
3239
2902
2177
943
3510
1687
1640
1327
2967
2932
3753
3101
2808
1531
1289
3143
1441
2337
3580
1814
3213
1325
940
2944
2357
3871
3993
3307
1224
1247
2970
1183
2487
1918
1058
2887
684
619
1917
772
3931
2132
1209
1965
561
2166
2402
358
2121
356
1094
1148
2078
1616
3351
1403
1626
2873
2958
2797
1516
1553
3661
1519
3384
3785
1181
721
3465
1083
2902
2249
3202
2324
2589
1717
466
1852
1799
1675
357
3459
3932
191
1815
3882
1591
3921
2787
3595
714
943
3386
1734
2654
1262
175
1674
3927
801
2767
892
3158
948
1935
2566
3833
2632
1565
159
3837
3466
3832
2611
3844
2930
2140
2287
401
53
3637
651
2703
2952
1013
404
2002
1778
1056
2901
1237
3180
1124
3297
2690
3191
2151
3104
3857
1530
409
1044
1448
599
3368
3238
0
2729
1841
498
3784
2044
916
3724
3522
745
1697
2381
3116
3949
1135
2142
1785
2149
3724
2175
542
775
2062
309
1641
3040
2567
206
3083
454
1143
2546
790
2105
1691
1096
1953
2971
292
961
3752
1864
35
870
1904
2420
1376
3897
2889
2752
3241
1770
1613
89
743
25
37
3757
1741
1826
3978
426
1354
3338
936
2325
2525
1412
1823
3652
3752
1313
1123
2297
1054
1810
3620
699
3958
3643
2312
3346
1441
501
2867
2559
1720
1248
809
1846
46
516
2154
2041
548
3554
2268
2898
1244
2460
2279
3916
3078
3645
1017
942
3222
3174
3817
22
1270
694
2969
2830
1271
3925
1237
3310
3651
3134
3449
1422
590
1831
3791
1829
3211
2670
1940
1251
2683
34
2396
1095
3904
3754
108
3550
3823
2326
198
953
1316
0
3778
3689
3855
1630
87
1370
1229
1640
57
1897
178
2464
3932
1059
1377
2882
182
2172
126
2794
323
3113
2554
2973
2754
282
3022
1621
1501
2743
3107
2700
1638
534
910
708
3612
3735
2585
3376
2925
3644
2652
1347
2325
2824
1035
2547
325
3442
1321
1705
2879
1158
2426
1256
2654
3576
2774
1944
1522
966
2585
3150
488
2218
887
1626
745
3224
2093
2508
665
1914
1074
675
2239
1382
429
2068
2821
3352
320
1971
1109
1649
418
577
771
3052
2891
2259
1002
1017
3944
2234
2574
152
3246
2676
3457
1139
3435
3215
3745
2840
3832
1493
3358
2866
2923
153
2489
2755
232
1980
552
736
2103
1627
3831
937
1842
1209
872
835
309
1381
539
436
2808
1768
1160
3579
2776
493
3273
1449
3345
13
2709
1888
232
1334
2343
2310
36
983
1117
2789
2237
2698
252
2083
461
3327
433
441
1572
1217
1139
2899
1527
552
1508
803
440
2874
2485
129
3776
734
617
803
3273
223
1810
2485
1017
1433
3672
1078
1880
579
888
847
994
1049
1833
208
56
3524
3674
296
3057
1192
3638
1088
2095
75
1482
2389
972
893
445
49
210
1608
3070
3461
3721
3221
1052
2789
3340
344
3086
1024
2805
2042
3475
3482
3703
2529
3443
776
3082
2302
1477
903
3392
3378
74
2009
3286
2526
3606
2205
3175
933
3791
2505
3610
1408
2509
583
1372
3039
2146
426
712
3415
1843
1484
2947
2668
868
1093
1028
444
530
3818
816
1189
122
3263
292
2100
2711
1594
1355
395
1737
534
2160
1262
2448
2736
3373
2251
3863
1922
1537
867
2030
186
3841
761
336
3798
613
1750
2628
3870
2339
2615
1278
3933
3673
3764
1989
2782
2179
3405
368
1439
429
1843
2601
3572
3715
2576
2227
987
2788
2964
1960
1944
2388
1117
3419
2573
112
3234
1917
2231
2877
1628
3035
2695
697
3569
2660
1915
627
1503
3016
2137
663
1378
27
839
2721
1218
2681
2442
851
2235
1444
1466
1826
3754
1353
734
1354
1137
1505
1385
961
1256
2771
1520
2697
2849
2294
1894
3103
2229
2645
439
1425
2351
2667
3613
1197
181
3597
3810
276
1167
1991
179
2189
3094
3998
1053
3254
1818
2197
2632
3509
591
460
1996
140
3733
1954
2387
2859
3555
2299
1997
3935
3440
1660
3498
2185
3005
371
568
3498
1122
3444
3993
1402
2580
1118
863
1368
1071
3389
1671
3803
294
552
656
2694
2660
1418
150
794
2686
2078
2832
998
1879
979
1762
2394
335
3023
607
3769
1577
3728
3454
1005
2712
3917
2712
2228
933
1596
3868
631
1151
396
2095
2012
128
2322
419
2513
3544
3042
3763
3849
3257
307
3064
2980
1438
773
3403
3942
1112
126
248
3177
2902
3823
3835
46
688
2550
2073
3823
1488
3837
1118
3504
446
2207
3086
2644
1095
1867
3722
1580
2793
2753
418
2218
1150
3769
3121
1876
706
3203
793
628
3906
9
476
2667
291
2224
1652
806
332
1118
3600
1417
1266
1301
1003
2471
1406
3613
3306
372
412
3104
2386
2834
1475
3439
1700
167
444
3074
886
2960
3728
861
2543
2830
243
2126
2303
2399
2023
2194
1561
1256
623
439
3534
3534
2321
3484
166
484
3174
2453
1981
638
961
2347
3769
963
1817
1504
3684
2018
2933
1008
2186
3516
1747
115
3439
3743
1046
3295
3310
3634
3658
1962
1066
3724
3156
2221
1107
928
3610
2179
2392
1811
3084
81
483
3469
142
3873
1077
653
2948
3718
574
471
3449
1252
2361
3049
1131
1127
962
524
3190
2929
3829
1222
3131
2482
484
1196
3437
3247
2645
436
3001
1829
2006
3816
3279
1447
3230
2711
1073
1668
257
3173
1974
3812
3279
3139
1404
2800
3049
218
3272
3185
1665
3520
2939
2640
3438
3853
2451
1213
1865
3047
602
1452
3399
3865
2352
3993
3282
3362
16
3788
902
746
1185
1815
1254
1967
2331
1277
1432
3646
2708
333
2116
1118
1638
491
484
1701
1983
2192
520
462
3813
1480
1257
3906
2532
1625
1031
3027
1301
2019
3426
1832
396
2467
2161
1362
478
3953
3299
3518
3085
3914
2512
3587
1394
3912
1754
763
2598
780
2501
878
3373
670
816
873
2527
3947
1072
1166
852
494
1160
3077
2956
9
3686
272
3416
3122
893
701
1832
2379
1914
1492
3186
1673
3429
2416
1404
3510
1846
2379
454
3538
2993
2577
2967
2901
1568
247
930
143
940
2148
2036
368
3992
109
3677
1443
3610
3423
3193
789
1878
565
3418
3188
2168
1706
3732
2386
1102
2216
933
1225
352
3807
2654
3480
1837
3345
466
1867
3107
1130
538
3610
2010
364
2274
1416
654
3593
468
1547
1304
3018
799
3371
2792
2572
2659
1955
2464
1866
380
3621
3600
2677
3369
2874
3849
2753
344
775
1312
697
1391
3915
2818
563
1497
805
2766
2301
2412
1746
3764
1591
3411
1012
2312
890
3485
2926
3970
150
1825
1067
3605
1561
3019
3007
2666
683
1320
2501
3832
663
554
1704
3682
2244
1752
61
3918
3618
3829
2125
669
2975
2764
497
2156
2329
53
1910
3974
3310
1414
2144
867
1679
2969
3018
3970
1331
758
843
1150
2119
3933
2100
1680
228
2610
1110
2913
2265
805
417
2217
903
3324
2344
2985
716
2272
2656
2113
3734
257
902
2287
2137
3143
2688
3942
220
1430
59
2343
1486
1597
500
798
502
2843
3667
1179
72
1774
2770
2411
3795
1145
1307
978
2039
2289
1871
200
1524
1925
2787
1037
1245
712
3204
586
427
1949
3547
1382
1103
2621
3532
609
3615
2439
2680
944
1234
2053
2499
2326
3015
214
2960
2492
734
2462
776
173
586
3559
1049
3248
1310
2673
2875
3394
3621
3261
1294
3887
3246
2034
2527
2669
1764
2186
3305
661
827
2333
1624
3807
2150
840
3017
3482
1126
1273
1838
3173
509
1561
1742
1580
1953
2838
3720
1058
1035
3372
3479
855
463
1584
1329
598
198
1593
3594
3166
3784
3211
3382
475
789
3873
3948
2464
1042
3862
870
3555
2385
1136
3908
3478
3976
362
176
3869
2564
2941
28
2129
1911
1898
3560
2128
1740
2374
1183
2142
3931
515
2113
2556
1080
3319
1404
835
582
2282
563
253
3465
1953
1761
897
1145
3266
1270
2985
2130
1476
3360
497
137
3637
2917
238
2681
3687
525
2505
2682
3608
3996
1399
3731
3612
989
374
3175
3881
1018
2374
939
3167
1351
3905
1943
1618
3615
505
1531
2741
167
588
3273
1221
3054
1446
16
1519
2934
852
2249
2367
588
864
2794
1158
1426
814
3320
359
3358
3570
313
3870
1820
683
3239
1357
815
2176
2913
293
1556
1686
1435
3309
615
3755
1366
2770
3775
1586
1451
3372
3316
3915
2240
3016
1377
1534
3677
3191
1764
3220
1976
1490
1251
2226
748
3304
2633
1971
2312
1766
685
993
3364
3746
3603
1296
1167
900
108
887
643
658
537
460
26
310
877
3322
2138
3246
2928
1089
2828
559
2047
2155
938
2231
2801
2823
534
1518
181
227
1031
2776
3383
3818
254
3322
3585
1880
2296
2502
3678
2262
3484
3141
2074
1079
3060
1247
1349
2222
1976
10
214
873
1733
2637
364
2638
3085
1200
1520
2544
3784
2498
1782
1198
3017
2950
642
232
2091
59
3464
3455
2314
3399
2124
1416
2606
1599
2407
3885
449
2966
3563
1889
418
1535
3422
829
2514
3392
2786
3259
2572
3061
2645
814
2994
94
756
956
2978
3335
762
954
3015
1202
1255
2498
3660
1890
1148
1587
3083
2118
1122
3077
1284
3937
2410
2120
3689
1874
3791
1144
886
3205
1431
767
1694
3669
1881
1639
1280
3004
921
2938
2937
2872
3471
3000
1554
3516
261
2548
3834
3248
2175
1516
1423
646
724
163
886
3899
635
2108
842
2853
3265
1365
2449
991
2070
990
3273
270
3080
1236
1282
3951
2536
1791
3717
3040
840
2596
2578
327
741
903
2376
3459
2050
1730
2172
749
3754
730
3981
1098
439
228
3950
2192
1808
1236
3714
3634
2860
1661
198
3178
3190
3082
3080
1507
2793
1463
2134
2880
3450
2445
2865
3371
1749
472
193
414
576
1255
609
1416
3196
1536
3418
28
3337
3005
2478
2524
489
1767
3659
2782
701
2061
0
2712
267
2913
3147
3757
2497
2191
1040
3732
2835
2203
2951
3841
961
86
3052
3218
1140
3484
3098
3736
2599
3822
2321
1952
898
3751
659
1981
3649
2237
2511
852
1331
2453
2485
932
2590
1027
2153
2863
704
797
402
138
2545
1371
1554
1341
1220
3182
3087
503
1100
154
880
2033
2203
1361
2436
2685
2694
2669
2171
299
772
3753
184
2999
3797
1468
94
339
927
3860
3880
2285
276
3051
85
1628
2576
1161
1504
1932
3326
1301
493
2884
377
3577
2944
2864
1872
2449
2344
752
1507
527
408
2108
266
1455
2965
1554
277
2066
3787
2270
2446
217
347
1989
2075
2624
623
3661
799
1428
3439
620
2080
3730
1835
1772
931
1886
3480
56
2643
1725
344
3782
1089
3311
18
1953
1158
620
480
145
3267
346
2247
2601
361
552
354
2190
3445
971
2167
2495
275
690
3979
132
195
1639
1681
1207
1561
1349
3357
393
670
401
3351
3187
2452
1686
3307
859
1943
1153
350
2303
831
470
2043
2049
2306
3468
1546
1134
1751
1708
2306
3468
3412
929
2006
2560
1113
1468
1963
954
2309
488
3562
2238
2950
1636
240
2895
3695
66
1154
2009
2881
1436
3262
2427
3916
1902
333
1104
2031
1811
3797
3577
1243
3679
3531
2344
1557
214
2118
3019
2939
3496
2382
3283
478
1514
3314
2209
1165
2098
3865
1484
82
1167
337
3409
2614
450
1476
439
895
1917
776
2205
1562
3382
1525
1315
1140
1671
2737
2322
354
2438
1863
3593
1504
3132
1367
3749
1782
3685
2470
3628
3927
3843
1974
3446
163
3166
2353
3448
1869
3836
1247
2158
2870
1913
1591
68
2104
995
3825
290
3967
2037
2074
50
1265
3918
3169
847
1967
3277
718
2924
851
2060
2866
1501
2137
2070
2554
2374
442
1061
2173
383
2164
2108
2581
1088
2181
1886
3370
1167
2166
3946
3114
2755
245
3156
213
1971
1178
960
3348
1057
1067
2749
393
2780
2779
3452
2882
3382
621
2220
2855
2596
854
3476
1011
267
3744
3884
3072
1613
2955
3640
3515
911
239
1569
2006
3462
2812
3410
1980
2814
1250
3244
2015
1127
3341
902
2253
220
1960
2533
1857
945
3266
1556
118
696
2797
2016
3671
2256
3331
3795
849
1547
771
299
202
3035
3642
1526
554
1848
2109
2380
2103
1360
3250
648
1120
3275
1167
292
2127
3930
2714
2993
897
284
911
3568
2514
1965
3808
1584
17
1003
3447
388
1939
3750
3158
3520
2723
2147
1568
1616
2999
173
1104
3861
3133
537
199
1469
501
1812
3811
734
2488
107
3595
3662
1078
3830
1927
2914
1854
3714
2892
3681
1078
507
2998
2565
2090
658
941
2957
2337
2480
842
3042
1099
3127
2675
516
3286
881
930
943
3008
2008
2436
3152
3559
1281
1501
126
2716
2470
2696
3511
2294
2414
2620
1304
867
1146
2859
3256
3993
815
580
3489
3051
3804
88
3180
1751
3335
3610
3449
2908
2808
607
3080
1993
737
4
855
624
200
47
3384
2713
3923
238
2573
83
3087
284
2243
3205
637
2850
3081
1219
1786
570
1035
284
3177
238
2607
784
1407
2623
1451
2335
1802
1954
3073
2845
191
2788
3353
993
543
1775
2873
3516
2853
2340
483
583
3630
2088
1483
1334
1029
1916
3092
3401
3851
1732
998
2880
32
521
3757
14
2352
665
465
2983
2397
3404
2606
3123
260
2242
3919
933
2415
2536
812
548
1271
2362
2397
360
947
1058
3002
481
609
1374
721
817
496
1344
1090
2554
104
1871
1978
3858
3254
714
107
2259
3896
1741
1540
2575
321
620
882
2656
2378
1980
1811
3166
1270
1201
2290
1705
2015
770
3044
2182
2594
3881
1790
3207
836
1254
3601
483
3008
2979
35
1509
3630
1170
427
1791
1969
3763
9
2047
1885
1522
2336
3482
1250
461
3408
421
2778
1491
1300
643
459
583
3029
121
2042
3844
1481
2589
45
2587
3276
172
2938
2679
2329
2202
3441
3266
1125
3973
642
3584
3224
3586
2413
1593
1992
2841
1125
1652
724
1517
703
3679
1339
1107
2173
1676
2806
548
2769
3797
3480
685
816
2655
1409
772
3222
476
3161
2133
3855
1578
3855
378
1993
1562
2126
41
3156
75
601
3559
978
2005
3075
2650
2721
1665
1677
2493
706
2901
701
908
709
2382
2103
127
2547
454
2171
2644
3383
1781
3035
293
170
1971
918
3640
1627
2075
2646
1973
567
139
1475
1810
1306
3753
610
586
786
2720
301
2061
3019
1608
16
3601
1149
2627
1949
390
3727
1027
1645
3686
102
1929
1972
619
878
1896
1695
475
1635
1672
589
2367
1724
903
3047
625
53
2585
2270
3764
3736
1648
1439
701
2472
3064
1269
2766
3049
3417
155
1220
335
2111
3932
1926
1729
3254
3337
94
2025
3246
2518
2916
60
1022
82
1366
3424
3013
2274
836
991
1996
2265
7
743
3272
149
1586
603
667
3736
1120
729
1274
1921
813
1928
1097
3144
2209
1310
2498
2227
1447
1036
3092
183
3419
3399
3144
2062
2274
1972
2111
2929
852
2927
1208
1682
2132
3063
3117
2457
224
3354
1725
1945
3427
920
3717
1198
3624
2038
2183
2006
3978
3042
620
1257
710
1182
2533
3254
2802
1419
2477
3451
2311
2899
2091
1824
2137
3859
1684
3441
711
1699
301
2294
78
1348
1613
3633
3512
2469
2081
3060
978
209
138
2300
2779
2104
3233
942
1303
2937
26
2988
612
3785
1798
1459
389
1058
1522
3637
25
2059
3597
270
1584
3104
231
3237
3700
1438
3797
3201
1378
3981
1842
1509
1884
3754
2463
457
2423
3536
1642
2647
1167
3107
876
1247
2779
2360
1933
3255
1563
2276
2
499
1230
3648
2742
3997
2944
1782
2983
2257
2240
1866
3623
1495
143
520
2980
2173
1748
1830
1921
1520
1837
341
3842
2040
3872
1130
3975
2286
3472
3011
1392
3514
3691
408
2239
1901
3360
3648
3514
2295
2254
29
2319
2502
3223
1669
2035
2653
755
622
1123
3756
1633
1749
2284
2674
1208
3050
1029
3211
2460
380
570
2743
1101
2141
2436
970
25
1777
3091
3913
1489
1880
1741
2375
1592
1014
624
540
3800
796
1268
1663
3375
2548
653
2848
3943
1710
1420
3397
3012
3106
1668
1054
1366
33
3786
2471
2030
2557
2325
282
492
753
645
3342
695
942
385
912
2759
