4243
6469
1125
1544
1913
4142
929
7064
1558
4794
5851
2923
1706
6880
7760
5705
4944
7371
7819
890
6765
2144
7336
6822
7490
4399
3828
6091
1057
53
7664
5977
5181
6923
3317
2925
7514
2992
2865
1960
1891
3246
5135
7148
1434
2859
7605
5170
7786
7758
999
6795
4056
1483
1800
2225
7064
3405
4929
5641
5180
3967
3578
440
3335
5623
5638
2847
5088
2368
4187
2548
4834
4867
4734
5502
3536
7889
7101
3821
7398
2448
5462
3155
2634
4159
502
4675
2658
7335
6363
5317
6655
5344
2778
307
3638
4413
6717
1971
7503
4565
5636
1680
1687
2479
7244
6839
2448
3593
589
7500
4297
5893
638
231
1736
6513
6291
7087
3427
2545
1254
6672
622
139
2676
7004
2958
1807
3454
700
5612
7777
5199
977
3206
5028
414
3563
6431
3973
2569
6756
7639
5985
7041
1818
5013
148
6789
4872
2336
3359
7111
3265
3533
4533
1643
776
2707
290
3373
910
2618
7129
865
904
2546
5848
6870
877
5248
2042
4436
2761
7955
7449
3269
6977
693
5789
4464
7908
605
1830
3040
4777
1633
2258
2979
2059
1160
2027
1006
7678
7358
5936
2782
5324
4320
1790
985
721
1399
2075
6547
6735
514
1632
173
1263
7788
1472
1975
6805
1181
6585
6422
5214
1325
2005
7361
5049
2610
477
4965
3871
4666
6683
6889
5360
4884
1419
4108
2796
2825
5918
745
6218
3369
5098
7452
4088
6783
3697
2367
496
7654
6347
6990
4275
4277
3315
4777
2790
1173
3244
7863
6981
3956
1998
6182
200
850
5489
4113
273
2937
7860
3515
142
6025
491
6136
5233
497
803
7467
7177
5114
5010
1066
2685
7229
1376
7998
1381
7669
2124
6214
581
5231
2045
5818
7591
478
4838
7565
724
6475
7572
4524
2159
105
5975
2532
6189
710
10
5600
6452
6238
6209
7567
5519
4426
5007
7780
6540
2326
1329
1079
1907
4848
859
5257
1379
4475
5148
421
3018
2563
7600
4513
4416
6028
6946
1604
3713
2627
5980
1985
1541
2966
6029
1698
6078
159
7669
768
4334
5499
2320
2798
5474
1529
6044
3766
2254
6254
2185
4283
6022
1254
7869
5630
7831
7093
6081
7228
6336
2027
1035
4915
1040
3621
2984
5573
1757
5120
134
1718
1566
105
5403
7056
3878
5072
6582
7334
6269
6075
4256
2741
6109
1143
2862
2982
3270
1961
5414
5871
3070
4610
7372
5914
41
465
5192
2782
7872
2738
3701
6313
5745
3940
1352
1855
7700
1657
4827
4220
5381
5350
7381
3957
4578
4474
3448
6653
6178
2860
1479
6211
3792
396
5650
7321
2211
5980
6688
5519
1020
1912
2615
5118
7996
6192
6026
6305
6335
4790
4736
6045
6456
243
157
865
5289
372
2575
5160
2112
1025
343
7707
1225
3598
5202
212
6420
5707
1891
4478
7204
2326
1727
7064
3089
3600
7829
1368
2299
7565
2520
3628
4203
1317
2858
3739
6215
7335
4775
3018
306
5870
2762
6875
3774
2251
512
2096
6543
3809
3207
2382
333
1808
67
2780
645
7753
7005
2186
1053
1601
6936
5070
4914
2945
5298
2377
4624
2329
6835
6344
1677
4085
4309
4519
322
7687
4495
4241
7591
2724
5952
2146
3594
4843
4597
7341
1452
2144
4823
7897
2040
7191
6708
1062
5537
5003
5736
7822
4758
3598
5223
6214
37
475
1834
4195
4457
6343
4276
6426
5489
6358
768
7392
6959
3498
1289
1328
2266
598
3061
7147
801
3537
415
7257
3211
6918
5504
4877
4208
4552
441
7463
5389
2723
6911
4915
904
7758
5411
4143
7169
316
6781
5355
1937
1617
4276
2248
1122
1714
1517
34
875
1845
3982
6922
7430
2936
3374
5228
1135
1741
5659
4304
6555
2131
7495
4156
435
2336
2383
6646
7851
7322
6121
5670
6084
6245
426
5210
5722
1590
7218
6692
4778
3910
1333
2782
5604
803
5286
6990
425
6945
1345
1508
2466
7213
4213
3808
6524
4929
6125
2256
4867
2611
7546
4855
3354
1385
2591
1482
6805
7399
3768
6419
3251
6985
7239
1017
6075
2380
3484
6167
5041
2758
4641
2632
5493
2230
2048
4548
4601
310
4401
3235
797
3341
5539
5953
3049
4513
6278
6075
2470
6793
5235
6741
857
7425
7225
7037
1117
4599
2053
1706
4188
6786
5549
287
42
7858
1817
2444
4094
4226
4750
5203
205
1258
6744
3176
7173
3665
4756
273
3619
7776
279
5965
3633
6258
7295
6609
5984
6247
4692
5293
2685
2136
1177
270
3987
5732
117
4572
2846
5289
7225
3
5799
2575
7182
4880
7809
5630
1468
5297
7262
7600
473
6367
4494
608
140
23
4054
2146
893
3331
4905
7116
1371
6328
1861
3730
4361
3929
1261
7856
3814
1240
5374
5568
6903
2012
6193
3179
2995
6207
4140
1660
747
6638
2693
912
5525
7156
7316
3626
4468
4240
7923
7587
165
2434
3349
2174
1671
6053
0
2329
712
7606
6888
5376
4617
4658
1577
1180
5805
478
3745
5641
3907
5792
2089
6341
4557
7115
6958
5700
6253
888
1711
1568
2987
1807
1173
4781
6181
5541
3050
3755
6228
5823
6775
4884
6326
7349
1791
6806
6366
3634
6929
4955
2452
3032
5710
5315
4842
7936
6584
1459
6684
2463
7474
391
6499
5572
1242
2531
2070
6973
2111
6055
4349
90
2177
2688
308
3529
4164
6491
7161
2848
4048
6261
466
7546
5129
463
1054
3576
2949
4477
7606
7593
3855
3868
4415
3332
5944
5219
5583
3026
4948
3283
185
4073
6168
7496
5623
7378
3470
3122
435
1484
6450
2397
2226
2154
237
4779
4509
4375
3563
7012
2669
7482
3291
356
7859
4788
7234
7347
2562
3462
2813
4977
1658
7760
2065
1840
7665
6196
7856
4316
6655
537
3147
5141
166
1932
78
1885
6748
4096
5565
5165
7543
6198
3049
5666
3572
7992
6990
6037
2724
1791
7372
4296
4596
4276
512
2235
2327
3091
3327
6239
5522
1388
1071
4578
5924
3524
1025
7721
3407
1624
6414
2076
5767
257
6541
6042
4534
6515
6447
6477
5802
2207
471
7321
5148
1785
5049
7470
3294
1876
5518
4734
1120
7912
5681
648
2974
7414
1881
4561
1386
7234
7860
1588
4433
63
5788
337
2797
5961
6904
6561
3015
5964
5042
7722
5222
3714
7760
5453
5496
25
6834
2813
1372
3314
7399
2698
5514
902
107
2843
6560
4579
4417
443
1738
2068
5801
138
2380
3167
7871
3988
5231
7208
4144
2942
1734
3827
3161
7260
987
3143
3005
2656
699
1261
739
1582
4123
1560
7434
3530
2662
7134
778
1395
2468
1253
6473
4745
6024
4377
3414
1513
1878
3417
5861
2457
5231
6449
168
3615
1914
5378
2182
300
7217
1278
4218
6582
7429
5392
6603
3235
5871
1880
4323
6753
789
1492
4623
4562
5525
1178
4306
4069
6768
3073
1382
6144
5974
3296
1488
7513
1802
6510
4383
612
2545
5961
5312
6054
5501
7954
1025
1769
3888
1333
1376
2248
3663
1670
2255
5930
6886
3527
135
971
1266
7110
6470
2358
7854
1571
7207
3983
7805
5936
7836
7308
5808
2097
5002
4548
4533
7106
4032
672
6941
1752
7509
6382
4040
6623
2142
3668
6448
7235
1097
6113
7310
7947
474
7423
3308
95
6847
2821
7752
6506
7569
7017
1186
4442
7146
4819
2083
3908
6109
7948
7978
6757
7126
7637
2675
4868
335
1876
1958
1139
3756
3369
3898
179
4597
3423
68
4215
813
7039
2272
5249
7699
5566
7418
2217
1204
2198
7482
4796
2539
7538
3274
2881
1911
7874
197
4823
5175
1519
1917
6138
2244
5864
2601
5924
427
1755
7721
7696
774
5824
888
4314
2678
2191
5101
1666
4606
6802
6446
2255
7039
1109
1394
2064
908
5945
4272
7229
1577
1192
1385
3453
6373
5282
5711
7105
5841
4854
2833
333
5660
1805
7428
2903
2252
4449
3695
2760
4827
6219
4275
7583
2028
6009
7509
7733
4648
5245
4074
4763
3706
6915
7838
5215
7075
2907
608
2862
1274
5812
557
659
2372
5994
4344
5085
5483
6454
1267
6431
3935
2372
189
5585
3014
1058
6312
6996
6433
7380
1381
6547
2684
4996
5007
2629
1681
2838
2512
6030
1851
1114
7540
2373
4690
923
1416
7057
487
3476
6190
1708
2013
642
3905
7818
7970
7445
863
7250
7433
7296
3095
7755
7046
4144
1008
2002
3013
3993
1812
3911
5991
4779
2008
5640
7834
1572
4649
405
3347
3263
4500
1619
6123
4106
1457
4460
6227
1109
45
5011
5173
1222
4979
2213
6697
74
2807
2347
7249
742
1311
5052
6226
2219
7374
3392
5807
3912
2957
4239
515
4665
4632
887
7195
6365
1859
988
7662
2342
2183
698
1722
2794
109
455
6908
4886
1558
5428
1482
2113
164
913
977
4446
3401
6736
2407
4876
362
7073
5452
2184
5231
6269
1282
2114
3242
6527
3398
653
7969
3756
554
7983
1722
5843
6288
6232
4162
1744
7237
3504
89
4714
2167
457
2046
2908
1940
2420
6899
3121
385
4143
1037
3976
7220
7100
7706
7351
2799
13
7918
5836
1242
4442
4300
3183
3387
789
7470
3427
7316
6837
498
5995
5337
6447
4513
4553
6796
68
7388
3745
5495
3507
5733
7165
7813
6286
4487
1962
6334
426
6179
575
1054
4720
5657
5885
2320
4688
463
5778
3084
6294
1313
120
3018
20
2277
4027
5665
3903
4697
3671
4865
4438
748
3199
4617
957
6181
7418
6022
360
5940
232
3081
3762
2772
803
2212
5198
6489
5953
5313
4372
5659
1845
7646
2877
383
1493
1897
2282
6495
4598
4211
3742
2197
2163
596
2253
3753
4301
1756
4556
1300
7404
6577
4775
7921
6660
5194
7953
1599
403
7111
4342
6933
3014
3626
4141
3299
3579
3574
457
2272
2274
6434
6863
4373
7036
7546
7169
134
5061
6611
4569
2040
431
2281
4177
100
3459
791
3551
2230
1004
177
4671
450
5839
5761
2408
452
6290
2077
864
210
1086
1890
6059
6304
5823
2575
5343
6256
3464
6272
2707
1556
6803
1732
4214
737
1606
1118
4283
3698
3698
3029
6322
5014
3252
2360
6898
5271
3070
6834
1971
1128
944
4485
5624
170
5920
3942
7017
2139
121
7797
7870
987
511
7448
4312
1628
2224
1395
938
7206
518
2310
2260
3525
1434
7650
6032
5904
5474
6793
1733
5462
1435
4257
2553
5478
1858
7829
7076
6651
3707
4617
543
3458
3733
7671
7739
4938
5797
2219
6447
6023
974
5719
3817
5507
6115
1812
2885
2850
4643
4790
2779
2384
5923
5898
2739
1225
3529
1646
5203
4676
5684
4045
4409
381
953
2230
2661
4958
3529
3737
3726
2761
7278
5917
692
2564
4468
2080
2645
5570
1380
6284
7737
3594
7275
3987
4968
4166
4122
7687
4348
2603
3527
6679
1105
7999
7056
1194
4952
5324
4544
1105
6347
4063
7625
3565
1339
6461
1009
1117
133
5539
3146
7585
995
3961
473
6416
7262
2130
4313
2610
6369
5218
280
3835
3369
4349
4670
6053
2009
8
877
2920
3883
6270
5572
7577
7680
3297
1086
1628
727
4155
1784
3015
2844
3535
1552
405
3736
3681
3113
2564
1991
7391
3082
4748
1095
2219
7142
5820
7148
7878
3254
2098
6320
2138
7107
4406
1864
676
2496
3892
4306
7676
4627
6292
6634
4546
3892
2936
1435
2343
4846
6609
2290
6229
6275
4766
1775
6524
5229
5059
277
6330
1342
3138
5729
5606
5928
5464
3479
3194
7513
7542
3639
7962
7743
4954
3727
1989
2153
4362
170
599
2318
6957
4838
4600
870
4358
2787
5221
3894
13
5399
2841
1513
1964
6527
7959
5018
3347
2672
919
6575
5432
1804
7306
5983
1710
4175
1548
3539
3873
5385
4326
3050
7980
6566
5372
6487
6167
7145
153
933
4080
6519
4053
7323
7556
3600
3809
3707
6907
5848
7023
6500
5517
5587
3648
1751
4133
368
5835
4118
5520
380
5831
2536
162
7159
662
6842
1829
6724
7566
5472
1727
6713
4452
1592
2271
7127
2231
7151
3235
1875
3575
1181
2826
1427
3056
1164
6673
2164
887
726
2220
5448
4143
7852
98
349
7096
2867
7429
6008
1718
6408
3405
6433
3961
2405
5841
7256
7374
7195
4385
7909
5665
7871
1794
2637
5069
6113
4103
6177
3330
5559
5512
4592
146
6169
2626
1500
3608
678
7179
2506
3461
6148
4208
6515
4552
4932
5357
5144
3865
99
4999
4562
1571
1004
6218
7
5068
7356
7963
3833
7586
5406
6329
7992
1315
1044
1940
6392
2665
5879
1033
6845
1456
7797
4218
2994
3078
2234
7751
2777
4750
4138
2795
2333
432
202
1461
7556
5856
3518
7968
5824
7498
45
7186
4644
6359
2305
2606
1588
6495
5194
7830
725
7275
1666
960
4515
741
4715
7795
3170
6815
4885
4191
204
3260
3451
3799
1544
4159
5709
556
2044
5166
6345
1255
2617
994
7362
2850
4117
5806
3011
5059
2070
1514
4045
7190
138
1755
5371
7302
500
5504
3655
4088
7265
2875
6245
4613
4056
1498
5581
18
5423
3394
2582
7693
6074
4791
126
7749
159
330
3142
6758
7813
1312
1402
80
1259
5210
4174
2900
405
4518
1636
5259
4384
226
235
4306
5367
3176
1697
1957
2334
3578
5048
663
2156
1995
3223
3755
3734
680
439
3795
3045
7234
750
450
7113
1432
7881
6192
4680
1349
7185
1066
2447
3875
5616
3538
1705
3035
1006
1338
3597
6027
2644
6617
6737
2578
5937
1704
2173
6971
7034
2972
4155
5443
3660
3392
3690
3784
3342
366
5777
3153
1394
7914
5680
1524
2330
2778
3442
680
3671
3558
6272
424
5644
3048
6639
447
4273
5520
4185
54
1844
663
7753
5592
1977
3998
6096
6367
706
6371
4660
4669
5994
5022
3912
5512
2508
6462
2455
1666
1601
6459
3834
6852
1861
3480
7177
6599
2043
5751
6574
2575
2823
3480
2517
6709
2713
3312
6464
4815
2826
5538
4918
254
6366
6172
155
2131
3626
5585
4955
3422
335
5262
7488
7893
2980
3707
7588
2590
3954
5745
1088
1338
2008
5362
6114
4557
7695
3849
6717
1102
6792
2943
2010
1479
5938
3831
2285
6793
6551
6439
2562
7216
6502
3251
5974
3406
5579
40
1667
7671
186
3473
5331
4329
5899
7353
6581
3477
3456
2751
1932
1806
5794
2639
6053
4493
5448
5954
1473
5599
3001
4948
1553
5612
6889
7614
3456
4388
3744
5488
7338
5063
4984
2477
5098
3281
1221
258
2896
6401
6351
2980
2098
6725
4282
5733
7513
5188
3143
7763
7645
647
947
3629
2699
325
4477
3395
6850
1737
4485
5737
7453
6594
3664
4567
3018
3367
1896
6112
249
7813
5088
6861
4337
3430
3574
6806
6204
479
7121
5244
515
6327
4265
3206
5044
2863
6917
598
287
819
32
2342
5856
4123
3877
2597
2487
542
1882
6056
6964
532
6489
2831
6605
869
760
4597
6482
212
5194
7635
6007
5474
6207
370
1808
32
7974
7050
7132
2452
1171
7356
4216
1223
3292
41
2741
2026
5565
6317
707
5922
539
4412
6668
1271
6054
2199
1501
2004
6679
2218
6015
508
2649
6213
7524
4938
1412
5237
1853
994
4292
7550
4712
5754
1176
2296
1927
6911
6134
7428
1900
7333
6797
7593
1008
6734
7330
4110
5923
4374
6044
214
2717
7609
3163
6676
5171
2146
3842
4905
4614
3088
6997
1345
3253
2343
5694
2790
1074
593
3754
127
2738
4239
5968
1706
7038
4128
6866
3505
4263
2316
5308
1579
2710
7757
7273
7666
3137
3867
4484
1276
5242
5267
1068
1688
546
1411
625
3399
1594
6996
7355
2741
1434
1876
7307
7186
5114
672
3033
3410
1325
2347
6427
4541
7342
3757
5479
435
3603
1002
6959
7616
6174
925
4588
7064
51
1153
982
7087
3683
1085
2703
2423
5478
4394
7071
3191
5608
2178
7962
581
186
3302
1246
7456
745
587
1465
5036
7084
515
2215
2954
758
7332
7416
3731
620
7959
6288
2610
1073
574
905
6811
2588
67
3507
556
1803
1978
5691
1758
2001
3762
4137
3751
3595
1629
131
1328
1936
1305
4431
1326
1478
474
2998
3168
4945
2486
2628
867
3623
3469
2956
5429
1855
5587
4649
1092
5480
4156
5215
1074
1142
1475
1631
5672
1047
5270
7401
2068
963
3233
3596
7104
18
2293
4233
2256
6823
1941
1302
4248
4042
2205
5438
2328
3988
4752
4773
3989
3971
3708
617
212
5102
5644
5669
4982
5458
2794
3855
6955
394
2766
6337
1748
2525
4584
5205
7033
7281
6950
2729
100
2782
7266
3778
7768
1054
5868
1548
3249
5920
2287
575
1241
5947
386
2782
1764
1152
781
4249
3593
4200
4246
7443
4158
1900
103
4030
6959
2932
7582
3297
7194
6951
7057
3835
5962
7073
4635
3010
3181
259
2888
7172
2900
1379
3289
3375
7368
4580
7604
4396
579
6305
1067
805
1042
7875
2343
39
1669
6130
3376
6883
6543
3176
6300
7887
2561
6945
4435
1002
926
3311
3643
796
3802
3690
7492
571
3316
4164
5137
6634
2797
5562
4481
7516
4771
4582
2394
2550
2383
7601
402
1555
4631
6823
3641
3041
913
5987
4806
7144
7382
7465
1852
5995
382
3026
5816
4583
5309
6818
2458
6072
5081
2485
3022
3995
775
6616
5302
206
5666
5685
1845
340
5703
6694
3419
4053
7951
4266
5800
7393
6826
1141
3711
3413
5524
2913
1577
6998
4023
6403
7810
1659
2205
7705
3076
3015
3600
2719
1389
4371
5969
5696
6224
138
5873
2922
1462
462
14
2618
878
3001
7981
4694
2040
7742
2993
5018
6282
5165
2166
3562
2557
3669
4173
4647
663
2883
980
5117
373
3689
1584
7448
3605
2459
1002
1974
4478
1650
6435
4632
6860
2067
4021
7250
7708
6346
1960
2178
7312
6863
1038
3485
7999
491
3836
2277
5436
1524
4453
3191
7617
2932
2900
2752
7673
3816
2629
272
7335
2340
5985
5254
6646
5972
5781
1003
349
3549
270
1371
2350
1889
4883
1758
2044
7714
6526
5846
5991
3774
3288
6224
1414
4888
3728
4860
2863
5975
6616
3386
2533
136
157
5834
6175
6623
2145
5990
4081
7707
2742
364
6042
6279
152
4146
169
5212
3304
4990
5516
5572
1537
4814
6646
5369
5625
1297
2412
1484
310
1145
2861
6914
1066
2856
7804
7065
108
2311
3915
2536
4340
6070
1286
2276
7859
349
2936
4543
5517
3361
2526
6314
1460
4083
4295
315
4002
3202
7588
3882
6770
5968
1650
4726
3356
3682
3328
2661
5196
3537
6111
4520
1309
2110
4518
220
3191
6499
735
7277
1793
6788
4754
3157
7493
5316
4971
2371
4640
6675
5002
1558
1762
7813
808
1672
1800
5886
7073
2344
2259
6986
7586
2687
1412
6089
2095
7252
4215
4231
6737
4812
4825
2026
475
1129
6344
6212
7128
4851
6214
1801
4883
4980
6744
3290
2563
5340
6657
6528
976
5381
4502
2932
6662
7057
4030
1946
6677
4400
200
3086
5890
4542
6697
2391
4526
4489
5520
7225
7873
7536
1832
487
2483
5222
5802
3156
2167
1046
2139
4650
2692
1505
3497
5524
4417
6403
3230
7798
6348
7187
3967
60
487
4329
4356
3280
7871
5658
7987
2853
7643
5854
3163
113
5149
1875
4458
4215
5368
7514
1579
4226
1327
3615
5408
7214
4421
439
6584
6495
3975
7458
5614
1557
3762
3439
2814
3160
6210
1279
67
4557
7832
3297
4978
7403
3591
2589
429
4295
1659
1484
2053
6411
70
548
3855
5957
136
6034
7905
2267
6843
1536
874
2845
4313
7798
4011
6323
618
7964
7958
6517
7341
3358
3713
5402
3042
4008
6727
1287
1714
1873
2300
137
4476
7956
2762
1694
6589
7736
428
2542
3099
3602
135
2839
4302
4641
352
293
2156
6359
1598
7585
5263
4919
7965
1728
5221
6233
2828
3965
4371
3915
5156
7553
1158
6418
4069
61
1113
5966
7086
3738
4252
3643
2201
7816
1543
2771
3441
2291
1339
4753
6096
3156
3057
6353
2650
292
2753
4180
3600
7915
1553
2399
5393
2614
7896
3202
4019
5862
5070
5046
3002
3301
242
7328
6963
2100
4791
7410
1008
7520
5580
3505
161
1107
5703
6481
1930
1927
4525
3068
3110
3029
3680
2993
1496
6764
5926
5257
906
1885
1234
3734
6373
402
1617
804
6571
7199
2195
4513
7284
2993
3603
4057
5251
6242
4933
3993
388
1327
5851
5749
676
6337
1269
4198
4365
3879
1763
6667
6909
4773
7447
4880
7554
422
172
2476
6100
1100
7437
5572
1550
936
3715
7469
1162
6341
2015
7759
6489
5471
4736
7460
2140
6385
4418
5856
5955
1132
6852
171
3871
5891
4755
7818
1253
1507
2104
1947
6017
6720
1498
5887
148
7499
3410
6610
7500
704
1802
3221
1247
347
2384
6637
5860
3690
3901
7940
1678
3582
4860
3854
6469
5947
3705
7654
1635
3023
4328
1238
3912
4863
5999
6262
666
2461
5873
5035
2524
7958
4216
1681
6698
6248
4606
7283
1806
3184
7320
1079
258
3745
4928
5655
3
5905
4413
2698
6991
4205
4145
4929
1659
3981
5567
7692
4978
6115
3479
1181
3534
588
3935
1445
3340
4873
191
5403
7024
3335
3337
4635
6644
4314
1028
235
5486
1416
5268
2200
7805
7170
6535
1983
7151
4206
382
6311
4019
4447
2422
524
5685
7910
5042
3383
220
4418
647
5448
4316
3378
259
7958
1912
7724
1979
3181
6168
2726
7984
118
7554
2129
2205
4980
5816
6309
5152
5674
3502
87
5506
3419
4583
6824
1061
4585
6315
5655
5833
6367
6823
7095
5883
6474
6689
6875
4058
2050
5589
4205
7303
5894
1137
2846
808
1733
6698
5047
2969
3065
6329
3662
1969
7022
118
533
300
545
4111
7053
6394
835
3941
7064
2979
6941
5571
4587
2837
6157
379
7010
332
5614
7455
3821
1500
3478
5977
6248
6430
3384
6888
457
2741
3242
5623
6002
5884
6978
1180
6183
5133
7513
4778
3929
6512
6257
6707
7265
5151
6963
7389
1608
1587
1233
5855
195
3244
1930
6105
7356
97
7756
5198
2187
1218
2419
2623
1604
1671
2863
2404
1577
3768
4
841
2496
151
492
4612
704
6189
5335
4751
6949
2736
4306
6022
2787
5646
325
7678
4534
1880
1367
6847
536
5710
5036
4896
5964
4163
6542
2110
6168
1581
4841
5080
7183
267
7472
3914
1292
4339
5982
1636
2683
7927
5079
6311
5265
3763
621
3867
6876
3510
4734
2064
52
5387
2106
6255
6673
1827
7618
3771
4471
6624
4652
4394
5260
2880
995
2330
2058
3876
3243
1458
2383
1468
4547
1302
1041
6034
2787
4998
5168
1007
3493
6932
5988
4269
5696
3520
5461
3227
7919
6449
2762
1286
4336
4498
1081
5034
1896
3271
4924
1525
2403
2123
165
1908
5882
2152
2536
7005
1806
2385
6711
3063
6320
2207
4075
5418
4131
6502
2781
6111
2617
7988
1237
1235
89
6374
7514
2878
3682
5222
4648
5210
2474
6212
6656
5650
6944
2864
2393
7176
4751
914
6452
5635
4675
3462
1485
7156
7110
4599
3565
6819
2755
1751
1629
7675
6604
7544
2613
6766
439
6154
722
4678
5091
1137
2725
7434
1688
770
4840
713
4045
5467
3821
709
3971
476
6671
6335
5134
4742
7433
7132
1587
7662
1637
1905
877
6813
1932
7664
3530
6471
2492
558
5235
999
5145
4240
1480
2227
5466
850
1385
3969
356
2803
7378
182
4148
6208
3678
5606
3509
5436
6316
6542
7985
4265
4319
6313
6692
4790
7039
3122
5420
7045
2301
3831
7069
7704
2835
2647
6194
1047
2442
1816
2078
5504
7893
5223
2752
5931
27
2477
5428
1209
5650
2634
1477
4441
6535
6768
1473
5750
250
1055
4198
5377
3813
4664
1400
7126
2717
2433
2804
4557
6930
3508
7966
4000
6449
2884
7543
7156
3560
4013
3915
4998
5705
3894
2790
4723
6216
5126
7975
2147
5214
7840
6188
1172
5136
445
4717
2879
3786
325
1765
7144
613
1897
5994
5639
3336
7392
1182
4238
1642
1083
6014
3607
4533
6119
2967
2540
3590
2943
1497
6962
1361
5644
7492
6322
7010
4890
3391
645
382
55
71
1500
3176
7115
324
4714
511
1423
248
6254
3781
7851
2704
3360
890
368
5021
631
3879
3247
540
5781
6838
3188
2033
6288
7550
3554
2867
6878
1053
172
6176
6364
254
3118
3249
571
5435
742
6089
5448
5404
466
5895
6102
4220
2342
2682
2377
7820
2986
1716
4610
5361
942
1271
162
73
363
525
5437
395
248
1332
6621
5324
2021
1461
4656
2270
7928
2261
6543
595
2113
5669
2219
6751
5404
628
5014
860
4291
4837
1643
5222
4301
1179
1564
7974
2823
6416
278
2861
4590
4485
3155
2230
1350
7892
2171
6030
409
5793
5560
3983
975
4207
3925
5639
6503
3855
5521
2232
1936
5426
1286
3321
6118
1248
1713
3898
7052
5121
5790
6693
3170
2073
753
7455
2723
2705
3730
429
7582
6448
3126
7476
2895
3497
7687
985
7386
6989
4528
7879
1123
4833
6470
1358
1804
5706
854
6440
3020
293
7175
7832
3944
3123
5292
1964
4049
5745
4329
5281
4955
2054
3774
7909
597
2646
6325
6135
2825
52
6052
1259
1937
2932
6752
4233
5908
7581
7870
2901
668
6206
3079
7722
6613
3608
4023
5504
7269
7544
434
2764
7010
2536
3140
2246
1268
4411
723
3974
969
5447
5860
7880
4846
1136
6
2127
4433
6750
1182
4389
1296
2000
3664
831
5309
7050
6920
2111
305
7082
2978
660
4041
3417
6204
2045
7042
28
981
1386
813
2698
3298
2435
6031
4120
2605
4674
7575
1296
7722
2043
1468
97
1880
7740
7667
6735
6288
7503
2698
7755
6702
5276
292
2269
1561
299
7249
2429
944
7816
3209
2178
6802
703
1414
3378
2250
6471
3387
6264
1430
4667
436
4723
530
7939
3403
3818
1798
17
964
1502
4937
1095
7366
632
2960
3319
759
1890
4630
7298
6770
5874
1130
7713
5223
3840
464
2434
5136
1496
4757
2058
5132
7435
5235
3129
3994
800
6364
2732
691
2088
2726
6139
5763
5935
404
6146
7494
526
2173
125
124
2206
7772
5261
7496
4807
563
5079
427
7094
1820
4812
1495
749
493
3
2675
1844
7687
321
6379
1837
7996
5083
3568
6533
3930
4083
3795
4167
7064
1502
121
10
6172
2150
2812
2763
1639
3307
607
5845
2206
6180
2795
3356
7990
579
4138
1642
2874
3191
7999
7281
7036
6219
7264
6399
4246
5867
3442
719
5019
5127
4288
5499
352
2384
5975
3791
1440
2272
7104
4922
2192
6518
5338
3806
5184
4382
1364
5702
7658
2480
5893
4855
7579
2415
168
927
4987
7313
2039
1322
7931
6366
5218
628
921
2673
4332
6233
2899
4187
291
1959
5670
3431
698
5173
4481
2873
2628
2125
2123
6928
3919
6212
1486
1898
411
5099
6654
5895
7542
7646
362
1989
3573
569
2046
5290
6929
4587
6386
4673
2331
6754
7315
155
3101
7142
3756
3254
6351
1282
657
7548
4467
3932
775
1058
2765
1702
3347
497
962
557
2206
7970
781
335
3777
6369
2648
6602
5619
2740
1853
3823
1932
821
7448
5429
5109
2299
1992
7209
4655
7575
3843
1091
2812
5882
7315
6613
4589
3764
2865
3292
3401
791
572
6521
2647
1082
4950
1721
4809
217
6492
6800
6981
1946
1791
2853
7441
2603
4804
6791
6042
5638
1044
4989
5408
2710
1152
6138
5250
3956
3926
111
6817
6346
1177
6907
6452
6488
3487
5310
424
5269
5836
7947
6577
2221
7142
7867
6194
5801
4502
7710
2949
4909
1850
2381
1447
7386
1385
7067
1603
596
4100
2986
7321
925
7157
6937
3403
800
3015
6235
6532
3594
7778
6435
3141
4179
3041
1787
3982
2459
7442
4788
2213
7471
7241
7928
2246
554
4577
3835
7143
3256
2449
3536
294
7926
1446
7704
5009
7605
1890
7637
4754
4318
4209
2205
5109
1327
4100
4905
6616
675
3661
4493
4974
4912
1493
6274
2543
3114
4925
287
416
261
2511
7591
2106
3704
6784
2811
6970
3452
2564
4592
4164
2483
6478
6843
4532
3046
1123
4233
6019
423
7770
4779
3091
4949
5298
6511
5656
7934
3087
2314
4834
415
1747
2289
7563
5254
2645
6278
505
2393
1089
4719
2384
7663
5708
3331
1207
6363
7570
2014
5958
5194
5069
5460
5833
3458
1268
4034
371
1738
2350
384
995
6633
5937
2738
3083
7174
6524
6846
2755
7534
6253
2392
4969
5173
5247
568
3634
7731
4580
814
7698
2672
2811
2956
5508
1946
5294
2561
822
6642
2027
3653
6613
6728
3773
7472
1072
4315
454
614
907
2018
4315
4717
7875
7976
6204
5471
2264
978
879
3834
2268
7420
4088
1813
4663
194
5110
5294
1172
6235
4316
3614
1196
7391
1931
7789
4269
4201
841
3266
1990
535
6561
51
1874
7918
407
1979
414
7131
773
649
1817
6356
1110
7669
3863
5405
6110
7309
7042
1767
2389
4622
2461
146
6575
4847
1526
5011
2585
150
2152
4977
913
1006
2506
4458
5282
7504
6520
4658
3963
30
3324
3419
4523
4271
1048
4752
7804
2980
1266
891
3817
4313
7132
4039
5693
7351
4032
4159
5449
3239
5605
4629
5313
4449
3168
383
3443
3234
6873
4412
5925
4668
1784
437
7051
5703
7341
7486
5282
6133
410
7803
7596
900
2653
6048
1864
1804
1661
80
2029
6072
5296
487
3971
1169
5254
6675
670
5174
3830
157
2455
7464
3972
4486
7881
1858
331
5516
1893
4678
6188
5580
4723
4114
6227
833
7270
3953
4963
1194
5722
7565
3710
5770
812
7490
7922
4937
3894
335
3907
5560
4197
294
721
5554
7033
5219
5798
1309
2841
6425
1886
976
2385
2567
3955
5967
1257
1257
7268
1393
3235
2283
6338
4323
5904
3128
7255
7557
399
2481
755
1842
6627
4346
6868
6237
4464
6894
3377
7190
2322
4786
2979
2476
1818
2407
113
2029
2726
3385
1014
1033
860
3925
4465
6741
5187
4407
2921
5803
3262
2913
3323
7406
613
2343
642
1387
6209
551
97
5275
1828
4503
7215
4229
2595
5559
3584
2304
2610
2085
3852
6934
7770
3279
255
5444
7321
4546
1308
6815
6358
3745
3727
2128
5951
5874
4237
5312
4801
4307
6186
207
7523
1354
7735
509
1408
1146
4565
6635
6815
3312
7899
828
3888
3741
1631
7830
5350
607
4261
2885
2667
1399
3234
6462
5252
7775
7851
5056
1539
3573
5119
5462
4067
1552
109
4665
6339
2740
7587
4179
5378
736
4309
3039
4787
4
2054
4716
1021
3023
7350
2816
978
2471
7849
7769
7626
7154
7247
3343
923
2449
6997
4117
5175
6765
4423
2718
579
7017
2464
6428
1967
3383
48
4387
5046
4551
4904
6765
7924
7449
3397
4150
5407
4403
4951
2312
4707
7471
5485
2897
350
4076
7327
6000
1205
2469
5752
5070
6673
7070
4734
1961
5946
4666
926
492
1806
7082
5817
2298
93
256
5
5130
612
5473
2593
108
1317
5721
186
4778
7967
4937
2323
4362
6767
5691
2612
1711
5635
7830
2609
287
1143
7661
2837
7839
4558
1393
7404
7098
270
3271
2922
3873
1720
2293
5499
620
7394
3509
7784
446
627
7660
5602
7175
3963
5620
3695
3876
6124
4501
2606
4001
7993
7059
776
3294
1354
6369
1333
2191
7385
179
1064
3165
44
6385
2777
490
1391
3335
3309
7730
7277
6937
6467
652
939
5012
3165
1552
4833
3808
4265
2387
3350
1970
427
2446
5143
7357
7370
1373
1939
7688
1844
6947
470
2395
3630
458
2592
5715
7163
7336
1633
533
2280
1981
6292
3167
5298
6745
5301
1786
725
4634
4704
1740
1651
3283
1224
5193
5085
3209
1424
4362
6272
2647
4041
6902
7727
1393
7945
924
2952
6213
2532
1891
5254
4157
1866
4889
4387
3745
5693
6503
3688
602
5613
5093
4050
5394
369
3146
4642
5686
7524
2684
7426
7197
4442
518
3919
2434
6526
7464
5255
5101
2378
4871
2512
1457
1505
7941
7395
3534
6540
2731
467
2742
1423
771
574
621
1639
6083
6479
3593
4067
5027
4333
3737
1692
7056
2435
5666
5459
6905
2797
581
7973
1862
2556
764
6317
6504
6950
4355
7798
4619
845
275
5019
7593
7786
4425
1342
3448
2774
5030
5345
3203
53
5168
7844
5271
255
1141
2523
4755
7212
3311
4875
4259
7483
7299
5314
1350
608
6884
3984
2890
8
7572
165
5082
1802
2699
7688
5998
4523
2864
5298
5216
3406
2628
133
3103
3254
3486
7404
6652
4154
5585
2704
7842
4548
5737
3379
5667
1157
4052
5805
7341
2233
94
4865
6939
2322
6101
412
7271
6276
5323
5417
6654
6188
122
6483
5292
1053
514
3736
4790
5513
4493
3271
3463
7241
4435
7318
2434
4489
761
226
5046
6419
7829
6211
3055
7030
6093
1611
361
7891
2013
7644
2336
7811
5238
5411
1155
872
5764
3317
4999
7759
5576
6148
4631
1471
100
7229
2024
2401
3062
194
5035
7307
1691
1471
7452
7851
725
7211
4600
3724
7879
2909
2379
1416
6493
4744
3623
331
7048
5717
4976
1855
1383
2332
3349
7385
4161
2686
4185
1664
5231
2337
5967
789
23
6793
2276
3107
595
7760
5526
2596
3311
1154
1795
7534
529
983
4892
2425
2228
6285
4472
4237
6156
418
3205
5004
1934
683
4249
4249
3848
212
3815
1124
747
1909
908
2708
1961
5132
7497
719
1721
2397
6988
1577
7352
6179
4647
38
41
2609
5922
430
5789
5098
3179
780
1838
1113
1132
4194
6117
2094
6069
3437
6331
3158
4888
6065
2749
3766
2388
5057
904
1987
489
45
6836
2752
2891
4168
6414
2901
1969
5012
6845
5001
3532
3853
1413
4956
6613
7375
4714
5508
5247
4708
1004
4994
652
6446
6641
7775
2236
813
2113
2440
7647
3630
7851
5827
5580
6609
2628
5901
3562
2229
6607
5202
2411
1474
4792
2568
537
3090
3003
3945
4104
5564
1122
3083
6572
63
3947
2269
2563
2888
327
5568
4146
5856
1599
1856
2990
7541
2866
7405
6225
2948
5497
602
5005
6943
747
1521
2108
5280
3132
1137
5909
810
3200
6726
379
1944
5262
3716
2223
6406
5055
4607
3238
3320
5462
4169
2998
170
2553
201
3498
6260
3806
4340
7412
7066
3009
2539
3458
366
6609
945
6889
6050
3691
7815
5374
2542
3197
3558
3588
5082
6925
4057
1343
6057
1170
6004
743
7074
5952
2036
312
6140
2209
2357
1190
6245
5983
394
5550
2479
5406
1725
1864
1751
7366
1571
6777
4660
6558
2074
772
4793
1748
5985
1472
5158
7833
917
6149
913
4329
6404
4480
5325
3432
6768
7782
5620
1448
4898
1413
5207
7431
551
5814
2110
6261
2412
2159
990
1044
5233
565
6742
4600
7213
3374
5925
2829
3263
4181
7085
4888
6539
3526
7324
6614
5497
3385
1085
768
3334
5707
6618
1584
2053
1336
5003
5470
1014
3430
6560
7235
2753
3034
1830
798
1680
7629
2266
2964
6662
5657
488
7474
7647
6222
350
7311
5541
3362
2802
3853
972
7620
5612
2238
3435
7569
5681
4194
3095
5728
1326
6862
7262
2488
6621
4649
7453
3745
2167
7953
7806
215
3894
1435
338
1115
5254
5494
4743
485
2439
2096
3142
1396
2369
4243
940
1477
7909
6248
4322
2338
3196
1307
539
5649
7215
4158
5033
5742
5233
2536
2621
7251
5133
2614
7353
5171
7751
817
4596
6150
2610
7952
1289
542
7438
2772
156
601
603
6865
6827
7919
5438
5197
524
7467
4495
449
2888
5623
6589
6908
1876
1935
6111
743
7976
4696
6168
6371
1087
2122
4133
4367
3625
6727
6086
869
3408
400
1798
6724
4677
589
873
4360
1862
3913
1970
3029
4175
6209
7438
1907
3865
401
6304
5779
3955
3087
2538
3568
7164
4659
5396
7441
7419
947
5404
7595
2395
1774
475
2403
5894
1022
2096
6640
6044
176
7115
4703
7504
1040
6104
2160
1119
7645
3013
6174
1006
6747
4402
1532
7360
4360
4597
123
4945
1382
6214
4936
6033
5879
6414
6162
0
7111
135
1065
1314
3491
5903
450
5600
4455
3023
919
5947
821
2690
2091
3821
4290
4197
1963
2270
2954
5370
1712
5887
228
6072
7201
2503
6064
2962
4278
5896
3052
1954
3287
3949
5606
3058
2658
1426
1228
7399
4876
256
3871
6667
5023
6660
3206
6389
5089
6954
1599
1303
2645
6939
4272
6372
6939
4240
4508
668
4466
2674
5169
5813
7262
2000
6461
7271
1381
3836
7425
3093
6771
899
5278
2195
5533
6150
3116
5272
2050
4729
2474
4545
2254
6904
3983
1023
280
2561
575
3231
7979
1810
6873
6645
2146
3936
7277
1316
3884
5169
6347
5003
7152
5655
6582
2831
458
4617
2488
3329
5298
6047
6095
940
2046
3946
3397
6398
6462
5933
221
5136
3845
7484
7529
3988
3655
5872
1209
7002
7582
2372
2414
4927
999
2384
5676
3890
2697
671
7341
3428
6485
1711
4659
5260
1609
4100
3222
2964
7471
6697
2171
1379
7075
6852
6821
3720
6769
4757
229
1152
4252
5835
5293
3428
7612
6467
6019
5490
831
3038
2961
7478
6736
5309
4504
7316
3092
4763
389
4789
3281
2504
3036
6988
553
3518
7249
6916
3013
2850
3702
3592
2701
6680
7629
3182
7123
2819
2879
1472
2255
4120
6758
5609
2629
670
133
5113
5251
2372
7767
5077
4038
2782
964
1342
60
7422
2480
6396
2725
5803
6702
5926
595
129
7955
1169
1104
2084
7140
7699
4382
7970
5681
883
6681
5605
763
879
3833
2833
80
2984
7604
2048
2936
6766
6976
279
2312
3108
3446
389
1683
6096
146
2968
4608
3393
5207
6459
1079
3741
2063
2704
6773
3462
7792
5734
3264
1897
2715
151
2228
7651
4157
6465
3771
1551
600
735
5595
432
3868
771
4009
7480
3567
7090
5787
5619
7308
2396
3579
4883
1671
4150
7096
6552
5935
7414
7511
924
2188
6378
1926
1976
7815
4790
6545
2326
3433
5416
6830
4437
1084
6073
6002
2962
7885
7139
6950
7706
3923
2585
7797
6824
4458
2408
4220
4380
7288
6760
7876
3067
5296
4126
6284
6557
7413
2098
7422
6967
5142
7943
964
6405
7288
6716
628
2132
17
1279
4007
6185
1424
1417
615
6802
4571
6586
2310
3719
6320
465
3148
7995
2861
4871
4104
69
7019
7177
839
2854
1604
657
2915
3446
7413
7712
6514
4144
7199
7962
6560
6678
1640
1469
7959
5890
3646
7743
666
2507
3260
1540
1521
144
4069
3577
831
2404
1612
4240
751
2262
6038
5592
7181
6299
3992
4599
6257
2778
1434
2631
2581
1492
3901
4427
5896
6191
5112
7181
6908
3422
6270
2389
377
7086
3644
3592
5108
3310
1662
4186
7291
2620
5105
6065
2055
7464
2947
4696
5236
6344
7655
7260
6796
7768
1716
1735
4543
5195
365
3062
2159
1842
7963
7385
5480
712
3991
4679
2093
7192
2404
7356
429
5323
6392
1264
4757
6418
4379
6868
895
7532
4137
1579
2247
5268
946
1667
7998
5387
3008
4496
2744
61
6264
3363
7552
7634
153
7564
620
7188
6370
5833
4107
5880
1680
2153
2810
5259
2629
7681
1238
3770
2628
3850
1355
6846
2009
7446
715
6562
1558
6893
2715
2482
1015
6216
5447
642
807
2665
1590
3288
6620
1365
664
6967
4893
3567
572
1097
867
1715
6845
4584
7197
3915
5084
2313
782
3409
4266
3845
2322
4898
5596
6341
5182
4699
4225
6666
420
2995
335
5719
4278
6709
793
2107
7362
2200
2013
1918
27
2364
5049
744
1624
3204
7486
744
4342
6346
3357
3368
6745
3779
3774
491
1903
4209
2416
1567
2037
5247
1722
3909
5716
6588
1680
1913
1891
6199
7586
4384
720
947
4686
2670
4568
4551
5301
6674
7283
3477
1194
7998
4814
1444
5127
406
4272
1309
2074
4020
5694
3039
5245
1430
6042
7615
1027
7653
7781
3359
1934
1570
7269
745
894
7087
7042
6377
7044
824
3243
5125
84
5436
7638
6681
5625
5372
3300
4467
1538
2686
290
7656
3674
6270
940
1233
3829
7026
2412
4453
871
633
256
1716
5903
3871
5306
5502
688
6735
2752
2030
5152
7190
5140
1206
2009
4367
4974
5064
2988
6257
7557
3054
4758
4977
110
3270
5995
5269
859
3038
4719
7959
4356
2728
3268
7154
7842
3034
2941
5580
4184
420
6480
3199
3629
399
1386
1413
4212
495
3421
2304
5133
1540
6709
1892
4356
3571
2600
5762
6998
6876
3627
3057
3156
3160
929
27
2337
2064
3822
865
7381
6077
7530
6764
1668
2679
6066
5394
7065
7548
408
7008
3611
4544
7098
842
3090
6827
5680
1132
3587
7476
671
2172
5270
2392
6890
4687
1433
1846
969
2628
2141
970
7410
7825
7230
1796
499
6632
64
5636
929
4869
1877
885
3306
3927
1020
7491
903
4936
3011
3834
2446
5099
1197
3004
4900
7937
3566
2847
400
7976
915
5729
2346
417
6206
4936
7922
6524
1359
7131
637
6114
7007
4598
4489
6527
1254
5646
6130
650
892
4418
4158
2802
5117
4697
6866
4135
4805
158
4424
1601
7066
789
4312
849
2793
4697
5939
5699
7913
1427
7598
7980
2332
7321
283
3638
2292
3553
1204
997
3538
992
2673
1157
5673
1091
4921
5490
4353
1545
372
2756
2520
1723
1919
7573
3939
1801
2617
2992
626
7299
6714
151
305
5296
3492
433
3786
2446
3281
3662
6952
3751
6188
4440
6167
5709
6812
6169
4359
3506
6106
5603
4272
2790
3747
7072
3663
7341
7177
950
1870
1916
4965
3606
705
2576
7399
2850
5837
4716
5390
1913
3811
173
1266
4832
1962
1099
4350
334
1147
558
2940
4756
3334
7722
7241
1447
2385
3289
7783
5451
2465
3796
3441
6686
945
6030
1065
5823
4703
6796
2286
2905
3174
5061
1673
720
3654
4178
4134
6342
1344
2641
1823
1226
317
6492
3572
7070
3535
4641
3927
547
3087
2782
3748
7267
2532
2428
1710
6011
6053
5572
3317
1379
5462
898
5043
2075
1231
7541
2133
2292
6139
6703
6919
633
507
2256
1832
2360
4458
2201
4381
1776
2748
3951
5185
6040
7167
1327
3322
2634
6980
3496
5863
4554
2391
2681
885
1335
4457
5704
337
7373
7375
2396
3512
4885
6627
1112
4842
618
5320
3925
1276
3304
7948
7130
2061
4722
3110
2747
4945
1760
4254
4491
7561
5124
5004
7423
4179
5719
6008
2016
1373
4101
4129
1836
7669
1170
281
6730
636
2215
3597
5737
1402
7869
1379
1524
6731
1957
6012
4403
6710
7153
1944
2241
862
4867
7961
1894
7953
7152
6368
1680
1533
1872
6292
179
1155
7012
257
3450
1572
676
796
3368
1497
677
933
6544
767
36
1893
2093
2734
3762
1623
2079
7786
2939
2147
4803
5810
4340
1477
2029
1782
7649
4300
6149
6822
6400
447
3067
1702
3989
7002
616
7133
2579
7798
1858
557
5540
5766
7868
1405
2709
4285
5368
4081
1377
5198
5098
4027
3161
1547
1034
459
5612
7151
2549
1250
7513
3575
801
7172
7342
6826
4859
4172
6715
2042
7647
217
3032
7107
1587
2406
3856
3568
6561
2616
6569
5629
3759
1712
7313
7574
124
3968
295
5855
2969
7739
6690
7245
4481
5252
2146
3889
2166
7336
3985
213
1018
5512
7862
383
7336
559
3286
914
4269
898
7239
532
7717
6421
3410
7371
2646
4570
5380
1664
4355
4788
6482
3557
7726
5674
6246
594
5550
6070
3978
7019
6632
3325
240
7966
4973
154
3419
1801
304
5587
6510
2296
6562
1837
911
6348
172
4636
6584
1015
6472
4818
6746
6819
1533
7544
6189
4658
4917
5626
3545
800
1596
2621
4666
2565
663
5868
2516
4152
5439
4080
2131
4173
1721
3134
380
3006
5267
4234
4662
5607
2428
7193
1135
6699
5377
3636
6444
3061
1952
7800
6961
2713
7051
7882
1225
6168
5370
4649
2931
1218
3373
6492
7721
4406
2429
2058
6478
5637
1630
6824
1331
6837
2420
7372
1222
5473
846
353
6551
1214
3267
4532
3848
5944
487
2282
1041
7546
2090
7700
5934
1357
5070
475
5477
856
7236
7574
4791
6085
1761
6651
2723
3141
7490
7537
7761
4137
6201
7555
3938
4849
4722
2801
3729
1826
3815
5217
4550
4880
1403
4979
7863
3452
2231
2801
5307
4886
2528
3877
2349
611
3057
5637
4217
2041
5690
7818
198
6952
3925
4767
1728
5363
3904
1460
2241
6908
3228
4145
5467
1405
3649
4488
6148
3698
7740
355
1183
3157
6950
7613
2211
4161
3554
4813
3178
1336
1778
6300
3416
2624
2039
6648
5030
6696
5059
3585
3978
2344
2460
3872
1093
1702
7888
4440
4424
981
176
3188
5700
3512
1898
1760
205
6213
3143
2772
7402
996
1789
1963
1915
278
4402
4498
2695
6259
6542
4763
7457
4363
6779
241
3255
3374
6780
7270
7159
5960
7655
6633
670
6180
3904
5075
1631
5201
4340
1952
6188
5730
3375
58
1699
4878
1946
3377
5080
2104
2484
3848
6843
4810
6732
2089
1830
5946
5784
3704
7622
5103
7861
772
867
2236
4988
7258
5517
5578
3453
1012
3941
2965
6555
1487
2181
2509
1732
90
7757
7324
3211
1290
715
6535
5091
330
3014
7278
1210
3728
3111
7725
7279
4619
2501
7397
5362
2616
5196
5461
1655
788
1800
5025
3415
4716
6740
7093
4931
5712
985
3267
6117
2534
4677
7336
5909
7770
522
4717
1652
7731
2832
7272
6505
7169
1913
7299
5046
5811
6670
3604
3638
7173
523
2732
1845
3350
3523
3692
2156
6167
6193
5520
2583
2271
6173
143
3829
4508
6376
6363
3803
2789
4084
4419
5110
235
7474
5752
7131
1741
4361
4269
4876
2634
1376
6359
2826
2128
3976
4756
1490
1588
7753
3304
4405
827
2440
3298
919
789
5777
4957
836
2409
7687
1250
5290
3915
869
2731
2423
1163
2992
7299
4240
6183
4411
7561
3178
3040
2774
4498
329
1706
6932
2094
6035
5052
2552
7427
5648
6728
7228
6806
6913
133
1021
6313
2713
7719
2886
4734
2204
4208
7799
4665
5203
4576
2513
291
4073
7752
1377
331
5222
4285
6215
2951
7749
5927
2595
5464
6899
313
2267
6763
3687
4347
3466
4156
3097
6338
7176
4182
7904
578
2642
3061
6187
3258
2710
7052
6427
3917
3102
3361
6460
2865
1430
726
5087
1152
123
7620
4501
2284
3619
2240
7050
3792
995
2687
7739
4833
5344
4246
1365
7875
1973
2009
4780
7352
3134
5541
3476
3443
7103
6906
4192
2955
4725
6976
53
1739
7734
5034
3721
3046
6855
2552
6334
7687
3514
3606
3029
7047
834
4002
7184
5432
469
3915
2025
4638
2428
3925
6696
2878
7418
2873
357
3790
407
7400
4698
6411
4040
4144
6628
3754
7164
6968
3414
6310
6661
421
1018
2744
7905
3615
6245
5221
1573
7150
4022
4465
7045
7102
5611
7281
3138
1345
5663
7934
3632
5043
1060
3653
7651
6777
1785
1084
7990
1251
2024
7727
2807
7889
3263
4792
114
3953
4264
2253
7832
5670
1575
756
3916
1348
3888
3281
7179
504
5091
4448
3253
2373
2533
5693
6908
7209
796
4064
424
7262
4742
6631
2052
4924
567
4236
5417
2235
6701
1718
1316
1558
1041
6123
3143
204
4621
4898
6537
3521
452
1206
1626
2305
6899
3767
5320
2596
2018
4571
5767
1292
3014
4498
3488
459
4214
1079
5241
354
4808
4194
2173
6564
2760
4442
7463
250
5652
680
3376
127
7575
70
6355
2571
2080
3447
58
6477
6174
1904
1543
3218
4602
7028
448
546
1105
2237
2775
3337
2509
534
7509
4915
2207
7238
3747
1905
7387
4070
7477
1880
2671
2964
275
5384
7425
5248
3909
5898
7141
2787
3739
4627
1848
1616
7318
165
3803
5795
3575
21
2063
3542
4065
2663
4970
1458
557
4821
5236
7330
4107
4207
7457
3170
207
3740
2090
1175
415
1598
5578
1209
6392
5172
7826
811
5400
2745
6121
4908
2444
3625
5860
6373
2966
4772
1150
5538
4090
523
5364
