1358
312
799
1805
507
621
1174
603
516
932
1180
1749
460
1269
354
1512
421
740
1568
1797
1398
1940
1582
1870
1786
281
639
894
1191
1579
890
837
1018
1495
566
1425
492
479
257
1672
451
481
1421
1138
24
885
1688
995
480
511
1190
326
1289
389
13
437
531
1675
1533
1364
744
1290
42
750
1561
1119
39
1544
1127
1967
161
161
1387
536
277
1707
1218
1763
1999
707
537
1110
368
667
1744
358
1114
1322
302
1977
1596
905
274
201
1141
1694
705
677
582
1509
688
913
1737
218
991
1102
1192
1396
1776
1205
1611
1819
196
1628
482
1962
1441
155
1291
256
1489
1000
1168
1328
1081
1006
1104
1896
372
1980
1432
670
268
410
1726
1270
1221
903
842
81
630
158
833
1584
100
278
1360
1734
1117
664
1041
1403
1726
1324
1421
412
1458
1612
30
592
1783
746
1280
614
1310
237
916
378
1215
967
63
470
23
258
1797
1477
735
1080
1950
1683
1466
930
1187
64
1386
1640
1080
19
960
1607
1573
539
766
1121
962
1489
1355
1135
62
1097
642
1185
1868
888
1223
1173
987
719
232
1206
785
1637
491
92
1763
1747
1578
1521
787
1464
1559
1108
1479
1997
397
726
1330
819
998
1842
1969
1272
947
1210
1572
1641
1211
60
966
1825
194
3
1707
1152
1701
762
1510
1895
1808
955
260
1759
1132
1110
1672
361
1640
285
1876
512
483
284
32
43
340
1510
1771
1054
966
1562
203
592
179
453
1618
1624
603
993
1919
576
1457
250
734
764
1714
1873
750
1844
723
10
1356
1532
199
1408
945
132
458
745
725
1084
1308
852
1870
112
317
878
313
625
1905
1923
1059
1939
1025
2
789
611
94
330
474
1985
386
1040
703
891
693
931
918
410
1113
134
1126
1765
354
44
962
755
469
275
692
767
1500
246
886
1220
724
598
1933
631
1987
116
691
564
825
117
991
305
130
1623
195
79
1780
387
1202
318
44
1304
284
1248
1519
1191
1527
198
560
1774
700
518
253
1212
1915
206
1382
1459
475
163
139
1883
1698
338
785
674
14
567
113
1842
686
1308
1228
1435
751
1577
623
688
1079
1850
1119
1934
1016
1886
1330
549
1569
1579
1114
859
1815
1135
1422
902
955
1042
1110
888
1144
1383
1891
600
1820
753
184
1994
1265
1362
233
144
678
687
1311
1129
526
15
1878
984
1621
130
1779
977
1659
1871
532
12
798
1493
470
1083
312
147
1773
1032
290
835
388
168
1603
176
961
1388
1274
873
308
1158
1252
1054
1084
1032
314
1911
118
1255
1770
1812
387
1439
1824
175
1460
913
1360
1534
549
1336
371
1364
899
841
76
1783
459
135
774
588
1633
1654
764
1966
1881
488
1940
862
1382
1348
841
725
61
1204
1427
1908
1013
1821
1813
620
1053
186
1171
1738
585
593
302
106
1547
1639
110
60
1818
895
139
724
1362
1581
791
363
1879
89
539
116
631
47
1693
217
604
660
1851
915
362
1363
1446
1063
1675
645
862
286
468
1054
1398
1950
148
1460
868
228
249
1243
231
1635
1390
1516
149
789
661
468
1680
1648
1613
1560
437
1492
1712
1479
577
1825
1372
1271
95
54
876
369
466
1892
1266
1289
668
929
1731
214
377
120
687
80
683
93
75
407
66
1294
253
1647
792
341
1395
393
102
203
1041
1758
1047
199
997
1588
999
803
521
563
1191
831
868
337
1840
255
1293
1369
65
1167
253
91
310
391
1055
1933
1271
586
327
718
603
1336
1101
395
1911
52
1589
235
360
1583
299
85
520
563
896
561
1487
92
1516
508
1418
16
1471
1413
993
1232
872
1124
519
1974
1760
1658
1027
766
308
500
294
66
1070
1225
664
749
847
307
500
625
107
74
380
1491
1424
172
1258
100
548
121
1029
1563
379
1674
1084
1710
34
1601
290
1888
411
1420
710
1652
389
1539
1773
591
1975
1041
271
1020
1496
32
203
1465
222
637
439
1582
1730
1002
1592
1726
92
1202
26
677
1697
1031
508
1698
229
839
972
1631
1662
205
1530
27
1127
1460
284
1768
301
535
1278
608
794
387
1459
1267
715
1534
1724
1259
704
1696
916
528
368
1599
390
1256
647
1498
1227
1366
1821
1067
1572
323
1747
1487
512
1434
1229
1954
730
1277
887
163
1363
1078
1333
1351
551
727
411
201
1071
51
1749
479
834
325
564
856
1288
30
54
289
29
1869
480
999
1742
438
987
1638
1636
37
57
48
170
1819
306
298
1884
903
319
1056
414
401
1890
505
1878
1903
224
341
391
906
1772
642
1915
763
786
1022
1292
1663
172
1319
559
1962
1124
222
781
1703
775
410
479
1502
1906
1257
502
1022
908
546
1493
105
1504
1781
1931
1599
1317
883
1233
1395
1388
378
156
794
1029
473
1135
33
1517
1698
416
46
1448
13
933
1647
1384
553
1195
1375
552
1901
1843
1943
1575
125
1593
209
1780
24
1938
359
82
1726
1058
1594
1624
1455
1688
1455
776
607
582
323
1209
1989
1984
1296
1284
547
304
648
1672
1039
1636
925
1418
1584
1733
1539
492
1989
1812
1197
136
1311
1811
916
378
1998
1838
1174
1224
585
228
1691
1358
39
646
147
1546
1467
1354
444
1089
1309
636
783
524
530
1986
793
947
1293
1643
1527
1235
1503
1811
1595
1711
186
661
1388
225
1300
1070
202
715
1111
554
110
1119
1365
1037
1583
711
1337
1216
673
449
1704
837
1544
955
1094
1913
651
183
1988
1846
244
507
791
562
1539
904
1189
1159
1794
948
1833
496
548
118
1446
1356
582
862
1703
1826
1911
1982
1524
1522
1668
1129
34
804
956
1095
818
687
1410
1346
1737
1623
545
1968
1519
516
986
1357
1216
1996
1192
1203
1825
300
1061
345
301
1160
1717
790
237
428
1648
1713
1813
46
30
183
91
1347
42
919
1219
154
1977
1885
1126
409
20
1753
433
242
80
811
1306
369
15
830
77
1173
1071
1630
1172
1480
513
1975
373
1741
1636
1660
1045
1877
1024
1312
362
526
1470
1812
1071
457
1620
686
160
1606
447
1138
1461
462
1129
1151
1356
797
298
1161
15
778
1786
1247
1332
1380
340
1065
1651
667
311
239
1122
744
1574
1688
1612
809
1839
942
273
1917
1817
1498
1799
328
1078
1218
1134
516
872
492
593
629
0
1341
103
887
401
306
1145
38
787
1802
783
362
1748
862
1220
365
393
974
424
730
1938
794
1107
1539
155
553
1526
799
126
1738
910
206
998
1092
1442
1403
1615
1292
716
701
1721
1603
53
489
635
345
1784
1016
1333
546
600
129
1501
771
1885
450
1419
906
1322
816
192
1495
298
1225
561
1802
249
1842
370
1162
1247
1090
1053
623
1287
138
193
301
574
175
1431
190
342
1398
528
971
378
1802
651
199
92
77
1715
1624
330
1193
820
690
400
850
1166
1169
1094
26
114
626
1482
304
1385
1407
41
1430
84
646
758
1869
1774
1414
1325
1711
574
1381
705
1865
153
464
1329
1811
1236
895
1306
173
71
100
1974
1096
236
1504
1986
1343
199
147
125
1728
928
1758
844
826
1563
1206
554
836
1193
840
1805
664
1095
1603
1812
1867
1476
902
732
1785
161
1111
1954
1409
848
861
1570
1835
1119
331
1246
1506
622
298
1787
402
827
306
181
1646
1807
196
579
1262
1810
966
709
1876
1209
156
634
1130
1600
1343
1022
889
162
1885
1744
744
1157
206
609
1471
1459
1006
1800
119
1330
491
1059
913
661
125
1960
1023
1916
1676
1578
403
983
691
439
706
1592
592
574
68
181
756
1550
10
973
125
137
1501
1730
1261
119
1487
1156
1959
887
1600
751
1446
705
896
890
1722
758
939
129
128
873
1430
1325
1932
1607
1125
1358
1398
369
678
1274
62
1722
1133
272
749
588
589
917
906
1813
1632
208
357
847
403
1393
99
1422
817
811
455
1106
1147
435
1529
1532
593
1440
1766
1261
1439
1362
852
1753
1718
64
624
59
501
1338
1542
162
1349
716
460
857
94
19
220
1077
1625
1930
1340
1511
1747
574
507
1457
1435
1632
74
1253
25
120
804
953
490
1303
972
1671
44
149
514
129
1362
152
1409
641
84
934
984
1327
951
930
530
1388
1556
1442
357
330
1848
1521
1604
766
536
577
753
318
1614
696
355
1061
484
363
1759
1366
876
1976
1990
1181
1577
1981
1467
384
1982
870
1375
1828
1265
1107
651
252
1900
1672
1113
93
1264
79
832
29
1269
472
122
985
579
1968
1171
293
1814
831
1360
1679
1202
1563
1274
1117
1843
235
1302
1540
1487
1718
1698
1002
1018
1705
174
1715
101
983
276
1848
869
1146
1989
631
1675
1832
178
1539
821
786
835
267
1137
710
968
568
1081
1524
730
1232
1504
333
445
329
135
1319
101
1111
92
605
465
869
447
1875
1432
1938
338
1496
1007
995
957
1076
532
1175
60
960
410
1128
1781
1765
1985
1196
1289
1149
1441
1563
1975
806
531
1371
215
1797
1372
1560
186
807
1767
719
1851
818
46
873
82
842
1861
1333
117
1087
3
462
347
1460
765
732
1183
250
1281
294
589
283
412
1141
1836
563
872
1507
920
1017
982
1026
1835
347
1235
1674
711
71
1354
970
1890
1526
1831
1216
1503
1314
1267
307
373
1049
705
1549
1502
1226
163
615
1694
1820
1002
300
1374
445
1496
911
980
1880
1443
1689
433
1536
681
122
1862
105
187
1009
500
246
1975
151
335
1900
1350
613
1342
486
254
1077
1601
1602
261
1622
1327
1416
1491
1658
476
1755
1522
474
739
1176
1173
537
1638
1835
578
901
1119
466
45
1690
1185
1113
387
1888
1136
387
720
37
458
1082
1549
726
912
510
457
1590
1029
457
867
1617
658
884
673
906
1076
1186
1409
865
3
298
1769
16
991
1426
876
1044
1689
1062
1084
1545
971
1016
871
879
197
18
912
296
821
711
1786
1123
1618
791
1587
435
1301
881
155
312
197
1379
1407
959
590
237
1894
261
1325
739
1000
823
1514
945
1318
965
81
1401
90
1892
95
1063
1724
515
295
550
1725
1270
446
124
1732
1742
777
528
675
361
1712
1996
133
53
767
525
1990
64
1513
359
47
988
1002
326
748
1054
583
1727
1164
949
804
1413
597
1143
1026
1703
1009
391
1106
6
1545
1139
1323
949
1628
554
1332
1481
27
315
446
384
661
1320
1537
1358
538
218
498
146
1870
766
1229
359
365
524
1477
1574
101
536
1173
201
1940
1729
210
746
1199
1719
1903
1834
283
1595
1308
718
1404
1982
1421
1284
1416
715
1298
1987
103
752
680
1376
1546
807
1083
1805
1573
724
1270
348
1450
423
1897
401
482
289
1926
149
459
723
632
1207
1593
1649
1264
797
698
486
973
1400
987
1313
1735
1141
1856
429
232
1872
1364
495
568
515
