10546
13096
14195
2469
9208
6831
780
12772
8083
5404
1795
15233
15854
2413
15344
6074
3454
11645
15785
932
8316
5278
10844
8659
4814
2511
2495
13217
1284
10650
3934
14367
8317
4621
6803
12438
9770
13266
5012
6072
5098
5357
5670
2024
3605
14098
9712
10787
10773
7073
1002
9097
9390
319
15988
2956
1373
14226
3331
14900
5086
10008
12534
9612
6984
10661
12295
3116
14036
12279
10589
7780
13115
9975
11965
13314
11837
911
11617
13761
13373
3746
13793
15054
3721
44
846
14968
3896
4856
10206
11891
15789
4472
1473
15176
3896
10948
15378
8285
9691
1074
4073
15900
297
13326
9357
15299
3530
1526
10055
14664
1436
14293
9297
8295
15604
10234
2285
6345
12546
8788
5267
11474
8018
3660
4034
4232
15343
15295
8824
13851
8738
11927
4925
533
12760
10245
10969
13855
13857
15580
1189
13805
5845
9357
7167
2503
1105
12731
3799
12085
10463
14842
8294
3655
6708
169
3583
1790
2962
10217
1021
4698
7694
13497
10588
12545
10860
12848
15204
6921
11814
12118
384
10466
12
5662
1325
9955
11909
12292
398
9071
6899
11199
3484
2500
4148
13732
6906
11616
4549
535
7398
11920
12290
12974
2892
13974
13577
5987
757
15734
7100
630
7004
15325
2788
2653
289
7215
7027
6249
9751
9259
7138
2551
13304
5949
1209
4175
8760
13537
8877
9628
15094
5551
7779
5000
6415
15623
6483
9716
10061
13785
15944
12625
1469
12049
10883
12830
5406
4894
11519
15742
6645
5918
5968
15861
190
14376
293
2879
11581
11317
5996
11725
13042
43
11156
8028
9002
4872
2286
7988
690
14375
14893
8955
11303
12850
7436
4787
7529
9765
14734
9175
7470
2042
2401
12941
11314
6775
1756
3847
10636
12816
14119
1788
11164
8185
15354
6975
2465
9037
13310
3321
12135
6612
6607
7560
4381
6516
7971
5362
14661
8119
11780
9479
2372
3701
185
1171
25
4894
5955
6461
11050
11174
4227
6144
11578
8461
6393
3779
10616
1162
13607
1686
10289
15059
8084
7563
4004
396
5100
11183
15350
1354
11588
13476
8252
4034
12156
7260
9526
3346
5565
11252
14620
1580
15138
12587
911
8155
4980
13565
7602
1139
9357
1120
9554
1945
4061
15898
3392
1452
10251
14269
12096
9039
13619
6464
1562
1941
9550
4924
12877
6471
9775
14656
6499
12244
14890
8401
9568
7894
12367
5633
5460
11965
1492
9514
5008
5146
11921
6984
11893
12682
15908
5744
10984
2109
4916
11377
2401
4130
1747
11014
9123
11313
12157
13492
3334
15188
9405
12102
13168
8051
9711
9827
1378
13083
14368
9417
7598
3658
12817
14120
5319
9305
2651
541
5681
11398
11692
13513
5015
15389
2863
14734
15611
7107
5002
15718
13959
12767
12417
5087
5635
12709
5688
10679
12768
7104
13845
8719
2929
14620
8900
12751
2233
11853
13396
9623
15071
7839
8318
1373
14398
7739
646
2728
8217
13938
8635
5608
7788
8361
13848
3951
9053
2657
15373
8208
14161
8674
6231
2003
2844
6532
5004
9682
15184
12442
13747
12851
4790
3067
8847
10946
13787
5934
5757
10665
7873
7089
7411
15567
13879
13158
40
587
10819
10651
10450
3332
12859
9653
1931
7527
1651
10488
14413
15811
10128
15349
11420
10308
4859
3216
11587
5514
10609
13612
7350
4453
7352
12790
11414
1199
2284
9803
7380
11078
376
4423
5613
3109
4640
2795
2899
415
570
9834
11116
3639
12797
12304
9779
5918
6513
11343
14205
14794
134
13544
10454
10543
10945
12723
7306
7580
9489
1674
2239
4021
10432
5592
15935
11529
15749
3513
7508
5839
15158
3150
15180
13122
3610
13857
5276
14102
1372
943
14241
12181
3228
6422
1537
10459
4512
15452
8624
5034
1064
8793
11151
1515
13407
7619
9519
11074
6125
8020
4275
9804
10025
2714
850
2296
11884
9691
3580
12031
1921
12322
148
14977
13240
3050
10332
15934
7962
12262
7023
10349
9014
2411
11751
1468
1178
1787
4382
9957
15966
9199
530
5226
1242
2624
15074
10477
5879
6770
11381
10798
675
14877
6330
5665
5214
5529
2441
1451
11506
12741
14120
2553
9151
8820
5610
14461
7348
1397
627
5766
13530
6974
13718
3963
14602
13364
5087
5300
2495
8090
6060
886
8198
1427
8822
3336
2578
3029
7854
5750
3052
2412
4290
6242
455
15144
6078
385
1649
2341
4623
14905
6630
10997
10340
14037
3839
10732
13613
3043
9160
8199
10565
9387
12270
8313
1324
14412
4055
11732
237
7796
204
15185
1951
7355
10705
13756
2822
5405
13334
126
1881
15506
5254
13128
1054
14668
11388
10842
7602
9357
12309
6381
12261
2338
1440
5443
12353
7039
8754
2889
10603
15352
1623
4197
4259
14746
10211
11618
11622
14116
13158
4342
14515
4133
12093
3052
1898
1331
14277
15858
14671
3653
7467
257
5934
2094
12895
8932
13209
9015
13479
104
12237
10967
9936
7711
6195
6417
10751
3664
12162
12138
7077
9214
5761
2310
15633
3219
13546
990
11167
5802
11114
14368
10510
5750
4422
420
6255
5329
8471
8326
12218
8037
5046
11620
13435
5873
2098
15797
15913
2745
8830
9668
407
909
14504
5193
900
5875
13508
14754
6733
7667
8551
5171
4290
11008
1743
8023
6037
3966
2848
10753
11502
2676
6345
14836
1308
14416
6661
12571
2407
10449
14462
13701
12289
11029
11660
9601
4891
9279
14490
10706
6035
1092
2473
1808
330
211
11502
4507
10388
7135
10903
9148
14409
3146
11436
3289
8952
4271
13200
9301
11707
2124
13094
12162
4262
4746
1296
68
10841
1195
10514
5699
12469
271
13461
13900
12587
4515
968
10309
5552
15207
4193
9291
11853
7449
13185
14698
3538
14723
10550
9080
5034
4190
2714
12814
4554
15842
1944
11428
7876
9579
2254
15432
632
14665
7694
4091
8041
4644
14079
13864
12845
522
225
14146
6399
3735
5998
5496
8943
8000
4187
6040
11960
15420
3966
9726
5426
4367
12425
5430
1502
5940
1908
3254
15007
1126
1657
11185
15240
267
6713
1945
5712
10814
5884
15156
5602
8439
8086
11098
2577
3161
2916
5704
3049
13208
4854
3108
12577
13573
4807
5646
1836
9784
807
4319
10990
4697
12858
13825
13324
8203
4633
3691
4700
4213
2326
2999
4220
15725
4124
15585
766
6851
949
6558
15425
13352
11046
12119
10203
1466
10805
5697
12082
9261
11147
15642
9130
10135
14259
13697
13816
1751
7362
5106
7701
35
6929
7262
13007
1326
15270
5859
9081
15218
4273
8749
12483
2335
14642
15976
12580
6560
4152
6369
7923
11718
3523
6200
15126
9619
9675
196
4433
165
8026
15491
6336
12094
6484
8636
2272
10732
6615
179
6983
6233
4285
8
9716
7601
4670
5805
2241
5675
5939
7810
8821
13751
5877
8591
1398
962
12516
2397
5659
6057
13699
14449
9376
8248
3777
5094
12723
15325
9427
12198
4011
237
13116
10949
14680
2450
10862
14330
5621
12881
7562
14266
13498
9396
836
3571
3470
8472
14562
7906
11098
15765
8675
11537
6777
3077
9660
113
3531
8499
9406
1167
9577
4642
5651
12150
1650
1271
5863
6050
5764
2820
13475
1180
1351
9585
11988
951
1571
13961
682
2405
10129
11678
3997
11318
7695
9498
4522
9583
11821
548
9019
13635
11717
3691
10405
4401
6088
2578
3787
12921
12978
15544
480
11196
159
10915
13385
3503
4344
2056
2976
5627
13510
11385
6741
5173
7463
5739
3695
5237
2781
3427
8688
15893
388
8381
5335
3080
4956
14617
3903
14164
14660
1378
6949
8877
13128
4860
3271
10288
3537
4362
8871
9784
14459
11481
1199
12513
9604
11372
6510
10647
10719
1572
14976
2521
8424
7308
8972
10512
6963
8895
2791
14982
8829
11638
1879
8325
3524
13362
5618
13453
5747
7810
13476
10416
693
5746
4174
4750
10346
14352
15884
4329
11703
2716
11407
13668
13752
14155
10025
4701
81
10040
10216
4835
5666
15976
217
6102
12184
14968
9070
3866
5024
8677
10106
2295
13815
11384
9944
2321
4637
5708
15660
2942
1128
10749
8641
8073
4789
8815
9362
13571
11449
7352
5348
14016
2165
4395
8976
2229
11080
2178
15583
8108
4766
13735
8717
8097
14023
927
15088
9405
12898
10644
15538
4076
9464
4477
6202
11549
13221
8556
5162
14869
5616
8691
7297
7793
7740
1076
8671
14262
11864
10756
4585
1942
14001
2364
8643
6594
39
6556
7226
3814
2684
14939
14596
4294
13161
2767
14878
10483
1611
14005
3285
10409
5754
4510
225
8264
9403
10871
8491
10605
843
3891
9648
9261
4251
151
15101
10094
2716
3489
5978
7521
1328
11414
13443
15007
447
1703
13841
1503
9323
15295
11384
210
3803
11884
13481
4251
5428
9831
10200
8558
5158
1729
1752
12100
9506
5804
11554
10808
938
13924
3828
4354
14656
5688
3094
8205
2048
12729
13496
182
12106
11133
11767
2851
407
1040
3838
13374
3309
6777
5065
1485
4333
7652
14469
14128
13578
13553
10643
10934
6228
10264
15916
9627
114
6710
11294
8226
15022
13497
6581
10827
3755
6757
5301
1970
8369
10816
15107
6276
11945
7712
3171
9886
676
5327
10203
9668
11285
15448
10167
378
8735
1137
7974
13058
13833
4228
9090
13171
6479
12892
173
10611
9554
7273
3478
14609
14255
1327
3035
6337
14252
11985
4105
6773
3406
4150
10238
11860
12553
10325
15984
6425
4623
15651
2950
2443
15050
6678
10276
15764
2276
8276
68
6785
4611
8701
2815
8661
2451
13330
14636
12234
9531
13184
2975
12005
11633
2765
787
5045
5033
10206
9122
13992
14248
8546
13424
137
10360
4959
3304
3609
4084
8919
6174
9417
11395
4886
468
14738
11489
9499
13976
2930
11545
14241
13322
1284
11407
9672
14012
11578
15417
15589
3250
10169
13038
2531
13064
5840
7895
8148
15027
12438
11778
8472
992
1440
14869
3752
14072
1500
2719
13696
15813
15630
2954
807
9134
8804
5165
10972
11294
13239
11262
5471
12803
9953
1508
14808
7411
8885
6059
6632
8424
3103
12305
1739
7340
6105
11645
9895
13264
3527
9935
499
5334
9585
2514
1543
110
6810
15822
1084
7005
13057
3515
8383
15482
14260
14224
5495
2515
2827
7352
1424
15340
14024
11430
2852
9639
13641
7680
518
959
15463
2422
15786
15854
495
1334
12084
6959
13755
15736
10011
4510
1260
12724
15098
1403
8645
7412
2931
4557
1191
7107
64
5795
9509
10053
7384
1270
10947
224
13242
426
9424
2840
11352
4403
2653
6137
1571
7252
12633
1965
175
9987
10698
6061
12931
617
9386
12948
6528
11909
1628
8847
5996
12656
6345
10353
11161
13243
8860
8675
310
116
15254
1337
7858
8776
4750
15583
8392
2242
5001
7922
9900
3762
9586
747
10192
3881
9078
15222
8403
3232
6654
13025
2183
184
3914
13104
7965
12955
2215
845
11375
13826
14284
988
9706
9425
11991
14765
8598
3421
10463
5451
9412
6989
11573
1457
9171
7198
1596
12956
12062
14016
14434
6268
6789
8286
3514
15620
4503
12603
14648
7904
7385
1080
10888
14982
2486
4466
11659
11942
11650
9096
8175
5051
6444
1146
13033
12483
5504
13612
1170
395
11415
4106
13915
6820
5212
1350
12974
12530
1339
2621
15267
12514
13287
13432
3292
9019
13512
6223
4862
398
7552
9767
8780
4296
14105
5339
10977
14822
5965
14776
11274
839
3184
2723
3774
7325
5118
86
955
1661
8509
11847
5822
3735
9487
10409
7134
15103
12118
9483
13957
4649
8835
1055
7180
13812
15294
15254
15346
10717
2860
1062
15417
852
1759
5165
7006
2859
8544
879
12403
4267
9553
11644
14554
13249
12226
301
11680
4310
3859
15052
3699
5180
3585
3539
7490
15684
13390
3789
1007
4076
273
15449
3379
6581
14871
1614
6031
10771
10997
6392
14059
7422
15660
10751
333
8486
3319
6248
13623
15299
5299
11957
7709
10
363
1448
3073
2363
12544
166
2349
9047
2673
13366
6413
7920
14285
4904
5798
7192
10802
978
11831
15483
4096
15862
13930
11401
13856
6591
15415
9931
6122
7658
13014
5847
13368
258
14302
13535
7173
11075
6527
6115
8896
12192
13656
12551
6963
865
11638
3583
6027
10980
14443
8998
10755
5507
4870
1454
3505
14742
15412
7794
13933
8207
7794
5480
15834
1732
14318
10418
18
10058
3898
12115
498
124
15275
13951
12671
15515
12884
9483
3187
12431
10010
5507
15464
5324
13428
12250
14496
11088
9154
8892
3567
1352
9798
10752
5189
9043
2755
14393
13276
222
7216
10603
13946
3758
3993
4571
6627
10236
3475
4352
4831
5178
10074
10261
227
12276
13961
3664
3295
5714
1268
9132
13091
10170
6181
13667
8943
11922
15602
2936
3349
11427
14264
10608
5069
11161
4406
11680
12949
13094
11144
10914
3011
9927
14909
15073
12585
15775
6808
6100
15459
7039
14048
7624
1727
2951
7908
9429
7370
10725
13711
1522
8563
572
3235
9381
990
14241
14101
2387
1864
14143
9477
10293
12818
9242
7001
13675
3436
10480
14453
9771
4639
10556
9113
3474
14454
5844
1110
15131
9290
5810
10158
10029
14377
3407
5319
9422
13731
15787
6092
6262
13104
8170
1505
2302
6977
536
14144
14135
13153
5517
12149
14103
2056
7148
2226
6159
3837
1861
1232
504
15588
7002
6371
4267
619
14975
7928
7727
8589
4506
11757
3853
386
3530
4973
3520
4036
4645
8712
9801
5693
2073
5739
3934
5778
15731
15424
3522
2182
13950
14373
10672
13580
6980
7105
369
13166
9584
13577
10381
15251
15443
8974
13854
880
8325
7039
5824
3726
11812
7491
3876
2995
11192
7467
13124
9520
183
2776
4273
327
15012
4009
10376
6070
6609
11486
9731
14692
7878
15310
14891
11559
11578
3009
11691
944
11710
14059
6464
13460
11385
14982
11469
5495
7822
6410
14603
13143
12954
3212
13534
6642
3033
3377
8898
10197
1384
4301
13028
7171
11429
7068
6221
11070
434
6939
4537
12149
6553
14084
10246
3401
15497
7141
12104
3517
7999
2652
8441
11130
4608
15345
8654
3133
706
15120
4004
5086
11115
4897
13849
6142
15153
5062
7992
1739
5536
14128
1740
498
5818
9758
11733
2083
696
7412
281
6074
2287
15604
11857
2063
15694
9243
13828
9051
15107
5658
15986
12229
13886
7151
9766
10376
6286
8096
303
2755
12391
15764
13672
4190
2756
13326
14834
4371
5097
5446
8387
4896
8002
10790
8792
2312
14311
3358
12166
9728
9025
15524
4718
12669
9158
3276
12303
6616
4960
2431
10614
13082
6379
10459
12944
9962
10717
2983
1952
9616
5121
5745
13899
6693
988
2886
721
10841
8240
2190
5974
8673
6942
6657
4830
4219
12774
10698
14936
10399
4043
10294
4305
11204
8594
13721
15689
7883
8872
5694
11811
3212
9059
9352
15157
12412
8289
5929
15488
10232
9357
7678
1785
6192
7616
7430
15878
5938
9475
15486
7172
6674
15987
5402
2181
948
4157
2785
4375
14134
4041
14757
6847
14460
11508
286
4613
13785
10613
11427
7977
9046
6497
6276
2419
11043
5065
4870
5928
10776
14721
14844
13592
5094
8828
8958
3413
734
15443
2505
8574
222
9956
13619
3385
11604
14871
3145
13247
3696
5692
5639
9744
1130
15888
12466
14152
9069
11103
10966
10506
4639
8259
15448
4504
11085
7306
3127
133
3256
9654
355
8449
12790
1565
58
1620
8583
9265
14747
11622
5365
15194
9001
8954
4006
13695
7710
9851
8642
2980
6985
10351
1979
10413
15909
12040
2429
321
6168
9945
8116
5066
12613
9126
1972
2072
4750
14036
1546
421
937
8703
10653
2419
6237
2218
11391
7058
11610
14865
3670
15166
2355
2075
12641
12708
12025
8556
12329
4677
8565
9366
3015
11636
8833
9071
7628
9721
14211
11389
10960
7768
14727
14
15642
2604
10744
2277
2921
4780
507
13710
13533
6351
12265
1747
14981
6156
6503
15303
3974
6459
12707
8959
7780
14615
10796
14433
368
7908
15982
13716
78
15917
1481
3095
7586
4007
10830
6510
3287
10162
14998
9974
11403
4477
2878
13018
5658
1864
5122
2590
3014
581
7797
13400
13056
10776
1626
12671
6230
9854
6563
2908
3576
14089
1795
6173
4072
905
13874
1416
2238
12295
15933
10317
6677
3691
6919
8308
9238
9917
7136
9845
11294
5384
8895
2406
12431
11994
10911
3791
15536
12137
2164
12313
7618
5072
13769
8613
8480
6774
120
3578
1041
3984
3589
14742
9902
9788
14871
10981
1514
9038
3987
12240
15555
15400
726
3180
13572
5314
4239
2643
15540
11850
5048
4368
5151
10341
4143
692
3326
9619
373
5509
8645
8240
8961
9558
1930
5014
11842
10482
10765
9696
4272
1330
14568
14922
15502
9262
13268
14388
3902
7056
10773
3909
11840
1028
6147
5548
8137
3147
6711
898
508
367
9934
7756
7751
10257
11229
4508
11101
222
12145
470
13131
14368
8769
2576
6329
2417
12787
8211
960
12682
7
14335
10978
697
3556
9226
11434
11249
13821
6248
9185
8955
160
5191
13546
13899
7643
11762
9275
5357
10123
3861
120
1054
5506
8352
2990
7159
1236
10052
2472
14148
446
6042
6130
3955
1844
7267
5224
11560
7558
746
1785
8046
11950
14086
13566
8839
6072
11963
3761
15332
5582
13824
1867
5424
2783
3612
5182
3974
2668
11690
9740
9156
15471
955
6850
10487
15720
11802
2453
6645
12677
12074
13079
3594
13293
5868
13846
14538
11433
3869
7314
8070
10031
636
856
6233
11789
7466
15551
1634
9774
4777
9598
3468
6092
1927
6057
14344
13683
11028
3014
10588
10926
2126
11408
15509
10704
7390
6983
1304
4832
1339
8498
5399
12834
9837
51
7071
5694
11756
773
11981
7312
15399
2708
4385
10891
8864
11896
3818
1866
14260
1552
13153
9013
4856
11959
13778
13132
7487
10022
4597
10899
569
5094
9307
4122
5558
4591
4612
3112
9352
3938
3341
7428
12805
15968
6278
6495
4651
14085
354
13537
14047
3973
5000
15438
9038
2017
13446
7509
12532
8901
5605
14453
11579
641
8727
13452
2875
4386
11661
11006
9888
3373
12389
7294
7593
3575
5313
3708
12237
13476
9011
299
11512
15290
7892
4270
5747
609
7540
7518
7265
3641
5099
3386
10341
7128
3726
6252
12897
15070
13629
13556
90
6967
3482
8179
5111
7021
9300
15254
13736
3495
13729
14365
5348
5443
5962
4743
10506
15883
4960
1884
14953
6550
1676
4759
11739
15166
11652
1069
7820
2105
11802
6462
6616
2006
1262
9175
10067
10326
14020
3042
9058
7397
12272
3115
13446
15411
1134
13199
2873
7476
13966
8003
13425
6000
3276
62
833
6663
12094
3908
5535
11461
13094
4753
3008
6878
2727
5534
7199
3270
12565
9746
9373
12335
15845
6728
1475
4128
323
3321
2211
5551
8515
10502
1372
6747
15791
2277
12475
1928
14847
13605
11390
13335
9190
5663
693
15905
5513
15675
6210
9041
4683
5340
1279
14427
6979
11753
11390
14493
13263
13305
15723
592
10306
2202
13582
1003
2488
13503
13933
5140
12939
2755
12559
4931
15582
670
1498
11254
14934
9379
4510
15755
9833
2163
11691
4157
10446
14210
7708
3261
3860
8259
1975
5868
2383
3059
13036
4403
2285
3455
2811
13568
3366
4627
1203
4957
1170
3777
3285
9006
8660
8650
15767
9223
7796
11531
8132
6312
6091
2054
3840
1558
5015
5900
554
1239
6574
8581
9690
13897
4944
11356
2570
6431
14997
11273
10960
10617
9989
11068
2505
3615
5190
6947
6034
2651
4976
9944
4464
12016
1277
7402
12303
1850
5084
9350
8040
3043
5412
4803
6715
5951
7141
6791
11452
13509
12315
13976
3274
1963
1980
12867
218
6173
14449
10147
3314
8985
12257
14
2002
7530
3368
9762
4397
11198
5094
5479
10004
2278
372
7329
10484
3499
4146
2101
4662
15175
12796
309
2820
263
7995
15754
8108
7163
14999
10685
12957
86
7626
2402
5261
15977
9232
9505
2237
12727
7611
14690
12372
5556
7650
6932
12008
13087
14137
3739
540
10745
8829
6356
14307
10912
2438
5190
8419
2573
5374
3558
13300
9255
2224
12934
967
5953
14202
11868
2724
11959
349
2603
6219
12704
15667
11920
13308
10288
10496
4075
12690
7085
3040
12008
13771
1420
14496
809
1187
5544
3561
8210
3037
9630
12568
4272
10275
15175
169
8135
13509
10323
3793
10486
12061
11390
12586
5897
10515
13554
1545
7259
12221
9657
10859
12134
12318
15581
10766
3049
8335
9375
8477
7092
10940
14544
8323
10643
6853
5838
7009
6997
9604
6687
8858
13688
5102
10147
8843
15218
10386
11513
15448
12574
1471
13809
15202
2242
6595
5673
597
1721
7885
70
10077
10946
1780
9041
3320
6755
14289
1963
3046
10747
15174
3246
11966
10595
5858
4066
3355
4672
5085
13529
12915
8553
446
7336
12039
3055
8988
7298
5750
14157
14208
8946
2157
2861
12138
2869
12921
5205
3947
433
14589
3756
4079
7446
1343
8173
9501
10896
1308
10855
3415
7462
1756
8942
604
12466
9376
12898
5389
3197
11512
6489
1101
1014
1553
6252
9345
15119
6412
12059
4150
14389
10985
6622
15714
1770
11554
2505
4931
6400
4692
4826
14692
5875
10904
12130
5950
3812
5233
3214
5627
4654
7389
13074
15958
15783
8974
11121
6558
1397
4915
5867
6872
6666
3695
1410
1028
4285
9963
2731
4344
8582
3719
8462
1769
14038
11691
9850
12425
11281
4924
9193
12874
2217
9387
15530
64
14296
3879
15537
15780
4986
5618
503
13044
7812
8401
12815
5944
5285
14493
4935
11104
3063
12023
15735
1866
10594
8473
9321
13535
14606
9927
356
1245
3074
227
2391
3631
12126
8992
14239
15608
14897
10831
10613
3374
15224
213
12407
10723
1972
12606
6609
8352
2726
12650
6280
7274
11562
8165
14563
870
941
981
14838
7320
1741
6668
2252
8007
2956
1214
9264
4221
14511
14284
13592
12842
4025
9534
4911
12264
14079
14160
1406
10970
11112
8995
2358
3501
7363
6292
2332
14272
14789
15018
8209
7392
3997
6185
15293
8876
8118
8515
4056
152
14857
3438
7700
11533
1308
11857
7466
2348
1050
5976
7424
8883
2192
2407
2804
121
10818
9130
4040
5011
11816
15627
11178
153
136
12861
12894
3330
1073
885
10890
7596
721
13625
14238
12665
5876
12113
14558
11283
153
6617
13
8655
1778
632
7095
6703
1465
5419
12060
11906
1706
5563
9012
10406
10273
1357
15971
750
2896
13848
4027
15262
14108
3377
15976
2963
1941
11522
1340
12672
14992
8537
7512
9938
9315
924
9331
2869
12733
1819
3786
2096
9375
5630
1828
7404
3451
13021
7169
13330
14951
9198
12639
4946
638
9817
5416
15999
5972
296
1339
15703
12819
5722
12821
10465
8119
5399
9628
1775
2146
15229
6792
7235
860
2200
3438
7374
13867
11377
14955
15123
6219
6205
11113
11051
1419
11830
14353
4449
5252
263
11725
4093
12726
4833
1656
12830
8128
939
2725
1600
6844
8022
9609
13150
2997
5326
5638
10673
1349
14220
9684
11542
3920
8264
7374
7949
1623
12236
11863
10973
15481
5220
7783
13014
13453
6898
8758
3119
12628
6174
14595
11533
606
11562
6785
2341
13052
8675
479
15608
9438
1331
5106
11965
10440
4948
7042
11357
6645
8095
7598
14488
904
13315
6140
13381
3371
2961
12673
950
3015
7475
14377
4921
7262
3453
7460
1595
1800
3355
11502
15112
776
1386
15352
11054
9098
932
5496
4479
15099
8371
7498
820
13957
15526
1409
9902
6566
65
14479
5976
14828
12846
6668
8233
10063
2130
6438
11846
1962
8379
14246
4676
7512
14005
12315
14219
9959
14076
4133
6998
9852
779
8928
3926
15555
14995
15722
6006
14480
8711
147
11322
4759
6484
12320
10817
11204
2606
4668
13033
15032
5254
2556
11025
14305
4888
3341
6265
9909
8736
637
10950
5899
15532
1058
15267
12310
12557
5674
13825
3326
2535
3905
3582
6941
11112
15705
7652
3795
11541
15513
8264
12294
15808
740
14163
2233
11030
4484
669
7368
6229
12275
1333
2877
4378
13382
12093
14162
7256
4279
11058
5764
12517
4301
5194
3025
14510
1194
1014
5134
10891
2544
3335
13031
8365
3409
15213
1523
9140
13363
8730
8434
1117
3324
644
13223
8537
7935
5066
4812
5177
9730
14190
3511
10116
15851
7232
14599
11243
14343
14428
3978
13588
8311
3786
11183
2578
8120
6467
5666
1782
6989
12179
8970
15359
2571
4634
2395
3820
13185
5612
11864
8306
11906
6936
3753
6474
7504
5766
11284
1505
15590
6009
2523
2611
2146
11189
5426
4018
1805
2746
15068
6368
3336
11438
3041
9084
22
11992
7918
4056
14336
9672
15305
7497
12841
14101
9199
1593
15278
5695
13515
2007
7225
4787
21
11629
12131
748
14277
4945
10947
2742
7475
4469
3736
4493
973
15258
7310
10533
11892
3105
945
10243
6515
9090
4459
4552
11932
8405
4667
10254
8065
2318
2549
15723
2764
326
8111
2835
5692
5556
847
15898
7484
442
1967
726
2210
12956
6506
610
1153
5067
8006
8896
555
6112
190
13718
4550
14244
4266
14489
10249
10316
4877
4999
1812
6466
6267
4302
12266
6814
11685
1866
9996
6963
11011
4652
6962
5702
2972
4214
9256
12378
4597
15394
4036
13735
1812
6498
10752
8360
15279
1795
8760
14035
7670
3179
7809
8420
10490
4673
12707
14931
15672
683
4277
14820
10822
9906
14804
4317
7321
6467
11519
5969
14449
8399
402
11291
4193
13585
10973
13799
382
5487
4705
9322
14756
3578
12582
7601
5344
2704
6076
2967
11005
5153
9036
1489
4142
910
15321
12451
12373
685
11289
7093
2670
4969
8426
5504
8091
8071
6771
9315
6220
12035
9048
7890
138
3097
10905
14766
15457
14175
10888
15023
4200
13967
7397
15741
7790
14179
10903
4062
11203
2201
9993
8970
7584
9878
6943
8859
948
13351
13780
2592
7371
15074
1778
10833
2845
8619
13036
1884
7089
9810
987
4958
876
7258
9235
14445
7994
9685
12642
8274
2904
7147
14053
3156
13755
12409
11398
5423
1056
2261
4245
676
7729
2864
5122
1834
13009
9749
14005
578
10372
15374
6282
9704
11390
9829
10476
5157
8391
11144
7309
4290
1543
14598
7103
13975
7796
14390
12146
7809
14420
9974
15179
881
14513
10513
15325
289
8985
4410
14982
14946
13839
15541
10600
14866
9746
2709
5635
681
8391
6944
6508
8178
14149
2382
1324
12374
3709
11120
2104
11347
14276
7662
1160
14220
4991
2473
4693
10619
6762
1023
15732
962
9861
11244
15818
9630
411
5197
10731
4348
11888
10944
14548
13222
9990
12840
7360
13846
7948
13645
7210
13291
4964
11680
5345
13177
4431
13340
6337
15355
14648
8007
11283
9315
7194
14552
2179
7250
1934
882
15802
2212
8436
8974
10136
1442
1598
14712
9359
15067
2132
2288
14239
524
6567
5873
15465
12476
15574
12558
1395
12901
10358
14455
7671
2124
5506
667
872
6130
12127
8040
14722
9379
10889
8493
15500
9515
6496
4513
1069
1064
5129
8573
360
13819
386
580
8758
10200
1222
2851
12735
11773
13977
9074
8372
13440
2289
5466
4684
8256
4865
4113
984
12541
8931
14657
14981
9732
14432
1800
5166
12291
13151
15128
8412
1787
10345
637
14811
723
4949
1023
2553
1032
2965
4765
2398
14210
15643
1338
4099
11522
4329
9172
13137
8888
7988
9198
11990
5362
14388
11920
6822
14574
14731
5733
9676
7376
5583
14210
2284
2223
9142
9670
3958
969
13149
1116
6025
215
5685
7133
5346
4220
4874
4499
5119
5206
1585
15705
9556
8119
9422
7838
10153
2030
14783
7816
2958
14526
1705
5428
14844
14960
12701
7836
14474
11396
10598
6418
15944
1283
6641
9961
8124
14832
14809
7218
12023
8669
13071
7716
4178
11673
8483
21
4426
3207
15665
3109
11765
15498
9194
15866
7328
15900
11966
5413
7048
8190
291
6307
11697
6538
3461
12032
4581
15652
11210
12182
11340
9807
6784
13812
13861
1499
7590
9178
927
188
1428
736
3542
1527
11784
11701
2413
15029
9165
10373
15684
1786
265
13684
7766
4335
8868
8520
13490
12635
15825
8355
8340
3632
954
10093
2976
14658
10444
1872
10042
2706
13084
7645
12420
9801
3060
4428
8565
14144
7039
5728
11411
4284
908
15849
6477
11063
11522
14947
9335
13785
12129
9276
226
4486
13680
15667
8727
11793
521
8284
9008
2958
14461
13120
8148
8004
10661
15009
2509
15809
13574
14042
8392
13448
2080
7269
3624
13798
14035
8055
8582
13539
15471
8390
1481
1619
4055
14698
4319
7180
720
737
1173
14385
13547
1453
7705
941
8589
6168
3209
7484
12568
14488
9911
12963
6328
15565
892
5120
7628
12198
1462
9916
14958
7972
1887
13084
8609
7223
14667
8055
1558
6596
13566
7042
15259
6472
8743
9671
12065
8726
8125
4404
15464
14396
5557
15696
11337
15364
1373
6024
7455
9110
6104
15912
13139
9275
13238
9189
899
10300
11055
11159
10319
14057
9981
9860
8384
693
11603
12374
5204
638
15101
2351
12202
1003
4629
1107
12358
14191
3039
6404
7170
10602
14658
7531
1426
5102
9572
12850
7474
1694
8800
7982
15342
9011
5543
442
2317
15384
12912
543
283
13749
15837
2223
14994
12746
5932
4721
3749
7281
22
14326
10152
15685
9415
7242
10015
13474
1147
6790
3681
4354
13746
2051
4328
11270
15503
5289
7736
9494
12115
1381
12778
13471
4976
6969
5333
6395
717
14445
855
10095
13974
12771
325
15821
7612
5128
9197
14906
3344
12006
10692
14602
5879
14551
1073
455
11979
13909
2933
13137
1231
4588
693
7583
76
6096
14885
6691
844
139
2643
1740
5106
14926
8589
3749
3188
873
3056
4891
2743
3542
11535
1371
1670
7536
15164
14426
1390
8641
15990
5358
9784
3704
6255
6682
10372
2170
4664
5223
14334
8847
3851
13037
11200
10941
2357
13041
11460
2866
9374
11176
12804
3290
15990
15130
15280
4753
1278
6306
9611
9202
7664
5394
12131
15950
2956
5619
14891
4665
1857
6505
11062
4926
1780
7733
9106
178
4719
15829
14975
1062
12265
9414
3211
5878
1326
7273
9803
12414
7915
2179
10296
10349
15640
11615
2083
4401
13314
8590
4310
13458
11636
15439
4681
10075
2945
5769
7294
6578
1649
12661
13818
14857
1862
10200
12000
13101
14825
10862
1963
8060
14198
11491
5255
6963
3489
11514
9805
1125
11971
5457
11801
136
4741
13243
2570
14378
5671
1229
4758
1985
6126
13941
3335
11423
12840
6723
278
9092
12637
2635
4002
2766
11412
9763
1549
1099
10303
10888
948
4655
2116
413
9737
6945
11816
10195
10702
14191
1370
2916
12271
10467
3482
11384
5245
5293
2692
2027
11971
9215
1469
4262
12935
8632
14136
8618
6750
11960
5030
10539
6188
10066
5240
7897
9272
2143
6802
9657
7144
4335
5517
3506
11293
4251
5545
8356
8877
13814
6734
307
2041
13218
15549
5922
11563
5374
1752
8921
5262
14077
13706
6537
3338
14098
84
6246
1082
11591
501
8211
11052
15597
4150
11804
8628
14062
10831
11036
621
7614
10617
639
14670
6000
6545
5474
8036
12901
614
9367
11057
2079
11295
14916
2337
14771
1996
4139
5797
10973
1671
10372
3951
1966
11462
13446
12872
3424
10945
13060
8209
714
13818
2740
8276
15342
8046
15500
10118
11824
598
1350
2523
9762
1818
12546
9414
506
1235
13833
12172
14373
15227
815
10628
11508
15284
467
4589
11253
7729
3585
10732
10461
14149
12342
8608
6304
15238
12739
227
419
7837
330
13728
5641
12973
11365
4940
12330
2398
10599
11907
1954
14085
8378
3007
6405
1650
12391
7351
7472
14165
15285
8914
5819
14669
3176
3142
13066
5263
6698
8018
8579
10415
5512
3092
14810
2830
8083
8455
7943
7137
4135
10909
6233
601
8136
8949
1572
5492
11944
6970
13974
9184
2373
4759
7720
9735
15407
5082
6960
11708
14311
548
2451
6144
5987
3530
2327
8048
9135
14924
15574
3535
14637
3312
2510
15404
2685
250
2070
3248
10743
6537
5547
10118
14549
14865
4713
7911
5614
9968
1941
8129
12701
5167
5015
3
2496
9304
7621
3591
6620
7919
15578
13597
12510
15118
1541
5936
8316
4512
13470
1816
7866
5306
12147
3067
1673
7697
193
8032
12042
3996
1086
14418
11760
583
12755
15533
7427
336
9959
8328
9280
15682
6999
10687
15902
1548
10370
10523
2283
3518
13824
1440
15573
11487
1138
8308
1669
8429
13172
14823
7398
7538
47
13731
132
14527
6028
14961
13711
4296
7043
15525
3966
5531
2705
12968
464
2942
4808
8608
10477
11813
7296
15294
11179
781
13227
13859
7150
5368
5575
3440
8807
10373
9068
3433
11005
2539
5
6340
13384
2386
3611
7828
11449
1614
7245
13261
12120
3192
1500
13811
678
5803
7523
2276
929
13528
1315
6206
7270
11015
3068
15214
7664
4587
1016
10838
1662
9120
130
2586
915
8195
5172
15240
10263
174
9038
545
3355
4622
11970
6216
7866
9763
2155
14982
1307
5588
10206
14712
10770
13421
1241
2902
6758
8246
7385
5920
11437
14001
11336
10599
13140
11887
7506
3125
10043
7823
600
1178
14973
5972
4734
4308
5325
12002
4191
13722
11516
13845
9952
14597
7319
4990
7202
5147
6828
3324
8081
2682
15533
8306
15641
1566
10094
6058
4473
3919
3145
6854
9903
3754
15969
2014
3987
12361
7939
4539
256
13458
12584
2735
7341
665
1559
2063
9113
10675
8743
6991
14117
920
12194
9016
12347
3123
6086
456
13356
11914
14821
11430
14488
11333
4524
6976
15878
1373
14336
7043
4500
4450
2692
3510
11848
12776
1463
5108
15620
10639
4283
452
5272
10414
12336
8022
6258
9756
8255
477
13808
9754
9907
11651
15062
6368
2753
6541
9947
4035
13928
9229
8030
5119
14067
8766
3382
10535
9628
10879
7207
11302
10315
2799
15600
9969
13692
10785
14720
9163
1854
2300
1737
3892
15831
12850
4910
751
11397
3419
1686
10415
95
5165
9122
10717
4570
11354
14715
11016
3688
2951
4036
618
11579
15460
15535
5011
6952
13932
9771
11701
6182
14267
10683
1163
6133
13575
1378
230
8155
188
9787
11221
11913
11448
10405
7408
8733
6560
6426
7361
7105
1501
5025
10448
4848
9783
1754
5450
7129
6924
1207
2253
9948
9132
13898
4435
3249
3284
13752
4280
3496
14790
6861
10473
7434
14465
3626
11563
15135
13474
1945
2053
4937
8535
6913
13388
15950
10876
12916
201
563
84
6758
14472
6467
5733
12153
9152
13103
15088
13811
10586
4687
15627
8273
14112
4103
14813
1397
8579
5701
118
10618
1416
13990
13896
6696
5457
14392
14918
9859
3396
5850
3864
254
14042
14400
7416
8013
8710
5779
6060
15704
9919
5301
1440
10315
15660
15778
14111
7114
15979
3570
13870
3010
11263
3834
11525
1115
4820
13203
12971
13449
6895
6770
11181
13122
10422
9270
8826
14538
3545
5889
3678
7210
5980
8253
793
11199
10179
15488
14492
5614
9561
778
1887
14581
12828
8555
3809
8669
12360
15554
9789
10763
11902
12320
11110
1526
9617
13578
9215
13171
14830
669
11353
10797
5285
10060
15498
816
920
7493
11302
5540
10175
12147
14237
14998
6677
10780
6065
114
11938
14121
3602
8461
294
1670
5527
13663
607
8992
9755
5454
7287
15883
1266
10533
14478
8518
3079
9891
2271
7190
11796
9264
145
4750
14076
6187
7708
4784
9928
8542
12502
3118
4540
15891
11162
3657
12053
3520
915
1371
4322
14045
2730
6640
12412
7382
7818
8078
11044
2844
15052
6805
311
9815
11972
11841
11024
950
9447
3661
5114
11110
6231
9650
2384
11040
8845
14606
7476
1501
13602
12447
5096
7461
6842
10478
4300
14469
9614
7816
4084
7583
3860
10343
5093
1243
14668
4336
12397
12220
12713
7190
9500
15181
7835
8220
10850
15162
53
12791
5703
2682
7168
465
2113
3754
2907
6314
5045
6262
13069
153
141
176
15593
3377
4082
1410
7196
3583
2342
4160
10519
6959
7809
4823
9875
4302
11654
9059
5061
7721
13730
11356
6048
7125
2688
3567
3266
8008
1931
12779
3964
10405
2689
4690
11905
6677
10801
5264
2730
4176
3665
9672
3939
3132
3326
3017
4662
7084
10064
14879
1650
4169
13081
966
12023
654
7611
11770
4769
6381
5667
426
6735
11919
9190
266
7311
9401
630
10184
10599
8394
8960
6102
11970
1632
7270
1382
758
8219
1876
12276
11118
14073
9729
1148
10105
7777
6276
9293
4782
11963
4048
1142
5753
1084
14926
15708
6983
13759
10006
14061
1994
7503
1609
15471
14953
11457
4493
5746
10056
8318
9638
14180
8687
8031
7726
2883
10393
49
1521
9197
15899
5847
13671
15123
6767
3343
8782
15308
11613
11597
6116
14150
13125
4931
7742
9495
15627
514
8136
14641
14879
1466
2778
10484
6439
1821
13426
2270
7116
15202
5524
13406
1438
1510
15163
7622
6949
10733
3578
10078
1029
12805
13876
9108
845
15243
15348
10065
4572
4295
14954
14696
7536
179
6147
4392
5836
15705
8612
6417
1286
12506
14466
7203
7530
3082
11296
3665
14990
8889
8934
8085
6516
4237
6235
1949
10197
3339
11648
13347
8464
2612
1608
7898
6959
15564
5175
1028
10769
2870
6549
12192
7482
14074
9423
4161
13748
13417
2027
2042
4511
12760
5286
8438
476
12808
7980
4644
7250
2982
15732
3215
15067
14573
7733
7755
9551
5097
3208
11659
13355
2647
4123
9552
10717
13609
3087
3772
15278
8485
11120
1669
10572
2605
5710
11909
11635
1561
3708
7277
13624
12608
6756
7962
5746
13974
15749
7680
13253
11247
14987
2883
15692
12770
2442
14564
3554
6729
7894
3864
9869
15460
4993
2869
11144
8349
15858
11077
15340
11110
1054
8509
2298
5182
230
12104
13063
14931
269
14268
3333
14658
15956
14126
12586
9210
15157
1824
13886
15678
568
1369
8198
13001
2804
1742
1224
2699
10278
3004
4219
1682
5735
14935
9357
13316
15501
3100
2256
12872
15649
15043
14338
10181
2296
13648
11767
2242
1264
9161
741
15981
72
12930
5836
2167
3101
7572
128
10844
3197
9068
7124
7360
15146
8703
14181
1269
2157
2715
10624
15769
12563
8025
15665
8413
3849
14383
10729
2912
6671
674
15563
7225
5148
2456
7699
5780
2767
9547
11555
11507
7821
3802
15020
5526
12475
13434
9461
15862
6809
457
10315
4843
5305
3779
12806
3949
2715
5453
2227
11255
3303
13935
6115
12039
7623
5919
14095
7106
5726
7224
6950
5173
1256
8074
1973
8375
2671
12042
2610
10730
10791
15658
15973
3040
8935
12100
10100
5978
3908
3887
521
5035
14156
1652
3618
6843
4828
6043
8309
10407
10399
670
9981
8838
6307
3967
14501
4807
2329
2165
6160
1974
15401
5058
11779
13341
5616
14240
1520
6535
3095
7769
13344
15776
8593
6902
6395
9144
1904
11535
7671
11750
15973
6338
2203
5705
11730
15423
12975
746
8974
12543
386
9021
11956
2068
2647
3654
11048
5660
10605
2265
7464
15823
9770
3065
6410
8120
14051
10722
6168
12673
8523
35
11908
9446
8309
226
9225
4812
13831
8900
11425
11242
14333
8420
8925
2853
14231
13312
1380
5370
11489
4787
14602
9493
5597
9564
7564
7422
6734
9246
15462
12019
13475
3585
15313
10448
8447
9143
2780
9387
7265
7288
10150
13308
11765
8846
438
1017
10614
12269
12791
512
9662
15866
2515
46
9323
14060
2538
6925
14000
5072
1647
14441
9397
9894
10015
5059
11180
2345
991
6495
7026
10284
11890
1784
11869
3744
724
6292
10920
2610
2869
3058
5240
10129
14357
11935
12810
5453
3320
13096
10876
10587
71
6377
11700
7861
7747
13316
2929
2206
1958
1134
15212
10883
3544
14627
15018
5885
9674
3833
13025
756
883
8210
15620
13405
2533
10476
11373
12323
8203
6163
15527
14628
13698
7926
14165
5202
2320
10198
1473
13434
10693
2266
11653
545
5165
7232
7504
1802
7982
5038
15958
3157
12549
9638
15574
11202
11991
8728
13257
1426
13174
1682
2468
1550
2995
5011
6602
2465
2267
2685
7570
11168
1103
424
5104
7339
452
147
2626
5547
5651
5685
569
7162
14525
15474
9442
8099
6527
809
14544
2238
6798
7146
2920
8318
8944
8261
14409
1734
1527
6973
2518
5237
730
2780
5857
6339
15985
5216
10997
7619
2189
3475
192
9480
5873
10424
13467
10340
8049
8993
1208
8908
14502
1118
4583
12247
2507
655
15364
9957
12600
10715
3969
4188
2040
8441
396
15758
8329
10091
604
11574
11823
8779
4509
13473
3829
10302
1526
13930
6849
8197
14131
3422
8467
10930
9492
12414
4058
247
3505
15778
11635
8346
6024
314
9791
6277
11941
12976
5983
7289
13037
13802
12047
8547
15878
3691
9244
6087
3942
14745
11779
10713
5623
2073
15400
554
10724
10070
7727
14591
1411
3105
15739
12862
2399
15730
705
13314
10337
4173
968
205
11930
14272
8127
10717
47
521
12346
4631
8161
9684
8139
7968
11959
15137
9913
1163
9163
11076
8416
4012
2863
3718
12580
1035
1530
3689
147
14965
9458
11401
12439
10028
11351
8222
10708
8382
6730
15262
4516
6899
11096
15487
1708
2783
14119
666
12955
10904
60
7339
15615
1410
9447
13557
1859
838
12748
8835
7369
1121
3982
3849
1696
7257
4633
10344
5730
2570
8588
6736
12973
30
12994
0
9660
1947
8444
6569
15137
15381
11436
15216
14241
13829
7648
6162
15660
4658
5450
3747
2679
8780
15080
9711
13112
9880
7380
8961
14973
11716
6058
65
6186
13404
14609
15800
12557
7509
14184
8432
543
2759
1551
14327
12634
696
591
14850
12082
7315
3687
3245
2481
5944
5940
5088
13618
8749
7164
6478
9273
3058
14935
4887
3950
2417
954
9229
6068
1940
7329
2708
9066
6385
9048
14627
15678
12065
2151
3815
15401
12462
15640
6406
15883
3242
8102
6656
13411
13148
2564
50
3882
9878
5702
15733
77
15778
14128
4963
1990
9178
8026
6458
9814
1111
6524
10840
5217
3266
4188
15846
10213
3654
5329
3858
8472
934
14323
11252
13342
13546
15841
10770
8036
6453
12078
5247
8348
10290
488
7966
15573
2477
1223
12804
6582
62
12527
3963
8406
4767
15330
8611
699
13343
12037
12084
366
7983
845
6878
13751
12314
1542
13649
9851
9554
3648
2520
9646
15973
8662
416
758
10383
2204
5783
5214
10984
11812
3312
11955
6078
1581
15683
8575
12541
2089
13136
15775
8651
9962
9444
14339
13873
13800
12244
8706
14579
561
4262
15192
15616
366
9424
5821
7044
1805
6424
10914
2587
14608
5402
5003
8737
6002
10472
13571
14757
12337
1099
5441
3836
9981
11048
4310
8433
6267
9726
7439
11546
10422
11788
1901
10310
4899
13712
15166
10770
14415
9513
12503
15387
7207
11614
4593
8653
5987
1975
13086
7898
10001
15625
7398
1607
3130
464
11906
15648
1330
2228
9780
11596
9345
4142
11713
10235
14441
5444
1292
13371
1300
1136
11089
7722
12380
799
14970
15046
9270
725
11169
14560
2108
1517
13091
8240
1109
7166
11741
12801
5379
1242
12550
7949
4296
9392
6825
5091
6198
14673
13501
1540
2834
9359
9698
4878
13476
7618
1339
9104
8094
6884
11746
15228
12454
2780
9228
4666
14338
856
12347
5721
11231
14163
10394
1120
7102
11702
8056
7875
15228
2458
11364
12657
13692
2988
12257
2186
13171
7466
14278
8878
7887
2570
9653
13041
14405
6969
14389
746
6262
10880
1519
1771
9789
3
2434
843
5399
5988
12419
4318
15663
7300
12564
4614
4486
8170
6815
2531
9532
11836
14384
14374
2813
9961
3309
6403
1803
14825
6322
3525
14179
12444
1997
12027
13327
4559
4307
10832
904
9182
7709
1784
5189
13555
3170
13382
4836
7660
12018
11483
5108
9563
14861
7930
9693
15271
15326
15990
11244
10319
2583
2252
5247
719
2474
10829
3529
5787
9761
244
11203
10952
410
15830
4144
6218
8035
15415
7115
14296
5934
12728
7438
15212
8689
10798
5409
13926
8285
3599
13406
3408
2680
9990
2301
1852
13401
8998
353
11466
1151
9530
638
10566
9679
12219
4837
7918
6441
15195
2797
12881
5414
10046
7296
2642
1391
3016
1023
1612
4797
15505
7507
9423
9448
4085
11793
5769
15662
1353
14921
14017
11395
5672
11755
508
6415
10603
4183
10050
13769
10807
15616
762
11822
9007
7995
15474
29
4170
10666
13691
6738
6848
15167
3761
10877
1823
9071
7513
15102
3194
9590
7011
704
10048
4928
12814
7343
9898
14203
15530
2647
2766
1079
8697
14234
6993
4790
15919
5902
3002
4566
5913
12529
12641
9880
858
10441
11654
2252
8144
7325
4861
1243
8596
4297
1927
1584
13472
3714
3901
8900
14988
13287
14757
3142
2289
13119
7271
5219
15214
15957
15769
11191
11721
15469
7095
464
11053
3554
3246
5082
10769
10589
12183
8685
2746
13492
1
5616
471
11613
9319
9000
9033
14605
12097
12897
15366
12785
694
9655
6291
3080
2286
10241
8494
12827
10630
475
12558
986
4765
3919
9538
4629
6539
12320
5174
12819
6834
11570
853
12050
10860
5657
456
8412
6692
11708
5340
12547
512
5157
3713
11321
6716
12521
3822
7630
1682
6447
9314
8518
8021
8286
11654
7318
2462
14055
1903
6651
13469
13612
2367
14200
10385
1675
10602
13802
4434
5772
150
7369
2699
9763
2076
14717
14854
10529
7980
13914
416
1469
8077
10042
11099
4027
10113
7862
7314
1719
11206
2433
3783
13968
8121
14176
13464
10868
10390
12362
9681
8067
9434
7448
13851
10786
6729
14696
5713
4191
12684
8084
8179
1148
12914
2762
11315
7322
9815
14536
45
9476
9378
6711
5812
8852
8296
15905
10951
453
7982
15119
1571
87
1739
4931
14834
14617
13676
10126
3233
14934
14642
14800
8399
2782
11638
2570
10593
2480
5932
14241
11314
5569
8933
2610
4712
3051
3694
2828
1250
14197
8726
3022
6733
8251
12557
4638
13782
762
2024
15491
2170
3258
14785
3552
9336
10200
11772
2446
4712
8239
2468
11668
2918
8419
5107
2566
14694
14921
10352
13815
11819
10102
2483
8092
4179
13155
11460
7550
11658
4794
7970
9819
7775
3135
11359
11418
5683
4190
11624
4330
9549
5965
9315
12278
8715
11229
1969
11206
8116
15715
915
15797
4456
5437
4968
2571
7992
14211
10644
1719
4690
3788
9213
15146
3285
5658
2223
11090
2499
5987
12192
11441
2964
9533
8205
6426
6503
9765
10114
6792
15316
8939
377
10011
5213
10558
4250
4400
5634
7248
929
15131
9971
13477
14558
8452
5088
15869
13013
731
109
1884
7813
12409
6849
4275
4806
9172
7614
13228
13515
5983
8907
9239
10824
14972
4556
12524
6445
11167
6963
15484
2576
7040
7216
14137
6056
8060
12292
7198
13685
15113
2035
13372
1662
10324
6360
99
6066
5369
1234
2665
8176
11742
13852
1306
9122
5293
2299
10812
5380
10604
11472
11837
1795
314
1101
2427
6336
13864
3140
4016
6451
9393
27
8057
11628
15960
3420
1537
15349
9949
5865
462
10068
6811
13901
7720
13613
2049
14637
5409
643
13098
13533
9414
15135
1308
14351
4192
2953
8730
1958
743
2099
8998
5160
15620
10806
13207
10706
12097
9524
11730
11846
7376
5340
15144
10976
3061
9867
11468
2086
10768
13712
10863
4445
1099
6152
6522
13752
14044
10856
9959
9516
247
409
5565
9695
9044
12606
15142
5438
10712
785
15022
3374
14307
9451
15258
11738
2357
866
10339
6699
1789
15756
4302
15318
9344
12770
9257
3982
7906
8000
11683
11355
11029
5897
9929
6659
2523
1768
15257
8228
13433
12081
3909
2531
11002
1765
11909
13119
11804
7765
15385
5119
12252
477
8794
1098
15385
4818
12924
4949
8807
6134
15331
5046
2291
5416
8222
3928
11918
4121
1796
14215
8408
440
1513
8107
2698
6704
13437
9362
8415
135
1602
10214
8096
15079
9385
9918
4555
6138
5192
10703
6111
1902
3257
10947
12615
4376
12433
10530
6624
2228
5243
2669
13737
14027
2417
11594
6150
8365
1558
1112
14641
9630
563
13604
6334
10509
5069
7349
200
4863
12895
5058
3517
5131
442
14596
2756
3070
12789
7078
7622
11678
14098
6872
32
14860
5934
14210
5603
15939
7652
11414
2630
8765
5440
2302
5161
9140
5211
15029
6982
14981
13080
13937
15094
4017
13945
3070
6046
2430
2591
7718
9524
4667
9692
9420
2673
15264
11254
9241
7445
4819
15611
14925
5458
2055
700
9527
6870
13119
8039
8896
9848
7473
453
673
11262
6085
13836
13109
6921
5180
15458
4457
13982
1518
111
2511
2897
15276
1437
1490
9744
7108
1775
5124
5641
13346
13947
7059
3385
10515
6917
15579
11794
10149
6970
4629
14792
43
8710
2604
6457
11613
15506
1456
2039
10908
1501
3043
7155
3538
14326
5361
6471
10744
10835
5182
11807
1841
13009
6359
709
1428
10569
11914
15177
2951
14539
7697
13129
13766
6906
7273
15330
13571
7812
11841
307
1320
15676
2958
5899
696
8917
1467
11183
5331
3773
10238
2633
10200
1171
15558
111
12836
11207
10960
11471
8057
205
2137
3189
4475
9854
7278
15673
4819
3339
13407
11976
7798
5918
12626
11469
4736
6287
7027
5051
13882
2111
1481
2362
1467
13077
4644
2347
2474
13075
13746
6106
6049
8340
5810
6591
5037
164
7744
8817
8690
14972
3662
6696
3692
24
8755
4333
12368
4087
13277
3168
784
15855
15139
7589
9470
13354
1461
10733
4488
11840
13749
9500
6177
9075
6750
8092
12225
4097
3810
15934
12930
5546
2131
712
8043
9790
3127
15263
15050
15841
4670
14610
7098
13151
6927
9152
5701
11558
8126
13608
10018
996
6618
6603
5151
12094
676
11264
282
10537
12634
212
10537
2281
5040
8347
10457
4900
11488
3864
2580
162
3545
14660
3612
11172
15891
9407
12724
15966
4738
12240
15325
11921
9000
11802
14269
201
10053
8542
6557
688
42
8167
10377
3086
13868
2198
13594
10206
15155
3850
11344
2062
242
2795
13337
3538
12977
12372
5359
15909
7621
13531
15773
3549
1314
13630
7073
6121
4231
7595
2093
11818
13911
9899
2504
1388
264
13741
15506
0
14900
12459
15652
10999
9165
5883
14229
14845
5486
1972
282
6607
5452
7099
14661
9690
11851
489
750
1906
12077
5466
13231
14891
5605
12245
12552
12248
11658
2771
7715
11678
14951
5422
4787
12211
11567
15847
11253
15033
2253
15380
13273
6321
2266
3172
1082
669
14248
5585
14535
15927
14715
13153
13574
3783
2007
7704
10479
1701
6773
6781
7604
11211
335
1479
7968
13718
11354
6436
4765
1433
468
5159
4176
9630
11059
12620
6751
15802
10045
14760
10450
15884
7734
434
13207
14738
15283
5671
11552
7975
2061
11167
4903
8605
14577
11178
11153
14835
12437
806
3184
15027
7813
10273
13987
1515
13211
13669
13976
14405
10381
1188
1970
10693
544
5953
5445
11167
15099
12857
15806
7347
278
3500
12128
13990
15441
8844
9385
15902
2849
8673
9299
2842
3301
12726
11766
7915
2263
419
6603
7890
4894
7544
8459
10040
9087
7555
3317
8580
7988
8831
11759
11164
7509
10265
3012
7932
15731
5663
10636
8812
6084
2760
15657
4321
9080
4122
493
4850
11050
9212
7385
12277
1522
9048
15873
15158
13463
7404
6283
9555
6242
4526
7510
6455
11277
12378
13111
15665
730
6297
10846
1456
9537
14927
8663
12317
15169
9729
4524
9557
7896
7266
6696
5314
9742
15865
55
11285
7723
3824
7146
8610
12168
14330
8470
9815
3331
1634
13468
2138
8460
8365
1859
11327
2396
9708
12352
12515
10694
7072
6104
5352
14630
4937
12956
844
4597
11661
7251
7336
4479
9218
10742
7939
5419
2200
7893
1233
10233
14758
1623
14987
8459
14991
5854
8684
11482
14480
2505
8773
9225
8362
2067
7933
3542
6950
13209
6953
13101
5066
7672
13252
9431
1302
9876
15755
847
187
15542
6264
7093
6041
9805
13016
13148
15987
13269
13579
510
10802
213
2904
11919
11346
8066
13290
6062
12781
14849
14187
15544
10210
5578
12220
1655
10530
3624
3022
9208
13335
1885
15776
6266
5809
1762
8021
15362
8334
5323
14449
1676
11204
6729
4016
2396
7886
1226
4099
8946
1426
315
10024
5531
10891
14061
7268
164
8472
10645
2912
10154
12640
15598
1694
6157
14176
3705
8598
13059
8466
10980
10097
4424
15035
9993
12641
7667
9170
909
3739
11364
7432
7977
14706
1754
9336
4229
1681
3873
6637
14272
13013
3944
9674
5644
1733
15921
9114
10615
8111
2657
693
1220
7008
13943
9995
9976
3839
14682
9488
3440
14086
13514
5444
11183
5214
1657
6238
8374
11543
1843
5652
4620
14017
7351
9866
13149
14953
5674
5332
1471
10291
1441
14122
3983
3217
15196
5543
13946
1565
6675
11709
1176
12569
11880
15418
1970
11776
13435
14575
8612
13640
11036
7938
10462
13751
7323
3666
2308
1119
15676
4994
10550
10296
8007
4773
2538
1880
15163
1412
3828
15185
674
13198
14119
6183
10496
3165
2454
2156
13925
3169
4211
15610
4130
13227
11417
9805
4376
13912
7333
13947
9132
664
8127
13392
2006
1498
2167
9866
5081
2582
3146
1837
8461
6710
3651
15236
3800
290
7358
15670
2235
7782
12616
9089
4360
1794
11682
9621
690
15311
14308
7567
6077
5385
1471
13456
11348
6141
2523
3450
6649
15824
3935
3655
14679
8809
11150
7941
11955
380
8462
3442
11393
3380
3525
4400
2067
2428
15708
12709
8044
8939
2149
5105
7475
2634
10777
4749
12099
1986
11706
12925
10719
2599
1943
11185
1923
4315
8622
11902
12117
7776
11243
10036
6074
3454
12431
7899
12166
7053
4140
911
15051
11104
12237
4725
5586
10574
7986
14553
12328
5726
2360
8422
8655
5518
12631
14848
13462
15680
1734
10690
6531
2242
5433
13327
12012
15096
6730
5207
2725
553
3574
2792
10579
10978
4670
6126
12767
8202
3821
7689
2055
8196
9849
9481
1934
9978
9219
6473
1171
2637
3577
10149
3968
8086
6363
5401
10649
4439
7066
13559
9524
10435
3868
7492
8712
14246
8157
10160
15133
12018
12079
12593
1251
2280
13986
5947
1119
2783
5886
3102
13440
180
1773
3067
8592
6607
3638
5220
10182
1357
13604
528
8312
2511
14469
12471
10477
11999
11214
5264
7248
15994
3548
2917
193
10046
7893
12367
14854
13105
10669
15124
2655
15531
15941
10521
12407
2402
941
15365
15734
9616
9994
11509
7988
11715
1555
10709
3591
4928
7477
5345
5437
2197
13399
9400
12453
3642
13239
2202
15048
2787
14451
4542
6069
7909
14884
1363
15354
5698
9765
15505
1327
11091
2161
4858
300
1169
13866
8626
13914
5247
10678
13432
12711
11064
11524
14912
14355
4368
7789
4591
5480
12522
8117
8754
8710
11158
8240
1659
6876
1252
1921
1690
15219
8138
12542
5108
1060
1453
1583
8290
14442
3663
5494
7848
8786
1494
10568
7056
8719
9973
1561
13986
8490
7481
982
14467
11094
9074
908
8168
1377
7868
3494
1205
6215
10281
10323
4406
6113
14477
12934
15736
3899
8677
535
15429
3842
13540
5255
14651
11420
7068
13537
14344
9682
13765
443
5828
8616
1582
15836
4587
206
3773
6647
5366
8879
11044
662
13332
2342
6946
6930
12298
5456
11635
9790
10916
3836
13398
14244
6487
3775
9657
3559
3829
5285
11010
14664
8459
14466
2428
15683
12890
7398
9436
14041
13040
13358
9456
10729
12771
15671
4579
4408
2986
3630
9519
3984
12568
8963
13215
12804
12534
6908
2304
7377
7611
3302
15460
13663
3818
8678
2450
5095
13449
1261
13069
10160
2361
7882
8511
9202
15735
7641
11074
731
1518
9433
5964
1199
12662
5211
11444
13194
15789
1239
15653
11585
3760
8025
2142
6503
2295
7768
931
1259
9290
8999
11331
8671
13156
1157
13383
9171
2723
2255
11828
1504
3816
6997
10237
15425
2321
3657
8713
9627
6928
13139
9180
15709
10408
1858
15972
2626
14276
14046
1123
1651
2676
6361
6131
6218
3332
9444
699
15794
1851
13533
3245
4650
1453
12325
10233
488
1469
10128
4241
6938
10291
2934
1114
14535
13302
5222
7148
6484
15590
11258
8454
13731
14168
13382
4753
9302
5167
14826
14031
1585
403
2631
15008
798
3793
10702
7281
5193
15823
13684
3905
15724
15274
8898
9937
8997
750
12936
13928
9730
10225
11570
8768
3103
10956
3506
6545
11367
4599
4509
10935
14710
15744
7890
3842
11679
14312
3284
10522
5385
1946
7225
12941
6004
2697
14012
9079
1434
14949
1389
8653
7984
8825
4871
7622
12811
4260
11746
8934
15200
6898
3071
551
15012
3286
13633
3527
14482
8454
6587
1449
14155
3699
3620
12904
13591
11748
1767
1279
10569
3886
5719
2446
1985
15762
13312
13130
13451
2227
5273
5764
2725
10162
14229
15572
10462
2536
13784
8162
10330
13887
3975
7760
11442
2861
11256
10439
1336
9678
14153
8861
6872
3741
4492
9504
7450
6224
32
9986
4419
12621
6939
15329
6811
6604
15075
8305
10058
5258
3164
1224
604
7590
4283
7877
612
6685
5113
1950
14140
12893
8676
4741
8810
3975
3791
11127
10014
9158
9706
3745
10328
2759
10156
5999
934
6612
6764
13106
6539
10769
12432
13036
1147
4177
4444
12987
643
9621
15852
1376
14726
10787
7101
2156
3362
13632
101
3334
2994
1546
4835
15451
5612
5236
8721
11554
5929
350
5814
5963
12741
15696
14008
2627
2204
1619
8302
4582
12725
8684
1940
5634
2939
14518
4056
11140
12966
2203
5905
2114
9529
8750
655
5476
3492
680
15757
10479
10121
382
15939
14448
2588
6171
3864
9537
14243
1983
7669
10235
13981
6387
8629
13048
15103
2984
5688
3715
10009
14060
13719
1311
2839
3144
15089
10865
11940
7224
1124
10698
11945
7239
9112
469
13363
14023
3957
10586
4083
4394
4980
11564
12895
4865
8083
5557
15605
5390
10210
7708
8223
14983
12603
10256
5810
1514
271
6964
1296
5239
11483
4647
11374
8015
13625
7982
7216
13735
6162
11777
10224
9001
14193
15151
8350
4967
14835
4398
14785
3964
13659
15875
4572
5313
2754
13578
15852
14633
10859
11619
8077
3386
14004
7545
5947
7080
9129
1968
1590
4368
14387
12459
13056
6350
7278
9527
8704
15483
11672
13783
9161
2310
14244
1772
13684
9198
8815
13697
8873
13721
1930
10929
7357
11092
2613
14005
6773
14056
1517
14606
5353
7765
541
11083
14852
5294
9200
9464
5544
1808
6982
8995
11246
1216
2756
12812
12427
11872
1030
11368
1102
5070
12144
4178
10181
12826
3874
2895
1152
8737
12297
13180
2797
5834
9618
14166
14306
8541
4602
9510
186
1915
14529
8967
7958
12094
2366
7829
4677
2926
1355
10804
11198
11100
8352
14202
5194
5855
10941
7482
447
13032
7937
2606
13926
8132
12760
12736
7550
9327
13330
7541
15322
5775
11854
5494
12837
9876
1429
11837
7750
11241
8579
5081
7518
15447
12191
5981
14702
14967
6220
4075
11414
7506
15577
13912
3320
7447
12723
2556
7355
6903
6842
5785
3884
9249
5936
4582
13566
9301
2638
9527
6450
1447
9585
4938
14482
10962
14833
3504
3671
6455
9491
1109
1130
10225
15892
5935
15047
1685
13797
6911
1534
9739
3575
9159
10580
4611
6188
13257
4486
2199
8685
14775
3245
6524
13273
11516
10685
4451
10650
1317
679
7410
8276
13678
12191
218
6327
12261
13687
4244
15540
6333
2346
12477
13901
6962
886
13196
13060
4627
3104
6508
3701
11377
15707
2618
1792
13666
8003
3485
6686
8946
516
508
15445
2855
15640
7584
8646
15152
5165
14440
4964
14890
13092
5667
14271
5646
5302
9486
7038
10169
13489
9705
2027
15897
8672
12728
4905
9073
13961
3731
7168
6346
5904
11178
9049
13303
15929
1625
6981
13891
1931
15588
183
8249
4431
14543
10962
9999
9528
12509
7133
2735
14364
6563
8404
1507
4832
583
1432
12189
2035
15066
10054
5985
2289
15312
6692
15184
14311
11160
11960
3282
10422
11868
755
2526
1296
4695
10762
233
2848
13389
4582
15849
6086
1068
9137
15364
10880
6461
529
8922
11108
8071
13554
14444
6217
14528
4731
5415
14854
12273
4386
8465
12754
14245
8411
14095
9291
1613
15851
7248
9490
307
5468
12890
11027
8217
11401
1199
11490
9326
3929
2843
8385
7084
8584
14749
9022
1873
3873
9711
13945
11895
6536
10932
9987
9746
2611
4286
12515
11590
9977
1913
3378
4451
5123
2935
7782
9726
5983
13336
11563
3117
9779
2261
2285
350
7310
6698
7027
12244
8794
3614
421
7871
14062
5104
8558
13816
14016
13535
5692
11094
12471
13590
5028
4783
14751
3763
3491
9967
1206
3571
3839
1614
12387
11643
7501
5425
13958
5573
4363
3487
5098
10533
1773
9694
10327
1271
5941
4138
1477
15592
6075
2193
4267
15965
3724
6510
1013
1411
7983
3711
9619
13940
15235
1445
1326
1667
9796
1081
5621
4132
13484
5509
14870
1019
2742
15590
11721
7935
9597
14588
7430
6219
3779
8459
4695
14593
15247
1649
7239
5723
13678
6212
12666
10831
1497
1671
5974
11614
14263
8713
5087
9338
13689
2651
3233
1170
4579
5228
14918
14267
7019
14659
4679
2684
15418
4567
14399
2102
12879
14606
10076
9134
12611
2385
10478
12857
13991
4808
11426
643
7561
15543
3656
13435
9238
11380
1487
7903
14809
9604
12883
8671
11425
7250
2765
7025
12161
14731
14569
8880
11505
3609
2933
12529
1682
4921
11893
15845
15631
1595
4051
14564
5023
12374
2227
11996
1830
1701
1381
7253
6139
10178
8948
1952
1733
7933
7131
6684
638
15418
12631
8356
7450
1380
9816
2328
1856
11025
401
7815
11063
12980
15151
14326
4444
2553
4134
2895
14671
5185
10662
6121
13742
9914
9388
15152
9465
14105
12469
8817
4373
11127
10382
2117
8812
12742
5832
1815
11697
8558
4807
13907
12097
9608
13433
2476
7333
3382
14243
13322
11956
1308
14934
15759
6869
12032
1025
3781
8291
15738
7328
14437
13353
12119
1170
4806
8972
14736
905
11233
15560
13154
8987
15997
12115
13578
13813
9211
15197
14367
13102
10304
889
15115
3513
2106
3541
15015
1781
11281
5797
9075
14431
4460
14495
13423
103
2141
5407
3096
5344
1770
6250
6274
12944
12729
5007
7950
11751
2519
5993
8393
15949
6565
13122
1890
4756
14815
1682
14277
11917
14666
9189
3928
6966
3706
9178
5201
8721
6589
8135
3122
4623
424
6906
3298
15915
2364
1563
2281
20
4147
4909
11976
6274
6125
1075
15859
5034
6770
13807
14188
9292
8099
12741
12029
14698
7042
12735
10770
3859
9242
6442
7600
10717
3341
8541
2070
880
8504
7449
4847
10431
13317
11660
432
12498
2892
2032
1684
2239
5350
8272
1842
7992
11217
14955
13111
14525
6777
9009
1606
5234
13097
618
12905
523
7693
12918
12082
11363
15587
4399
14194
13868
15422
6123
14485
1089
7927
7709
3609
8472
432
5019
8105
9811
7302
3578
9562
629
1363
14869
13185
14258
3356
9517
1070
15327
1438
15914
7754
4104
8304
5120
6088
8224
3669
14125
4491
11603
4640
15710
10580
8312
2244
689
2406
1698
2295
5269
697
3414
10883
2382
12758
9814
12329
15253
5589
11932
13490
10332
4465
6498
5139
7983
9541
3934
1340
2870
2342
7820
15613
9047
5276
7331
6549
4728
14589
1577
8025
5602
13608
11682
12798
12353
4187
100
515
13000
2354
10118
957
14961
573
374
8320
9570
11068
9770
2407
15339
6393
1391
5697
8492
14018
7133
1688
852
6018
3308
5087
6532
8444
15263
3639
14930
8483
11998
5342
873
5016
609
13621
15565
1472
1480
108
7100
1793
585
1484
7856
2074
2049
4384
12161
2972
6635
12353
15016
14345
15086
13245
7967
3336
272
7203
995
10817
1353
7278
12443
8923
8178
12172
13523
15760
10716
2441
10721
5481
13309
3293
13928
15515
4806
14926
9467
10750
12816
7811
14297
934
12980
4775
10454
13984
9657
3638
859
8651
10536
15591
2052
11344
15612
14518
11111
2495
8374
12813
15221
10951
15500
5006
5368
4754
13121
7552
5948
12347
1936
6867
15562
2541
3906
11089
10319
537
12255
15844
13724
7507
9857
9598
3911
970
12356
7977
15726
5986
4953
6315
10523
8944
12602
3285
15683
3473
7288
15080
13289
2215
5296
3621
6112
13297
15388
9840
2861
1606
10309
10656
5643
4334
5206
15206
4487
7837
2828
1879
4044
8845
5322
3095
2681
13495
15049
10532
14638
4909
8685
1212
2342
1943
2866
11372
11518
9416
11461
15415
2708
10748
4911
991
14603
1456
5420
10834
8682
8990
8602
10292
15588
5972
525
1157
11058
5872
1279
7023
7196
11130
293
2991
8856
13662
15580
157
4617
3972
13250
12505
2344
5134
10850
7828
15616
5165
4359
10744
6803
3617
12721
3637
4122
9291
2342
3754
14826
4080
3743
8620
10226
8460
4259
2293
97
5712
2674
6188
11108
5691
5911
7180
6157
4816
15137
12212
5071
8441
5995
5387
10406
760
12822
4302
6100
11526
9496
9528
2373
5514
3182
14925
1940
15351
9965
10306
3238
12866
4150
14092
9716
7935
6728
14211
999
10647
15536
1331
6492
424
13147
9408
13511
7673
3340
12787
11635
4376
4968
5605
7655
13075
11439
4678
3557
2511
3717
12106
1932
15496
9838
12722
13085
5349
6873
7667
14042
13495
10067
3204
8970
8014
14300
14537
12570
7928
12631
9623
5598
11031
8602
10724
2292
11358
11942
780
11721
1832
12016
14914
1589
4724
15326
2577
15810
1281
14541
9998
906
2946
8271
11677
7486
11519
11122
13916
1347
15688
827
5935
15222
14486
9522
12265
8848
10431
2967
9363
9125
4757
13618
14813
6727
1117
12488
12318
4039
871
6825
266
1435
10830
8039
13551
12123
4430
6177
4011
14182
12221
1789
8366
12322
7848
7732
2728
15840
4747
10438
6735
9181
14380
9167
7502
7140
4628
9842
1613
5265
3499
14833
13337
15281
5871
1375
625
8006
14545
12524
9836
11943
7980
2016
3594
9539
14690
9635
213
3590
15637
5752
1075
1620
6399
1866
10443
12850
14575
7839
11538
388
2785
8489
5873
1009
3640
11387
11029
9186
26
14681
12242
9770
7272
15784
14132
12608
4441
13444
7076
5927
14002
8560
2356
6126
5924
12072
4103
7635
4161
1043
9312
9859
1948
12117
3397
3837
14461
3840
4303
3604
7998
3946
401
14099
9798
409
9507
5371
287
5339
458
10599
5173
14323
3013
5137
4781
7277
9655
5229
10079
9491
3884
1267
10482
3576
6857
15610
11667
1585
12949
3648
7377
15908
4702
3590
9241
2680
10953
10328
9545
7980
12282
13546
5618
9540
9436
15262
6319
4125
2829
6563
10780
10338
8553
14775
1013
663
13106
12812
4045
5331
5593
3785
104
5258
10603
2983
2741
2952
9115
14652
2411
3066
1128
2005
11582
5159
5611
14587
12478
10300
7871
152
1357
6340
6796
6580
10299
6582
4274
11992
3584
9512
9231
147
149
13730
11502
6042
8815
6285
8460
5258
11417
10955
1224
14282
6508
15072
15590
12940
10478
7501
11647
14706
8389
4861
15369
461
15702
217
4479
15104
15871
15094
8365
8835
4460
750
10778
8708
3226
1484
9873
7463
10214
15265
2254
7790
1105
13619
13762
2740
6355
1109
12803
14164
7512
2642
15316
5479
6747
12419
12364
1449
30
9472
10277
5117
8963
7923
13091
6407
13066
7176
542
14583
4584
3840
8750
4326
1728
5349
9587
3416
7297
9304
8830
3553
12251
10758
10720
8805
9566
6969
8269
8824
5426
10251
6507
8164
6381
821
10045
14280
8084
12037
1319
15581
14898
5870
9245
84
6926
4025
15084
2395
15883
5210
1829
10687
1569
12509
12194
11180
14068
7679
13238
783
14734
6233
14453
15516
5950
15543
28
3435
2572
6279
9503
8254
13271
2541
7246
8925
2189
11892
3363
11426
8071
6622
7722
13969
9983
7964
4109
9631
942
9689
4411
3604
13190
13232
2229
1546
14473
8703
11253
11541
15557
7763
7675
4349
14060
12803
12789
9894
4628
9944
4617
9361
3079
9705
11331
7803
12744
6150
15382
6563
3747
13387
13201
7465
2671
5332
12959
8594
4324
12175
14970
12264
3091
4780
9134
5502
14214
5937
10054
465
1268
11051
14229
4619
7841
3199
546
5537
6992
3423
3889
9883
13286
3928
11498
12276
15133
4487
12201
1047
10209
2924
14945
5641
15306
8407
10797
7590
1207
6910
1909
12164
15619
1968
6201
11636
2535
5668
253
13991
5868
12779
7377
8684
1547
3845
3964
6423
1123
3471
9028
2558
4757
10777
11101
9885
4160
6934
14700
6489
11668
12397
14518
5090
3989
4780
1770
4657
15982
1372
2055
14001
1647
15343
235
6650
293
3030
2810
8760
6933
6447
15207
13738
10516
2204
15778
454
12998
815
6494
3066
4273
15233
7230
1038
12413
8418
13467
9381
12234
15530
4212
2787
13486
2094
15475
9384
6730
11215
13848
9977
7303
9004
1668
10752
11250
10871
14052
14122
6706
12389
8184
9582
10402
2495
2879
8366
4751
15254
13761
6070
8079
8211
4217
13025
892
14828
11740
3930
5004
6643
15498
7808
13710
14408
8592
12387
4931
7855
14424
5227
13783
7420
8110
1561
3067
939
9967
5092
12576
7180
336
5573
13521
5147
2632
13647
13101
1006
2587
8565
5376
13127
11652
15856
11134
969
14335
9912
8859
12744
11568
15279
13706
12473
7155
477
2767
11593
9601
13270
4099
10761
7355
15288
13988
1990
279
12625
534
2423
10916
5725
7099
13775
13499
1772
12074
2675
196
10466
8718
15686
14754
7577
5406
14687
6204
161
15156
1948
3369
7719
781
12112
6775
6387
924
13847
13976
779
1803
587
3434
4853
3791
11791
7906
1306
14566
1288
852
14406
13744
6572
5729
10700
13031
2098
3837
2119
1981
8489
6683
1787
7568
15909
4472
6617
589
7444
2689
10401
8798
5806
2146
8738
9937
8075
4652
285
11911
1614
10274
1608
9492
1279
8865
4206
13754
11767
10665
9523
8189
1396
7180
8181
13283
7884
8881
6735
5706
9023
1413
11831
15333
15333
4480
7879
1877
838
10447
14233
12768
3976
8612
11723
3536
3395
12310
14241
9578
5873
14389
10826
6665
5121
12462
11067
984
6282
14103
14392
15913
9117
985
9329
5620
7219
14775
3529
15214
2245
10623
1329
6725
8571
203
15027
9462
15484
1140
8075
13900
11364
11029
12272
1014
1491
6199
13936
3907
15266
14110
8825
11516
8113
13871
3956
15838
3932
5244
15115
9778
4492
4206
13835
1163
10217
9614
15589
14748
3117
1776
2895
13235
15124
12860
9096
10198
4336
12506
4152
9720
9177
13881
5237
4184
15745
9533
10338
14839
11685
15939
5746
1588
9375
2897
11210
901
11800
3039
325
14932
14812
4156
14353
3828
11974
13599
8438
11710
14042
11979
6455
15180
4849
4829
14225
7761
12559
12469
11616
6164
3408
767
97
11783
11649
4957
10514
13960
15052
10547
3766
15667
11659
2702
14196
14945
189
49
12959
13890
5526
12478
7953
10643
432
6910
8880
14715
7776
14541
6162
13320
11555
421
1213
13505
3768
15941
13447
8807
12615
7933
7324
9421
10046
11161
12702
12241
9277
12648
5095
2294
9895
15208
14314
4255
3801
3727
15543
490
9719
7864
11421
7079
5602
1448
4969
4084
8518
7869
3149
8310
3919
9650
2268
2998
9723
11409
10674
150
13962
5174
9905
9454
12819
3323
2150
3783
10289
5509
11401
10418
986
9386
11043
9798
8911
1662
8522
8245
5039
12665
14216
1290
12327
1222
14938
15234
6468
2858
6356
14468
10089
13711
7266
9277
14940
173
2601
4572
10362
7892
13963
1127
3595
11096
10570
696
3248
1689
11588
8856
3577
5549
10716
15607
2579
15917
6521
3525
5535
8857
12968
12911
5661
9960
7005
8953
12295
10545
8407
9396
3450
1519
8225
4637
6415
15092
15924
1106
5577
10733
3002
12337
6182
14350
6125
2959
3032
13018
15646
13458
13454
6416
4690
6444
6635
6965
15623
4788
6424
9787
532
7843
3829
12747
5806
8935
11626
8756
4102
4327
988
9199
12944
9492
12988
13006
4447
13224
3129
833
9644
8575
21
3397
9974
1294
6549
7786
8771
14852
8594
511
7684
15227
1709
4571
22
14427
4512
4427
5861
9676
5807
15635
13483
14421
11837
1699
10070
150
7674
472
10888
414
3002
14315
11064
11498
1377
15994
15094
1659
8315
11057
3275
10003
13928
10901
3646
3339
13236
13421
115
8916
8453
14413
13039
264
12077
7872
12919
8236
14688
11409
12949
14213
6783
1846
4028
19
6930
14298
15107
11438
15957
14725
15629
3388
11241
13163
14346
1805
7595
10318
7638
5587
1314
1040
447
10433
3474
6233
3300
11326
301
1248
14904
4422
2921
10586
11814
15454
11117
6397
15567
1074
15909
11696
10095
8908
15221
9553
1885
5747
4105
3234
9649
11422
12619
81
8832
13971
2926
1186
8386
4385
13351
12091
15701
2934
6396
15116
13466
11550
1589
12376
11581
1049
2414
4197
7827
3095
10702
4156
7708
8018
11474
2717
4519
4360
835
4355
11669
7700
198
12111
12981
14632
5010
148
4303
9129
2236
894
5436
10535
942
6623
6322
11128
6070
7768
8350
10224
10298
928
42
10046
3594
15220
13022
6246
3662
7451
15586
2134
7326
8853
15458
15272
6704
2912
1674
3571
4908
2406
2097
4686
5660
11526
2962
3554
6655
12477
1844
10667
15997
2033
11628
15563
3380
15194
4985
1419
15792
11405
77
8303
14458
166
7147
11764
14023
10514
6891
10344
8785
3191
6939
2406
6852
11456
1728
1005
12494
13768
6522
2589
7769
9506
9669
13
13781
5635
14491
11211
430
4045
11703
1521
5597
6840
8437
1504
3482
287
8150
3868
10671
2661
4639
8772
14952
9474
1312
10284
14631
15021
6418
10905
2196
5160
10650
7576
13169
12323
4842
8059
7819
1614
10631
9585
5964
1790
10789
12993
11758
11387
6958
8355
9162
2916
10849
3899
12239
6079
6679
13362
12942
8097
5921
3571
10225
15222
4302
1279
5772
15214
3465
11630
7179
4
9886
6403
10315
12460
8989
9706
14726
10393
15703
5264
9254
9640
14854
14111
6586
7276
12297
14869
7302
5591
11084
5504
8244
1921
4806
5080
5673
5400
5660
7033
14707
1509
355
2747
6878
8439
14979
7216
15782
13678
11574
1529
838
8293
4912
13765
7279
5629
9177
7271
916
13315
5301
12179
14754
8637
1253
565
8909
6998
6983
8815
9222
12643
7096
6317
2953
12561
10489
4197
914
7917
7855
11888
3503
12496
2564
5760
14897
9445
2156
1342
8124
15193
14722
6145
11646
6813
13456
3500
6780
6362
941
804
11400
12787
15745
236
3663
1456
5029
5856
11407
11148
7461
2699
9573
13596
15399
2341
15940
14489
1701
10540
11778
141
8149
14877
14732
9495
10795
11471
14906
14938
6516
15853
3133
11784
6947
8846
6837
3462
12329
11123
13535
3133
14205
13276
6636
14077
6075
4359
493
1933
2537
6214
15209
4307
13012
5307
9233
3100
4633
4787
9611
1673
15679
15901
10474
14231
9218
10406
15039
1993
9899
13682
12361
13812
410
1400
11719
12967
15334
4474
1902
11316
8091
15776
4599
13536
13602
7216
5456
6179
9662
7532
12530
15771
10162
9353
6226
14612
2433
6855
1265
1324
1741
9009
1806
6822
15201
6131
7420
12622
3146
4691
12686
12675
2592
6990
46
14950
15970
5072
8845
7326
5759
7055
9716
4421
1521
15236
12601
14066
15748
7431
15310
4068
7477
3590
372
12743
15029
1377
1805
13862
14093
14309
14094
6510
5211
6884
8339
1819
15674
12141
14220
4097
14528
6189
5909
5689
15264
4450
1636
15654
13552
2040
15579
11427
12166
14018
11710
715
13691
5462
9086
9188
15697
14213
12724
1512
12337
3829
4777
5426
14413
13406
11922
15554
13412
11229
3545
8621
6627
504
13206
3236
15145
12847
2844
13598
2403
13243
14256
12837
14230
5350
4309
12347
5692
390
323
4710
8709
4247
15990
8927
9406
10740
13666
851
12623
4018
7747
5332
1247
5913
5267
11103
6802
4800
14869
4490
9714
4676
10895
4938
11627
8740
2452
13278
7664
11324
13695
5852
572
12125
7804
4566
8371
3845
13248
6057
1511
12864
7001
1250
11830
15514
10399
15692
6160
10943
2634
6938
9046
1330
14621
4013
7262
12582
15424
13059
8211
14972
8748
1853
14393
1754
7872
15820
5455
12260
3440
11959
8333
7578
3101
3339
3597
15438
8703
5215
12038
9152
2110
10242
3251
10712
1185
5444
2386
4991
8541
10334
9416
666
14991
6654
15713
12451
2885
12659
9142
5606
13367
1266
7719
9558
5139
14723
5256
10762
2166
3851
3289
3415
7542
9846
12332
6026
4188
4992
13611
2882
1007
13985
4018
1896
6635
15379
11928
8269
7953
7041
4875
2910
15960
9038
12697
8710
8769
4222
2635
15520
4680
14917
15084
3479
3446
2858
7143
13853
2708
12120
6350
9476
2938
7297
10487
4028
14981
7791
2241
3562
13862
809
3060
1441
11671
7102
12998
7999
9257
14641
3962
5991
5178
10241
1060
12694
9282
4435
903
9188
3724
4670
1567
1754
13569
9651
3258
9834
12703
9223
6976
5903
265
4767
5780
7938
953
1463
531
14613
11601
13391
9914
10928
15118
8626
8420
8679
861
1060
15408
14132
2824
8743
8705
13782
15881
5226
3231
4421
11647
6095
12410
11216
8638
10391
5135
6869
9473
45
11236
5917
3003
11147
4141
12242
12042
8653
7953
9373
13005
5968
14470
2528
7372
9478
11352
4109
4886
13018
13897
929
5352
13498
723
9537
12105
837
12297
12143
2099
8723
5404
13673
1003
13083
11512
11806
15474
13381
15374
5325
1172
12429
14637
15677
15133
3024
13194
11155
6443
13623
11614
14803
5791
3133
10414
2294
10669
14942
4646
3619
13971
3934
2975
15885
103
2611
2112
11882
5000
6800
12864
5004
695
1038
201
2333
10174
4473
8696
5243
334
7093
1153
814
487
6604
6896
5506
4976
11925
1162
8006
10342
9089
9170
4895
12721
7685
10023
14857
8594
4895
4874
14700
8633
520
2430
12375
10228
629
5384
5467
2561
3337
10454
12678
15492
602
4732
7803
13588
13086
4953
7979
8559
10866
6168
1458
13134
7750
6227
3536
4052
3049
10961
10754
14880
1837
4848
7228
6273
1335
8606
838
12617
15461
6657
3888
14266
9436
10167
13299
2205
15148
10039
15910
14706
14370
9942
13786
13634
6187
10854
1682
2192
9696
13817
3426
10350
10163
11331
7843
8875
13747
5661
15439
2218
8959
7334
5248
13134
4165
4356
15872
12049
246
10568
13708
8500
4872
1136
10794
7185
13031
9222
7588
5772
2553
8805
11680
4904
5452
15899
9309
12853
3167
14058
2700
167
15370
12649
12104
15107
10378
14536
10420
11122
11309
11697
10800
13432
13590
4041
440
5950
7214
3797
10841
10635
7464
1402
14671
465
7342
1437
13376
3300
9645
1257
13071
9414
12602
7662
991
1693
3615
13670
3876
7237
11398
5140
10215
11522
12993
13382
7318
11854
6836
5241
8581
4561
12512
2843
14853
13167
8076
5995
9375
3579
15378
13948
7534
5513
13379
12377
13718
608
4984
5315
15204
4494
3382
11798
4228
11670
13565
11082
14297
1477
12717
12564
8957
8483
7702
12972
10965
11396
2330
5674
6223
10430
8705
1418
5691
1525
13529
11470
14531
1937
9352
15555
13961
4945
14960
347
1755
10617
1725
6841
9877
1575
10574
15180
660
3396
11069
10002
14162
10517
13
7550
11299
8945
12655
11253
267
11149
4273
8818
953
2675
13380
8393
3620
7826
10984
5256
12481
14446
15222
11513
9822
4344
6473
4420
1310
14456
3786
14769
3218
10790
791
1420
9584
12761
10448
673
1266
12631
14589
3943
4045
7242
10015
6329
14284
11732
7122
8767
8969
6457
7323
3819
8520
8251
1620
8479
9328
12547
5809
14956
12967
4667
15470
13942
11785
9657
4375
15859
644
10325
5235
1490
13522
15323
8590
632
7444
4380
13282
549
9864
13471
1185
13173
4967
4853
15010
10243
4062
554
9573
13352
12070
7639
15685
1249
9538
2133
15161
10063
14165
11276
838
14039
12061
12265
5381
11498
5776
14702
5452
9183
7313
9315
1020
6651
10831
6698
1767
9235
827
13104
475
11592
14371
5759
13392
1010
15856
5745
6698
2200
4728
13440
9642
12058
4225
12216
14711
3314
15699
11597
4933
8847
13945
14281
32
14305
12436
9566
6871
8691
5723
8793
9863
177
5682
11063
3139
9547
2278
13010
3037
3634
15107
6452
15444
11200
14930
9229
2522
8052
4851
10431
10112
7386
10770
11413
2560
6281
10825
6164
3878
1222
9362
5866
10589
13511
5351
8963
8018
10769
11385
8123
8391
3202
11913
3117
6006
2027
6885
11818
15647
15061
5250
2886
3632
10853
1715
13580
3345
12634
14212
2385
15369
7730
14261
10150
592
12141
15958
10599
49
7913
14972
5488
4571
4204
14749
3184
6726
14144
10509
15829
15933
7801
8342
1511
11275
6610
11053
9969
2886
12342
15575
7833
14515
11482
3608
14801
13396
3207
1555
1510
10005
9333
4163
2230
13327
7507
2004
15615
5238
14052
15775
5586
10278
4163
11713
677
9413
9159
11607
5256
3092
6913
9815
5872
13784
10978
6286
7471
5471
11386
7218
1157
11313
8411
2595
4048
7637
10268
8643
13150
700
5753
5102
12643
9166
9496
280
1414
4880
742
898
662
11503
15904
6169
11226
3116
10222
10219
4357
611
1449
1606
15816
5049
14910
3311
8706
4257
7594
12412
15123
15179
10277
5839
13646
6315
5211
7983
13580
2721
14805
9476
9437
8266
2423
3247
14042
5475
12706
14084
12950
7893
3321
12133
435
12897
449
3196
13328
9704
12642
10516
6688
7128
14986
8724
9558
15023
15985
1818
2748
9517
5047
14384
8611
13338
14441
10158
15989
13745
3874
11692
13094
14888
15694
13729
6345
477
11786
413
5567
542
8359
3999
9354
6037
10062
3476
4927
10830
3005
621
9370
7655
11567
2907
13740
3027
90
15658
559
3018
15762
15927
9210
3153
1547
3983
12047
11361
12092
6438
1874
12983
3550
945
12885
12344
6291
9760
8654
2174
11812
11835
10410
8707
3555
12760
5562
9576
10287
10806
2956
5859
4118
5114
4821
11332
5525
7875
8202
4514
7802
5100
11405
13862
234
4445
13316
12275
13439
12942
8902
5809
3721
794
14319
9397
7286
11260
13203
6222
11468
4584
2063
15791
11346
9288
7547
12532
9807
7121
2875
2643
874
15042
1973
13280
7088
3513
9757
6780
4405
13106
4459
4827
7249
15516
3310
9265
15499
9882
8442
5753
8596
2899
6461
14818
12522
2550
8752
2262
6301
8525
8873
9639
5679
14717
12685
3545
532
5336
4130
7046
7128
15071
10242
15090
6880
15191
1195
684
9032
13446
308
14301
620
6794
4890
13872
2050
6615
3897
9694
10981
13643
854
3156
8941
15856
6873
3204
6137
8013
3224
10565
7822
11113
5710
12008
13721
14301
11946
1752
14288
3861
6020
14061
12215
13219
2986
10829
1983
1855
12121
11135
8072
991
15943
7566
3143
9839
8413
14678
4035
14638
4867
494
762
15141
11795
12337
96
4548
13935
13419
12615
5914
11438
12061
7386
13232
113
3565
5571
131
11604
15534
15213
4381
13312
2055
3683
7119
13150
15554
6999
2317
11110
12979
13887
10982
13077
3267
8602
14878
15357
664
12113
14441
4342
2915
13112
10182
1650
13637
8243
12406
15215
2782
1397
1689
8069
2292
7140
1891
13727
10557
3225
15615
10950
8010
7427
13312
1305
13328
13227
12032
8409
14611
13458
3543
1313
2096
14390
7802
6194
5128
2867
13677
5100
10757
13191
4454
13530
6154
5998
15360
8804
5051
12140
8216
11943
14822
4329
3400
11106
7436
2934
10366
4871
11408
11694
15416
13810
9083
2487
2142
565
13290
14568
12219
9105
12565
6789
14617
12162
5500
8485
8953
12274
1455
12340
9836
15117
8122
661
13841
564
15276
4831
10540
11275
5571
1097
2399
6445
10550
7072
11783
2559
12703
15348
14389
5666
11010
7635
13383
8194
10366
5805
8483
13451
4495
14295
6415
9724
9341
171
12464
12115
5348
2636
6429
3944
4321
10119
9120
12438
2134
15316
14601
5268
15707
6269
13614
8161
10433
9302
4866
2782
14020
9898
10960
2677
7116
6838
13205
15991
14816
13518
15224
12420
15656
5662
12903
6563
8861
7180
4559
4338
13903
11576
8439
15607
14930
15909
11770
14228
2118
9457
3167
11545
1154
5184
12247
3188
2781
13495
9490
11011
536
4260
14270
5258
5227
5691
14877
14912
10410
8060
1729
6276
10388
2992
11879
6189
7865
7313
15214
12415
7557
14857
2802
3257
5868
7187
7817
1099
10292
10814
2202
10276
7002
11856
1237
5290
3106
8839
11474
10947
3774
4731
15050
5008
5146
5663
5612
7866
706
8294
733
484
2801
11778
1871
5952
15031
1607
14013
5309
8774
14894
2112
10462
12505
3190
529
2598
11584
14950
1820
7472
13
15789
8637
10971
3541
8041
13209
3618
9891
1734
14619
14729
6911
7359
8458
3251
10134
2048
11588
12817
6
748
11034
9397
1608
7354
11719
15044
7611
10810
4749
1674
7113
15030
9326
2472
2744
5363
6148
8296
11023
14551
4605
9393
7842
7204
9527
11286
14653
14306
4212
9352
15849
2908
3130
684
9565
15296
2634
7751
1029
8426
15930
2902
9895
570
2865
2363
12088
9889
1983
10641
3130
5947
6103
14752
11728
1431
362
8300
13536
13074
9376
10728
4323
6752
53
13512
5580
7084
12270
756
14994
14168
6071
15896
5084
1757
12251
88
6984
10070
13023
6689
1496
13976
11643
2715
12410
12025
8246
12858
12083
14386
10269
1396
3943
735
671
2061
5191
14627
7688
10382
5335
6632
10776
3668
5147
5444
8512
3396
6365
5751
1912
284
414
9745
12992
9317
1559
10416
817
260
12138
4839
1342
6640
7786
1083
3085
1151
6788
13767
9324
9945
7624
1023
2545
8077
7064
1937
14003
6466
6763
8423
4894
4613
15678
4041
15863
11330
921
7072
8301
2382
5306
15957
13784
14113
10976
3160
10641
6433
3253
8893
9453
5017
3544
11648
1366
12872
12807
4201
3208
13718
2022
15627
13157
3682
14190
10086
1782
1398
6901
9644
6783
5020
8789
11681
15166
13002
956
2971
14015
14584
912
6697
4959
7315
12029
592
3803
12553
156
14961
1812
4741
2113
7110
11745
13749
10465
12811
8081
10950
12830
13625
12412
14193
14833
1133
6980
11951
12019
10600
3757
10632
11720
1967
10902
3721
40
14035
13844
8276
12171
13643
6570
14417
2417
3965
6310
8579
2379
2268
5274
2805
137
9898
630
7123
4545
2143
15423
20
377
7202
3950
3285
3473
884
13799
4418
720
10860
4500
6061
15241
9116
11806
5953
4457
12691
12616
8783
15584
7804
10216
3911
7210
13156
14594
15812
12281
14873
9474
5822
11841
14893
5526
11747
3487
12826
4646
13439
7527
12671
1265
6039
15305
6025
9541
1558
8862
3181
4698
13087
5973
11537
11340
13313
4341
2506
12724
13896
4046
9152
5986
10864
1344
8174
568
8885
6183
11206
12710
1158
11746
7282
9149
12823
2302
13620
1522
10390
6020
10222
9074
13685
9180
15422
4508
6118
9181
13761
11680
101
14450
7673
10546
239
4714
6601
3690
3536
12251
5405
5307
5786
5044
12198
12173
6449
222
11843
5370
12036
15
4091
12194
7766
1067
13735
15532
8122
15574
2989
4825
10013
1819
6886
1222
3069
14642
12065
1214
2104
8561
4673
6457
8447
338
9217
9846
8553
10653
13784
8624
1956
9906
5496
12416
10182
14069
10096
13646
10305
2902
2673
2933
117
9723
14125
5619
12640
2317
6491
8137
113
14108
4311
117
12922
4656
5735
2442
8899
8173
2457
11369
2234
6881
3016
1694
4040
6638
11197
9433
15168
4687
9969
13447
7793
5960
1009
5516
9691
12782
15194
13727
1534
7056
9348
8643
5069
5825
571
5982
66
3843
7464
5239
13579
4626
11599
4369
3042
202
11186
4510
10106
8885
4626
802
7573
9141
5077
14822
6707
75
899
11476
2532
2305
6378
3830
15167
11642
3682
11782
3435
14996
6699
11825
5466
1335
15090
5101
12566
14397
8051
3443
13107
4734
7352
10715
1124
14838
9471
15700
13354
13973
8121
3708
7335
4132
10543
9186
11921
3919
10047
13333
4162
11603
10053
5097
11755
12357
4629
710
7785
10748
9252
9772
6192
6812
14790
12359
11620
11456
5777
8234
4102
4291
97
7467
1355
10667
12790
14428
11401
6067
5431
15649
11210
10228
10265
8179
4099
5295
27
13872
5471
2745
2409
8604
13748
13187
12704
14968
7703
3781
6577
5693
10635
1479
5599
7413
15956
9676
9570
11319
14698
155
12206
8765
10249
3627
15565
10147
1893
7402
7017
11198
11899
2730
2534
6167
4867
10665
11308
15875
11137
12731
1154
3680
8315
3606
12181
4718
9413
10170
8345
6215
12152
5499
1287
636
15617
7340
4612
9166
15061
10474
15714
9990
14786
7042
3135
12146
7265
4352
1611
13436
6184
8661
13608
2408
9116
2468
2026
2601
8355
14505
12349
15713
6903
5190
14246
15732
12215
11692
3938
6471
11160
162
14826
9371
1208
7285
3992
4864
13331
12668
6755
15735
14990
15687
12486
8744
6577
2660
9152
12348
4082
5837
2932
4056
14764
10993
240
11959
13743
13021
15114
14819
14960
5383
10855
3984
12385
1847
11157
15253
14812
11283
1880
13960
9785
11461
13058
9972
15358
5195
7931
13369
7734
1242
11745
14593
15066
880
4296
6106
8172
9973
1698
13429
2467
1421
10554
12538
4673
11773
7259
8966
15744
14007
6157
834
1194
6659
12159
8737
12232
10316
9088
6454
8690
901
15911
14639
13126
694
12179
15858
12148
13479
15437
3026
14709
3495
9930
12910
6363
5369
9228
13734
9796
8028
8423
6203
14312
15926
737
6402
9426
2268
1715
10949
11692
8704
1644
1334
5682
696
11317
9617
9801
10279
1199
13389
552
2250
7544
4222
3636
1505
5965
14410
11370
2936
5322
3077
2294
7824
2508
15596
480
4207
8055
13947
4966
10113
13651
1131
9956
1642
13841
14668
4848
11305
14572
13114
13058
14186
9771
11711
1616
9064
12482
10309
6072
11132
11288
11190
11351
711
1124
2354
12087
11769
13489
3180
12837
8251
768
14754
1439
9279
14860
4791
620
8545
7592
13294
3910
11770
11077
6213
5043
9794
15760
11884
1522
863
9272
8544
15760
5390
4045
8617
8218
5485
15044
5548
748
2786
13847
10029
14248
1196
14729
101
451
13956
1031
10940
15161
3311
9642
12324
14049
5667
15193
12050
4698
3347
11660
12696
11301
8857
12459
3619
3405
10687
14996
13135
10305
15403
9276
14178
7746
9380
4205
10220
14455
9541
11053
15737
12574
5821
9791
7536
6621
7743
11459
10251
3766
4749
2168
13811
5785
5533
5538
14583
10900
485
2055
2153
4134
5576
13587
8341
14897
13724
3355
9439
11021
87
7358
888
7225
10327
10343
4156
2860
9675
8560
9900
15946
8257
5473
8963
1906
2764
14166
3702
9524
12113
7038
5005
3360
7663
7104
25
185
3592
9592
9681
5641
8944
2526
4237
7758
11954
7
3742
5458
13177
4998
4296
1752
12066
11563
349
3506
14171
5355
9975
14320
1656
6624
4945
4658
8402
1383
14146
6559
8796
9575
11224
14446
13508
12849
9485
12194
9153
2819
7720
6098
1791
2471
5939
5286
4517
7481
10261
7006
2431
4357
843
14732
9549
6158
14663
10978
12199
11692
229
8998
7819
2125
1926
6850
11525
3419
3787
15223
10873
1086
880
10418
14608
2297
1730
13943
10557
10735
3262
13434
15083
4424
10568
4940
7749
9967
6533
562
15649
5171
8661
12050
9098
13709
10096
12423
3688
14593
284
8339
15950
29
1288
1012
3936
6174
9673
3471
11359
10802
11374
10889
5075
7897
65
9717
9684
10597
9373
10919
15604
10144
5351
5287
716
1292
6570
11586
930
4933
10067
10042
308
3459
133
10653
5284
9148
15002
12211
14079
15590
12216
9745
10091
3290
12171
3146
5869
11092
14756
5445
3669
13463
15086
12842
15047
11053
5960
6646
14950
3660
13892
6063
14622
3028
8700
12721
2574
5621
9227
8102
3601
110
8751
13332
10728
4080
377
3216
3717
9505
10414
656
14454
4540
10942
12510
13804
14933
12766
13481
3560
14522
2756
5430
12033
9462
14207
15027
2388
12143
14832
5804
15240
13999
7401
3478
9468
63
2400
4105
2192
13359
13775
6411
1805
5171
1324
11527
10290
10472
2176
3677
8796
12212
9382
12307
8656
1482
10787
2857
4136
8909
12060
2825
15321
12300
5752
5661
5085
14060
14995
5627
769
13667
8731
10044
8781
11808
4363
7914
13323
13641
3266
1559
9718
1756
12223
6154
10753
5303
13435
11157
1856
8498
8547
5762
3063
10986
12529
11820
11838
11545
2534
4137
14541
9121
11814
9253
14314
2344
6064
5194
12140
12380
14776
3547
8810
3031
610
480
1157
7454
13469
6652
9935
12740
15386
9434
1751
13612
15976
9030
11987
107
8366
4952
15976
10188
9732
10186
8216
621
9326
11499
5576
5254
15861
14765
12013
13898
1124
6616
4947
15718
1052
5473
8458
3750
3092
13653
5101
15543
10737
12656
9808
9351
2878
3402
3525
1864
8776
6065
1675
7700
1433
13714
5140
6571
15
15504
10930
13399
11928
15159
10973
10097
15243
7754
8355
15100
8358
4536
7724
366
8096
3245
15977
271
5867
7877
10073
9851
12296
2396
14584
1089
7942
12929
11204
10030
8088
2697
10092
4644
14802
7359
11800
4003
9472
13625
4431
11754
9891
9926
6921
6582
5641
1795
8402
8617
9736
909
12696
3270
1110
5200
14225
4249
1032
14590
3787
372
5413
6556
6865
9043
14439
10422
7031
13025
4749
3251
11587
4244
2911
5827
4088
371
13248
628
11072
6647
2409
1892
7669
9871
10568
5009
14220
11838
3444
8781
5406
9312
5323
5965
12053
4234
8362
3808
3055
2958
13384
9660
9394
15261
12975
14707
749
12040
12120
12293
11110
7839
13539
12560
5861
12474
11248
6819
1052
8406
8989
5424
15921
15830
9244
15519
2794
12651
239
7679
8052
1423
8899
8791
12112
15787
13286
3995
7387
8665
8039
11962
15736
323
4553
4436
5595
7082
14435
10633
3445
2819
6999
109
15095
4284
1069
4504
7813
8604
10763
2009
14714
4040
2451
10122
6097
5985
12377
11390
14774
14539
255
9495
1194
1161
7408
15989
10957
5060
14645
10313
14155
9323
10999
9287
5862
3571
8338
13498
5659
9536
11089
14641
4468
13596
9804
3543
7145
4579
10587
7648
8692
8514
822
6176
176
12180
5291
9654
173
12267
7034
11493
9298
7856
2256
14338
3183
354
12638
14345
7647
4730
2198
13899
6230
9071
2690
6595
8269
5461
10433
9606
12679
5025
3230
2648
14270
10631
14158
8539
13295
10500
12102
2274
9407
12536
9911
15715
12681
3691
6695
8459
12037
11376
8237
10860
13846
2598
12489
11601
5295
8667
7773
1971
2403
11084
4172
3524
8201
13192
9390
3368
6920
3059
2221
8387
2245
101
11391
301
1318
12786
8448
12354
9025
5957
4715
1111
1574
7333
14645
15623
7493
14234
13702
13227
2302
8360
2388
1896
1092
3130
8222
865
9964
4506
5570
909
13592
10525
15996
14500
570
732
10876
11188
3911
7708
2211
5584
9338
5967
11993
12903
834
8884
1805
7602
11722
10393
15690
2631
12578
3521
4595
12491
12943
5856
14491
11973
15084
15939
5123
6541
10938
15372
10929
7395
14028
5403
12585
6171
7304
4745
7883
10486
14170
1486
15688
11277
15803
1026
6722
3943
1241
10688
1536
13097
7140
14759
13003
2669
7541
6778
14951
2859
8474
2279
433
9683
11010
7141
466
5117
6338
822
5149
4920
12994
396
8459
6527
6215
11976
15952
14666
8477
3933
13849
10048
10336
11603
6629
1545
12775
2024
10237
8642
11598
3665
7057
3722
5663
11934
12529
9785
8860
10427
5349
945
3628
1810
5289
15052
12512
5838
15752
757
5152
4539
5395
2258
2422
15433
2686
15647
15351
1584
9752
6806
8393
8237
4070
15882
14166
8426
15706
13204
3340
11771
13621
11748
7245
10117
9590
8889
12410
1657
3837
7147
14999
10366
4673
8997
4635
13421
13099
15793
9175
1013
7181
3948
6784
12639
8386
5976
6747
11629
3426
3152
8708
11355
34
9430
14554
2311
1095
14856
14090
14636
11077
3762
10679
74
8056
8957
10563
1698
4862
9924
1341
2269
5423
1799
9191
8652
14010
1400
5474
4682
11357
3507
15480
3134
9152
14219
5126
3133
6127
1535
2948
9932
6898
7244
5043
9283
14859
13084
15586
8909
6924
1756
11740
2315
13650
9771
14065
10456
5986
7918
159
10279
1310
4480
13150
10505
6563
7431
12933
9548
8258
14946
5084
6717
4250
2366
3775
11661
7119
2632
11627
10065
4585
14205
12392
12707
5067
1821
11667
7526
1869
3261
3015
7463
3705
6524
1576
10784
1375
6221
395
4182
8213
15475
12293
13026
975
5516
6415
15948
23
8132
339
13714
4904
6698
12437
13513
4717
3231
2497
11483
10769
7019
7437
10094
4546
1129
8650
15334
6280
99
13005
10112
14268
12792
7796
13343
8742
10682
8407
5668
6711
5716
9357
4470
8927
8680
7192
7841
8460
1015
2542
14106
8257
2170
4004
8097
13902
4237
10425
7487
49
6987
2685
10607
13321
11189
3357
15449
1331
14923
459
4665
772
8125
6286
7902
10913
3003
1571
3535
7293
10345
14479
5640
13552
5486
3906
610
9713
14892
7529
11280
12656
4106
14673
12101
13394
8556
3955
115
4234
12228
8352
8623
5585
9410
10698
5041
10497
679
13932
9719
20
8247
9111
1928
9524
15821
8987
2518
3582
10504
11086
3517
13528
3235
11132
1064
2923
12259
10091
7122
7743
14505
2057
5930
14194
12327
13620
6992
5397
12463
4518
9789
13731
7335
6395
2303
11551
12441
12513
4513
10953
15719
13403
297
15612
15132
10289
7866
11943
1117
2936
602
9574
3070
5178
13006
12476
15665
1985
1058
4335
8281
14085
9029
6400
8444
943
2768
15430
8535
12105
8551
5030
4236
2053
15928
10225
2935
551
13601
1370
4510
1935
1518
7570
13510
12775
1088
9090
11426
10213
1673
8741
1703
10429
15027
10111
11899
1703
15712
14269
15243
2312
9548
4970
8124
3648
5711
15692
15545
1295
255
9817
4075
15140
11123
4185
4103
9028
9122
14489
3136
9107
6249
14793
10270
386
14123
12403
2151
12118
15379
3480
12857
11473
10101
13929
10553
12543
5586
9375
14566
9246
12538
503
9223
939
13900
206
4547
8581
2713
10580
1999
6592
10791
13296
12993
11145
7249
15664
2692
10929
459
15467
9956
10584
15108
8566
2377
11831
3876
3967
5121
5769
949
9353
11958
13335
8670
9092
13311
4319
585
4872
14993
1760
3110
2606
7574
3973
969
395
6934
8747
8559
5706
658
8913
4126
3813
2608
15963
5674
11392
1168
5251
3667
7650
13628
6620
5644
3728
15294
12932
15447
12680
12364
3942
13003
13975
3743
10665
12984
14295
15714
9401
2017
5577
11205
7152
15847
14859
12848
9184
6727
1334
15381
1600
