3616
2293
4056
4464
922
2358
1119
1943
3820
3178
1384
206
1889
603
2306
4992
513
3795
3219
4528
3871
4098
506
2602
1703
1515
659
309
122
4182
2344
4468
2543
3497
32
4220
2864
39
4214
151
950
4522
2729
2327
3530
2229
4915
3750
2634
2458
3569
4306
3748
1467
4630
2574
3353
1564
2844
3100
2705
757
1584
1687
3911
2645
3337
4908
3056
1625
4213
2840
2246
1861
1119
2892
4220
1185
1577
2574
941
877
3881
1346
4989
2711
4772
1981
2243
4633
740
169
2937
2576
3719
4229
770
3702
3342
4804
3895
1457
4550
3550
470
4469
2486
11
4736
716
93
3835
2429
3430
3976
4732
3167
4452
590
43
3351
2741
1000
27
1735
2963
1719
3715
3382
2160
3203
3385
689
3771
326
3228
516
4663
3499
720
3557
3642
710
4507
3145
1546
3122
2356
469
611
1841
1459
3075
2334
2123
3699
1231
2228
2397
836
3989
2760
2517
4798
2697
10
2729
4487
2355
4791
377
4341
4109
798
2207
3904
890
2982
3041
262
284
4811
2632
4210
450
1567
1041
3583
93
1956
30
2486
29
4432
4848
4479
3948
3514
3234
2459
4167
2441
2413
4576
3141
1236
2628
4302
1749
180
2907
2247
712
4029
2185
2444
2296
2411
1671
1114
3292
4282
4172
2259
1777
238
1518
2064
1726
1800
3207
300
3668
4618
1354
916
3224
65
1872
1787
199
353
1660
1410
717
496
1623
1533
4233
192
2128
3736
3960
3880
1196
4400
3965
876
4334
1630
4426
272
2739
886
966
4724
4268
2974
2187
3177
4049
4561
858
3826
1367
3724
4670
789
1197
3216
490
2937
1617
694
103
1698
18
2345
4949
4543
3081
932
2901
821
3257
988
3674
3516
3496
2784
3442
4615
1561
1902
3708
4097
1968
31
3184
2635
1785
4138
3765
330
1925
4471
2579
69
4250
3537
4846
4956
2629
3382
2115
3212
2359
4627
2194
3271
3321
2192
2960
1648
310
1516
1480
3748
4764
4121
1110
796
53
2839
648
2199
4000
2943
2409
4548
4487
733
1218
4365
1030
3081
4935
4056
239
1327
4156
4159
1972
2394
4722
3015
3106
2951
1458
2725
3766
989
1701
1068
1959
11
2086
4588
79
2994
3940
1324
2839
3914
1975
1912
3974
952
3534
4517
1998
1252
1187
1545
620
856
1052
289
3666
2245
271
4642
4314
4416
4697
672
729
1802
355
493
1837
3493
2337
281
4069
4753
280
4800
1332
4623
1036
1961
1953
2413
3483
1842
4317
2568
481
3353
170
3840
385
4917
4149
2029
4349
4444
4248
3679
3787
3182
1263
267
2340
4166
3980
3057
1265
4808
849
890
4956
3029
1114
1776
496
3340
4268
4197
1039
3996
3990
4285
134
1652
4042
496
430
4723
4096
1807
3938
2291
384
848
2288
2599
1049
1157
1702
1150
291
574
1707
4856
4382
63
103
2085
4868
284
527
381
4338
1848
3961
514
1702
2797
936
3393
341
2814
4980
744
476
2977
4010
169
553
1624
4052
1084
926
3126
188
1628
496
1406
906
3535
3434
3695
3584
1521
3489
4669
1734
3706
4012
3865
1014
4915
819
536
1070
1209
2424
4760
3790
440
462
3895
4133
2696
2428
1054
629
4413
3462
1827
191
1976
4161
1764
4500
3035
2113
1719
2337
2546
4713
2359
3997
2861
3741
4800
1347
1210
2911
2244
3791
807
3357
1502
1695
4077
748
1267
87
400
4971
2424
2713
3547
846
3983
2511
1152
2340
3115
3622
4117
4064
1627
4601
4202
2217
1372
2503
1295
4470
3094
506
3675
4418
4976
13
615
4551
3936
1985
2688
1411
2754
3916
4187
2356
3490
1222
3811
128
3365
3401
591
837
4633
581
2639
4266
1510
1686
4156
2840
532
4475
4959
305
1307
1219
449
3155
3409
2165
1258
1057
4453
4268
4446
919
659
4549
4193
3471
193
983
3979
1165
366
3854
4679
4339
1874
1436
1933
4818
1489
1213
1080
470
1769
2013
4921
2756
1514
4112
4082
314
45
3557
551
2347
469
320
406
1263
2778
155
439
3491
1381
480
575
1689
4046
3734
3807
4895
1361
2469
2873
2596
903
919
4890
901
2504
2869
2115
3787
2814
1844
3697
430
1852
4170
709
3130
2334
825
2710
4436
4715
110
4490
649
4388
3782
548
627
2584
1391
2047
4529
1976
4166
160
3322
4038
4058
4433
286
3339
651
4250
3665
2309
152
971
1141
2503
2237
1572
4282
3930
2133
3989
181
1642
1834
3953
723
1155
3966
501
3976
482
1348
311
2248
4808
2128
4137
3488
617
944
1453
2522
1379
4750
235
4788
4522
2955
3269
3508
4944
209
1051
3330
1746
4061
3922
1042
4269
4375
432
1052
4527
4183
2283
4242
3203
3998
4271
2173
380
4990
2518
3220
3722
2199
817
3371
2482
2423
5
1636
4872
1333
3353
1068
3632
2691
2028
4260
3075
2021
1635
4546
556
42
3424
3300
4369
694
46
1593
295
1233
1409
148
775
2400
2050
1125
3485
1998
2760
2134
4119
1942
3835
3743
3882
3432
1249
558
3023
718
3499
4135
965
465
754
1587
2504
4381
2027
4296
3592
477
4706
213
124
3117
2610
1104
4653
1738
4882
1398
2023
1656
2827
39
4770
3512
4903
3859
3391
899
3124
4149
3806
2568
3117
3538
1948
4214
4137
3430
1577
1839
3925
2308
1168
2193
2308
3279
447
3841
2591
4721
1158
2302
2120
4607
3885
120
4568
1264
4398
3459
4481
465
2218
1780
1309
974
4855
814
461
4278
1215
1361
454
468
4964
4057
1245
4917
615
3718
3555
939
4240
2693
2524
4845
783
3234
4785
4920
4849
4032
182
2591
1358
2599
1502
2266
2679
4161
1866
2206
3078
401
56
3905
2950
1112
1536
3832
1960
829
3194
415
2519
3809
1899
1876
1028
3324
3231
328
4131
3775
1456
2651
1814
3263
1236
4939
168
3626
3997
2608
705
322
4586
3568
3088
3195
2754
3490
4400
4051
2296
225
2609
957
3163
2975
4159
2489
2253
3307
808
1540
323
1608
2406
319
4115
3676
876
4262
345
1738
2510
200
1909
1924
1769
4622
2238
4648
1777
442
2362
4157
4377
4582
1805
1851
933
1413
3870
2173
1796
778
4034
1700
4473
4811
4904
281
2497
3337
2379
1294
2103
2063
1158
497
3954
1469
473
606
1968
4368
4554
3153
388
2639
1103
1181
1122
3004
3560
4803
1780
2310
3601
4626
3253
671
493
1471
458
1367
2990
905
2800
3324
4433
3052
25
4275
4575
1688
4449
1904
4493
3542
3836
2437
3189
4887
1250
2659
3445
1032
2802
467
4054
2709
1148
663
2623
377
1339
4747
1183
3303
143
1337
2474
2473
873
3685
1715
770
2151
3301
3895
450
3311
932
3346
3622
1409
1157
4147
2649
453
4694
3370
2835
4571
3056
250
347
633
3697
3602
2796
2775
3676
4901
2626
4686
1510
2137
608
783
334
4405
3456
4289
3544
1931
3510
122
1069
4277
2649
2518
3171
4500
3630
3493
4621
1243
290
2359
1527
1890
748
3507
4712
1310
1350
4285
2435
4814
3566
4325
2508
4625
4717
4876
2372
3571
923
306
3377
2238
1932
51
1765
4701
4075
1864
585
2372
1906
4505
3135
539
3691
2392
4673
4642
3950
1961
1144
1750
2864
4213
2348
696
700
4390
3341
3583
520
853
428
4324
1359
3735
3378
2972
1838
3030
1042
2002
4149
915
3077
1922
1685
514
3659
3107
3520
942
3328
1276
2857
2531
2251
2367
25
2250
3686
314
1491
1607
2346
114
1781
774
187
2906
2499
1844
3364
2170
250
1170
1110
867
4845
4308
18
2630
1896
1936
1585
4180
1375
4834
1219
2200
865
3356
3372
4705
2183
4907
3712
1340
1323
325
4535
3774
2558
3790
2297
2134
602
3801
406
1953
937
3435
4906
15
2016
3596
3428
3291
3380
4559
1546
2449
2967
4193
3203
1591
1047
2822
1520
4534
3748
799
3648
1490
1571
2831
3622
508
1611
1557
3249
817
3427
2292
4984
403
1751
1837
1904
1301
1157
2190
2003
2356
720
4060
919
649
1384
2172
4360
4028
20
1528
2467
3210
3070
2357
2936
894
2961
0
4402
1414
3313
3720
3055
2620
1414
4711
607
3117
2303
2363
2866
959
2191
145
2227
4899
4823
1313
2739
777
1768
2780
851
603
3258
1602
4066
4474
2998
1400
3846
2701
589
4606
2251
2472
2755
3023
765
384
460
2489
284
188
4617
3797
3467
200
4822
4713
2109
1667
1715
136
1997
2552
2957
579
320
154
4721
2360
3945
3569
308
4481
3696
4457
2170
3384
2864
4713
3049
3910
3163
1713
865
3211
3677
3252
4858
2271
4746
4765
3722
1679
4829
3302
2857
611
2534
4780
1883
4853
3686
4495
1930
2900
4066
357
2958
1478
4786
2141
2682
3620
1421
25
3699
3263
171
588
279
3448
2438
4395
2368
2253
4894
3809
4732
544
4264
2795
994
2065
3298
1906
2851
244
3797
1910
2347
4117
856
1295
1386
3120
3509
79
3444
3237
2586
4716
4433
2488
2214
401
921
2551
53
2996
2304
1260
4874
18
1266
226
936
3039
635
1469
3966
4290
4445
2042
637
3732
4871
2837
3415
3073
487
3738
2733
3015
1580
3323
3284
467
738
951
4262
868
4018
60
3137
119
853
2132
694
1089
3070
2210
1520
555
3777
3272
4038
2447
4724
4489
1127
1770
1312
809
1561
3378
4484
4756
3382
278
4734
2084
3980
172
3582
2404
4135
1421
3354
3945
1198
37
2872
265
1702
959
1507
1259
3471
1741
2820
3198
4329
4373
3964
2350
2746
840
804
3976
3607
3900
3362
967
660
4385
2944
4863
3034
3832
4234
1815
660
4766
620
2532
3958
529
3318
72
2315
1610
21
2553
2209
3896
3263
1205
2163
4885
3506
3051
1315
3898
3713
1862
3282
3966
3452
1795
4853
2459
1987
3649
1573
3025
2344
3688
1788
2444
3094
2897
2199
2953
3553
4830
92
2014
4227
2027
753
2871
3304
3217
1926
2612
2479
1068
3729
3807
798
1866
4756
1220
3401
171
1317
2402
4926
3152
1082
2806
424
821
3062
1902
4909
1448
2941
2883
3774
4275
432
63
2964
926
3365
3038
4337
3893
2214
2066
4090
601
4476
2318
1255
322
2544
1716
219
418
3357
2138
2271
1269
1502
1854
1022
3596
1984
2387
4804
2233
3115
2028
2152
4389
2122
4245
4595
981
2428
4496
3707
3188
3047
3013
1137
1345
289
1611
4684
1096
3818
4635
1047
3087
4601
3141
1486
3087
617
4642
3968
1570
4551
511
2793
1755
1955
3019
3207
3937
3377
456
4639
190
827
2317
4740
2276
1157
2676
3267
4031
3780
95
4685
2222
3931
2294
1234
3378
2612
2987
1830
2505
4784
1271
3627
4908
2443
3829
2115
2884
1191
4404
4008
4340
3507
2682
4571
360
3823
1411
1925
891
351
345
277
4446
1393
2598
4254
4892
2309
1476
4003
1282
4497
3102
2154
1660
4110
4479
1779
2507
2906
4200
972
4418
4947
2968
1498
3160
1076
3851
3438
64
343
245
249
3283
1983
3696
1533
4672
4281
1256
82
1897
3807
4624
2546
4103
4072
2374
906
3264
223
2481
2157
3324
2303
1531
598
768
1824
433
4698
2089
2384
4951
759
4434
2993
1672
333
2505
1458
1915
4504
1667
173
106
4055
2928
4469
2420
4972
2721
762
1306
4472
534
787
1815
2002
3300
710
120
1348
1691
151
3099
2083
4182
3786
1300
4977
2340
4086
4738
1144
163
1873
336
1869
1684
3722
2711
2934
4473
4303
1240
1569
3339
851
4416
1939
4025
147
4701
2954
4050
3670
3141
816
523
2415
645
44
3397
248
3495
1598
2397
589
3757
2519
3759
1106
2913
27
3541
3689
2631
4564
4640
4876
4074
4180
4946
3323
587
927
2674
523
601
2722
1518
1052
3258
2660
1039
1812
2151
2207
910
3341
2781
2147
652
4024
312
2408
4768
3549
1578
2357
57
4113
4361
2626
315
569
2671
758
4751
2689
4707
2390
954
2316
1764
2179
991
2895
230
702
4809
3814
365
1203
4865
2786
2206
48
4038
1382
2974
672
2538
1893
3241
3888
3544
635
2316
1068
3916
2068
4311
3943
2051
2124
938
2214
3850
1851
4024
4304
10
4908
1633
3772
296
2539
3257
2951
3443
930
3102
697
1159
742
3215
4938
3398
442
775
3590
4686
3408
2649
1394
1718
727
3526
1409
2809
1734
1001
1088
4541
4339
892
4275
3334
136
3371
3330
1156
2626
3214
3331
1603
752
3557
1421
3992
1517
4851
3870
1473
2665
4909
1682
1901
4866
1900
1552
3171
4275
4646
2803
3287
1462
2754
138
4975
2083
3522
156
3235
4325
2947
740
4483
509
2272
2660
4611
2190
2045
4137
4801
3844
4895
3019
2030
3521
585
3495
467
2333
1017
3251
4147
4850
3649
4558
4166
3370
881
4673
2159
1933
2417
2566
2099
1994
1492
3811
2793
2417
3481
2291
3049
1955
2483
3090
4365
1535
4728
3650
2124
2227
871
295
4989
3386
2842
763
3945
1559
531
3286
1745
3559
1579
3102
334
1676
3814
655
3184
1548
778
1832
2622
532
2469
4314
4084
1970
4862
1405
587
1814
2020
3544
2962
4468
4396
4885
2850
2576
3670
3295
2863
2502
2198
825
1290
1518
2744
868
2891
1529
708
3732
124
2554
4746
1391
1881
787
3423
356
380
3875
493
2028
2709
721
1736
4927
2910
4056
3861
63
2012
3879
2613
1305
105
244
311
4541
1127
3476
2980
594
2015
3913
332
1726
343
1625
1334
458
4330
4431
2876
2423
186
2888
4109
2527
2776
4036
4652
3258
964
3742
1061
883
3872
3978
3784
1998
2246
1035
2566
3704
1275
3662
4680
4891
3787
1134
816
757
1035
2572
3279
1972
1733
1755
4293
680
4726
3558
1318
2484
4004
4407
3962
1139
1219
4156
3733
3027
366
3984
3269
2361
2491
3147
1835
1449
4583
3463
552
3567
1481
1720
4304
903
3339
3959
1308
2909
1402
564
2897
506
2039
3349
4238
2364
1965
2391
4732
425
491
807
3262
2048
2476
4102
863
4468
3345
1663
3434
53
561
2390
4813
3309
1383
4007
2223
292
4129
2160
1176
1680
3369
2364
4072
820
820
309
223
1180
4455
3397
380
3002
1730
3857
2737
4729
3845
3235
3020
4148
1799
4906
3584
1985
3701
2592
705
4919
23
3712
1327
2289
1454
706
1738
2006
4666
124
3140
1022
4736
4774
3444
1668
2249
3162
3414
3467
29
1783
3095
1510
2910
2401
3415
1735
1186
1942
3735
683
1615
2663
1666
4073
4211
4833
3952
3941
4836
3695
1637
3638
4833
4478
353
4976
2124
3420
728
4502
3055
3086
833
2648
4579
3221
1524
3932
4704
3404
3301
2796
4871
2289
3421
196
843
1733
3527
4703
2565
1914
1928
1221
351
3200
1544
627
2840
3700
197
1199
134
4709
3590
2558
882
4980
1749
1835
4853
2480
3550
166
3233
1666
852
1704
4258
4804
3883
502
1603
1233
2992
1585
1117
217
2108
2361
3769
4996
4911
3881
1511
1784
1586
4931
3591
2193
1285
1225
549
2971
2798
3269
4658
2735
3675
470
3725
1816
351
1008
480
4977
3104
1614
4942
469
2514
4062
4491
4266
3652
2769
2364
2682
1399
3701
3814
1376
1919
4497
2466
2236
3418
1637
3454
875
1190
3052
406
3278
3208
2631
1401
4628
4878
1855
1481
1607
3805
2094
538
1528
4318
146
1619
3160
476
1575
3050
3381
4873
1960
3306
829
4694
4674
4848
817
1545
1565
3676
585
329
0
1090
4960
4413
3280
2311
948
3290
2692
1145
3628
1115
752
2848
390
4611
4964
769
4132
3366
1057
328
3506
2613
2495
2733
3775
4872
54
1528
3622
3334
2031
1903
4544
441
1125
1126
783
4708
4478
3541
4713
3814
464
2613
3167
1040
4426
1676
4897
146
1976
4177
1257
460
2802
137
2072
4672
3578
2720
3152
4709
4552
4899
2936
2989
3731
3257
485
2000
2374
2482
2427
3474
493
4432
1600
1808
1619
994
1777
4912
2002
4032
628
2566
2365
448
3769
1027
4397
1783
2253
1647
4695
3179
4468
2855
3742
4485
1562
4850
4890
2676
3119
1725
2172
4356
2437
4495
3132
366
2967
1422
1786
2417
567
3048
4958
4734
1140
3702
3044
505
2535
4939
1431
291
1952
2482
2545
4
2210
2013
1324
1862
3167
3666
4960
821
4409
112
2994
2995
4831
1655
2533
1080
3192
3645
783
3742
4967
717
3250
2546
2522
4978
174
2679
4825
890
2200
508
2112
2237
2873
22
273
2981
1798
584
569
527
2175
2254
1565
1015
3878
3954
2193
1010
869
1125
3620
45
4188
2095
2708
2947
2038
4370
3425
827
888
4241
1201
2968
4605
2886
2752
3913
513
808
3753
889
3544
4515
1909
186
2145
4834
4230
2154
4444
1343
2553
1784
4141
1603
3166
1695
3653
3409
3662
4561
2732
2109
1904
2583
4852
99
15
2212
1629
2649
1868
2930
2865
862
4859
3020
1059
1604
1613
826
1680
424
3585
3459
1082
2211
1095
4629
2981
1600
107
2304
736
3366
4002
2184
3714
104
4301
1585
1287
2880
4831
1381
781
3026
1612
1489
663
3012
1607
694
2125
4772
2704
2963
1566
4601
1721
3351
2451
4387
828
3460
1265
2863
1619
1039
2219
4147
4115
68
4210
2824
101
3159
1258
2796
3674
317
50
1863
4211
2441
4039
1070
1315
690
1941
3491
1969
2361
4044
2006
1597
1321
3114
1300
934
3743
2355
1054
2454
17
434
4925
4739
2771
59
4296
1803
1508
999
4000
323
4687
1994
3979
3828
2845
988
3364
203
2648
1682
3348
2651
587
3944
3274
976
101
3166
2614
2683
4492
4380
1219
3357
3734
1571
4610
1106
1538
1242
1539
1084
1525
2801
4647
873
825
1350
1617
3594
312
4234
690
3600
4814
3190
2908
3373
2252
551
3254
125
1193
1739
4311
423
4451
1080
4702
1971
3163
3360
2581
3434
103
3762
253
2901
1232
3215
4173
3587
1508
3519
372
3474
2910
1801
118
2353
3169
3540
852
4023
3860
2356
4971
3332
1735
4028
2735
4459
299
4116
4481
3720
1840
3703
4651
1836
3864
2324
4044
3857
3776
1575
566
796
1095
3988
3389
4239
1455
3727
1306
215
2041
3626
4822
2129
1213
3972
4858
4332
1983
2131
4827
2531
3972
526
2867
1642
4915
1985
4658
17
857
4277
4716
1626
669
3507
1419
4899
1979
3613
4781
3225
2380
4482
2929
1473
378
3748
3515
4036
2233
584
1919
1222
2560
4241
4002
4227
4791
2120
1948
2351
371
1925
2345
1976
429
3715
1822
4395
2529
1219
2065
4607
697
2599
1266
3186
1633
4104
2278
718
4406
2311
3898
2783
3528
4629
2452
619
4503
160
796
3815
1337
2666
1610
1018
705
2279
3562
3225
3875
355
4762
2479
1812
4893
4364
1573
279
12
910
3253
98
1821
4135
2631
4223
3166
2116
4775
3430
2474
1193
660
3080
2753
443
1501
2054
891
4681
3073
456
2714
323
4995
161
2185
123
2985
1144
4036
4657
4560
3890
517
810
3349
1250
4440
2584
2250
3378
492
3740
3859
4099
4639
4976
3940
697
1932
4313
1449
3642
2372
786
4201
2341
4446
2244
848
3799
84
4705
608
2640
1140
1272
4211
4228
4135
2354
2728
2638
882
691
1671
2735
3382
3852
850
236
262
253
691
4557
2644
1345
2348
4498
3737
2738
3583
4536
3272
2466
138
1977
3653
707
3838
4474
2039
3631
4837
2702
942
4577
4365
1447
1715
3340
2997
3908
1836
4594
3299
1374
2120
3172
2768
2061
1501
657
2057
704
299
1794
259
4226
348
4122
2649
4607
3787
2266
1581
925
2663
4250
1153
4240
2474
3460
553
4870
3394
3979
4743
1689
3451
2833
4977
4315
3958
493
3155
3971
3923
4067
853
4341
4974
1806
3842
1320
1817
4809
3876
2193
910
691
502
1757
1167
4376
4512
4308
1676
4676
2993
2897
1856
3234
276
2790
2673
4907
4649
1764
4010
2163
3526
528
4446
2173
1466
3945
2219
166
3071
4237
4065
4815
1721
2763
1318
1100
319
300
1007
105
1613
3595
4093
2940
3875
731
233
1718
2126
4248
1749
3771
1649
3269
4993
3490
2032
1716
4991
2558
2792
3309
1492
50
2342
1942
3059
755
1747
4488
943
3591
265
1218
2132
3499
4692
3671
3147
1578
871
698
848
4290
1298
3634
3050
4865
2798
1432
183
3549
2077
397
3857
2320
1649
2193
2737
1802
95
2750
4862
3032
4830
4227
954
3
3146
3500
3218
852
1152
2231
4184
4187
998
4585
2070
1134
761
1911
2320
1718
4713
3201
3535
3982
1893
1896
2662
693
4182
2200
3219
4987
2667
2009
515
199
4737
4751
1954
991
1573
3650
143
121
999
4552
432
1462
220
4261
438
191
2032
1357
959
1927
1062
2208
4436
1560
4719
2316
559
1609
994
3385
1012
485
1221
2333
752
4063
2313
3408
3602
3937
3259
1961
3380
1028
4684
1375
2205
4786
2863
3365
2959
47
4282
3789
1617
94
4459
1861
728
2824
3776
3238
4615
2615
2971
3233
2759
2200
4544
796
116
3775
2173
4202
2007
484
61
1745
1369
4748
1112
3117
1099
3699
819
2210
551
1812
4095
4926
842
2299
673
45
2672
3777
4877
1846
924
1591
3384
4491
283
4407
3841
1606
1796
3907
2186
4270
230
1264
4033
4073
4694
1637
2965
1035
4467
2214
1232
1965
3976
1350
16
3825
325
4145
3441
754
3258
3223
1611
216
4074
2804
2035
4096
3495
1404
2400
3051
2328
4916
1765
3853
732
900
4582
4805
465
1328
2384
4805
4686
3542
2506
935
3473
3729
514
4175
2806
3300
1797
3688
2636
1171
1623
4214
4621
2923
3531
747
3675
2394
4447
4309
226
3617
3680
1708
165
1630
3885
3953
944
2621
4338
4154
4919
3479
652
523
898
3803
2980
4158
2367
2376
2473
1451
50
1309
2854
979
1906
4319
2374
4717
1467
554
4927
1027
1779
2923
4994
2311
667
3858
3757
4743
4629
269
403
3041
4045
2438
2090
4591
501
2567
1758
4723
944
1836
2758
3478
2347
975
3299
4913
4307
1450
1881
4335
4615
1132
3971
1858
3027
2358
4871
3850
4285
3431
2683
484
3696
36
1155
143
2571
3355
2017
4394
4126
310
2159
3281
3216
2790
4963
4382
4455
2621
2784
2939
2709
4461
3653
526
1931
1679
708
350
1373
4643
4441
482
4777
310
1684
4217
845
650
454
1084
2605
1159
1308
4431
3158
3327
3547
3046
4330
423
1224
2188
4000
4410
4042
2047
639
232
831
1816
2023
291
2927
1454
1428
2738
1577
2697
3816
70
881
3492
2787
441
4370
2317
3041
2431
1389
1662
2049
4677
3470
677
3230
3750
4816
4505
436
277
1437
1379
2568
1388
4571
4100
2988
3619
2870
1421
4782
236
2710
4896
2019
1690
4853
3630
485
938
1871
1211
2911
4842
3366
3611
4969
4231
2266
640
1381
4306
2585
1779
268
3538
4496
3335
4085
2949
3358
342
131
1695
1649
955
4162
1941
1920
1439
1774
4724
572
2295
2665
4267
1612
530
2543
4071
3323
2264
638
4420
4928
845
1927
1337
4714
4669
1596
3668
1758
4058
2253
3445
3927
2009
4971
3967
1984
51
2976
1136
3057
3135
2737
426
435
21
3970
2890
3082
4133
2476
1390
3446
4565
613
4716
4726
1969
3132
237
3634
501
2015
4016
4386
3574
219
3571
2401
3231
1559
708
696
680
1966
405
4000
2856
151
4134
4928
987
1378
3477
2030
238
4450
3648
254
1559
105
3771
1677
4634
4117
2453
1352
4974
1613
2677
1926
4911
2623
1786
2710
4084
4626
735
2191
2520
3722
3573
4586
4582
1701
59
4262
3165
3105
2217
4112
4467
4080
3266
3236
198
2954
336
364
3341
3285
4777
444
3662
3051
1671
4488
3889
4145
4109
1739
1049
1503
2605
4069
3890
3272
1246
1791
3285
4464
2811
4662
4057
1349
679
4362
4284
4059
2620
2386
3176
4728
636
46
736
153
1614
2529
3153
2303
2338
1137
4022
1674
1680
4531
2459
2056
1481
272
1427
2641
2385
3582
3701
4034
333
3812
4961
109
3303
887
4385
2409
4184
3626
4850
2275
1157
1485
1178
1689
778
468
1811
4135
3122
394
421
2832
889
2891
2266
1594
3441
2699
779
774
1112
582
4840
1154
715
3389
1701
669
4083
4690
3776
4983
2142
1192
1350
530
4409
1097
1333
1945
1249
3717
12
4516
2913
3340
3655
2493
1125
2017
999
3386
4053
732
4582
1311
2645
2842
0
2111
2233
3874
2805
23
3422
4726
3467
3487
788
2444
2704
542
647
4841
4669
4385
2933
3153
2254
2919
50
4805
2413
2308
1774
3689
4103
1840
1216
1160
54
4980
4429
3975
1246
2968
2537
3340
2883
1707
2485
2801
1807
1960
4873
168
3242
882
4401
3876
2826
1172
3179
3993
4218
1128
73
2026
2902
1625
4226
4349
3708
3806
139
3845
4846
2830
1322
2012
2788
2363
459
2643
3303
3853
2363
1087
4960
2908
4730
1450
2895
1176
430
4291
1600
416
2298
2474
4319
1878
4069
3980
1908
564
4015
2696
2322
2645
2958
3108
4657
3930
4071
3743
1307
1623
4649
163
4380
2001
4107
4886
2010
1431
2861
3718
3612
3778
4939
414
391
3523
14
250
2571
2735
2469
4211
3629
145
1594
1719
3182
412
3119
904
1864
3467
846
3871
2744
3584
824
389
2182
4685
3597
1798
2906
898
1138
1954
1986
2987
4697
3561
3470
4189
98
4587
2748
4398
4351
4929
3030
2662
3678
2075
4977
4069
799
719
3801
2443
4125
2482
3065
3414
562
3119
2678
1579
2978
3130
1707
1620
442
519
4671
3914
4817
1859
2746
2535
4564
4118
4671
1067
1896
4860
2899
258
1792
1447
3196
3758
4103
43
60
77
2295
661
4533
713
3992
4937
4502
1624
4396
206
876
3369
2439
1864
764
3930
1852
2130
2844
1024
1610
4518
1625
1259
3917
1907
2035
1893
1689
4058
3933
3720
1658
437
4905
2481
990
355
4560
4269
2012
2172
4247
3590
4958
1302
4869
2034
314
2130
2337
848
3959
3366
1480
383
362
3840
3500
261
1231
163
776
401
3709
897
3759
1014
1514
1390
1797
557
3526
1996
1734
502
2748
2560
4890
4610
867
1321
3706
1935
419
3960
2132
1425
2
3864
4033
714
3166
612
104
4030
3085
4599
1436
1517
1960
2692
3688
525
4190
3970
3699
260
997
2403
526
2167
4803
818
763
4602
2834
3143
4935
21
3026
3481
3112
1303
625
1143
1146
4673
2309
1394
474
2033
1322
2778
3454
4057
1559
4067
3932
1172
459
4179
1270
4653
2845
515
2191
228
2273
1896
656
4318
4934
4174
707
1808
732
3104
4145
1455
4475
1582
3295
3375
4270
4659
602
4917
719
145
3259
2411
4348
2668
1718
3777
4615
4560
340
4490
3123
3087
4921
594
1146
1227
216
3857
2411
3180
2842
1452
4281
4367
3501
4697
775
1364
4865
1709
616
3674
1710
117
347
2321
2337
2109
1291
883
4549
2023
4124
2856
1758
891
3633
756
4490
1647
4547
2959
336
876
2908
2906
1282
886
3186
337
326
2589
95
577
3463
1364
2412
2734
4276
518
854
121
3134
4344
585
1790
4053
2086
2344
582
4628
494
1879
1645
2888
1979
2192
4785
4600
2343
3505
2317
3886
4073
4631
4946
1700
398
2828
3457
2330
1159
4355
2511
4780
551
4068
957
1543
368
2707
3779
932
2617
4899
3889
2917
1173
4928
3690
2317
778
2
2749
676
3189
3710
937
3944
1375
4326
492
1543
4614
4768
4304
3713
3179
4492
1915
4394
3747
94
2425
1613
884
3020
1304
1012
166
298
4888
267
1451
3081
4429
1109
1964
2014
3066
2711
2554
2998
2676
1432
3934
2271
1624
514
469
2930
626
1602
4452
4141
4019
3794
1675
3909
3277
3361
1145
2304
807
4808
3581
4944
920
2581
132
4500
505
836
115
2216
156
3025
1482
2117
1139
4539
2323
4132
2654
4970
167
4083
1877
4313
44
4338
3102
1023
2556
3335
2195
2967
588
5
2563
1047
1647
2043
3963
3053
183
1809
2337
4877
3632
1230
4117
624
505
4741
2268
2927
2575
709
243
4821
1416
2199
828
2738
4049
4387
3704
2227
661
4491
1897
3071
3482
2857
83
4285
601
3780
1447
425
1898
3326
410
2277
2514
1633
1872
4372
3274
271
4441
3450
189
33
2790
927
549
3111
4907
2050
3915
3150
3440
2874
937
2592
1261
4448
2678
3694
2993
4440
1805
2232
1359
1575
4186
4612
1702
4790
2523
4605
4804
244
2846
1075
1366
3114
1565
288
3310
1247
2306
3803
3818
3780
1576
2509
4333
786
3089
4953
2252
4879
4262
4673
4383
1360
1494
2051
385
1856
3477
2674
4694
1575
2688
873
1953
4246
2187
1954
4567
3166
1007
1693
2203
1144
3923
516
4143
2119
2638
2395
1163
1130
71
4493
1494
1445
129
225
4822
71
2910
4268
1493
4551
438
4664
3418
3495
4340
4009
3865
3899
4421
2224
1513
1571
1134
1905
3815
3867
2882
4719
980
1171
477
4864
4088
3467
1583
3963
1337
4071
240
4709
3308
3240
4036
1258
2926
602
4844
2889
456
2354
4481
665
845
648
2541
1735
3426
4986
16
2586
1137
2561
4212
1117
3417
1628
125
43
1149
2314
632
1186
2959
702
2679
269
193
3995
3191
3309
3240
4830
3302
1179
4102
1691
708
4620
4154
2440
4461
2310
230
4086
1799
1562
1933
2917
455
2727
4951
3919
4642
4686
1210
4725
3155
3269
2055
3453
192
1667
