13233
737
398
11075
12138
5919
8544
5904
9048
13401
1110
16732
919
17106
1324
13751
2920
3432
671
17066
572
3689
8964
4716
13231
15987
9619
16434
5134
1834
4238
334
11046
16162
8305
8536
5771
15437
17864
8858
14545
16238
5335
15380
12859
8940
17114
7888
1278
14146
14634
16145
14576
5027
3961
12085
17618
9499
8970
2217
1960
14800
8336
4587
3681
15111
8353
1306
2215
14404
12102
10313
15221
12057
10466
12931
17424
6703
2652
12905
10659
2851
12891
1047
14811
1735
17806
10580
2587
4681
165
8632
3357
161
11535
360
13142
15428
3681
4684
13557
102
3183
1154
13352
17916
1130
12428
10682
15679
8326
13396
8029
1469
679
10367
9232
9769
5831
4399
11165
15907
17719
14675
17330
12882
7776
9369
8761
13309
10804
9412
1110
17257
1110
11880
4381
3933
4819
15394
382
7281
15995
8149
4910
12741
1824
11359
12307
12190
17914
4298
1307
6363
6324
6942
16298
13381
17879
13508
16462
12197
16976
14917
16736
15568
10065
6608
16202
11453
11905
12139
12271
16664
7856
225
764
2319
14188
17066
3657
2600
7849
11944
17211
3509
2000
15373
11625
9376
15559
8458
13513
3889
15097
11555
17863
7455
15169
16382
481
2547
6968
6154
1874
17896
7833
8620
41
1614
10621
772
3797
16190
7961
3998
8063
17575
1808
1764
8996
9959
2533
16162
1054
6117
6593
258
15342
3499
12333
16789
119
16258
3949
8546
12154
16629
15561
10985
8762
10647
16697
2177
7035
17617
14045
10719
17948
9267
12902
15576
9278
1020
308
17485
10352
15285
7741
2453
4073
11991
11815
15241
6753
12749
962
13625
17452
14564
1845
7468
2659
9534
2067
5476
6048
6262
13194
4784
15767
4639
10392
7691
5644
1861
474
7858
15765
5108
3826
15282
9405
3575
164
4320
17089
11529
14125
8050
14362
15656
9537
16666
840
1847
3184
14451
16552
2674
7827
8500
3138
7165
7817
8882
9249
213
6377
643
16495
2392
5219
1564
17949
6720
9287
15723
17532
6490
15153
11953
6427
7877
14112
9511
9373
14150
3538
1121
15782
4616
11086
8064
562
12513
1501
3282
17154
3376
16357
16884
14468
8595
16356
16695
13581
14741
10485
15936
14102
323
914
2218
15520
4720
4023
17750
10038
350
14542
5874
11294
1133
8781
9976
9787
2641
15880
333
9874
9067
11555
10090
12758
8074
7097
2887
11154
13066
5618
5203
6531
11642
9108
5377
9296
1899
13465
13068
5350
11397
5001
16922
11924
13396
8116
6143
560
12927
1518
9273
7637
5561
12327
5032
9674
4224
7702
4112
15391
16067
4642
4807
3414
5585
13900
13369
7788
5452
13852
4204
7107
15677
2630
9709
5197
15681
15912
9145
2759
1824
340
8792
624
3774
10053
1107
10212
12059
767
17670
12441
11285
12872
16833
15429
13133
2732
13864
7610
12087
16050
15899
13440
9114
11337
3872
13709
12312
3005
6779
12195
1064
13196
2415
7798
10767
16272
16671
10936
9869
14073
5998
13667
12771
13672
13060
2771
3442
2986
12849
2717
5870
8047
14764
10912
15266
4214
5925
2311
4254
4631
13225
16631
619
16060
4467
5483
6590
3085
13327
12810
15675
8279
13098
8210
2753
1112
10693
6083
2051
13465
9784
9114
8823
5960
12404
14904
10871
2273
8673
863
8965
7913
3494
7001
17868
13143
3750
14180
13969
3231
10967
10638
4168
9997
10271
17561
16307
3802
10983
1834
15062
4301
17969
10372
5957
7169
1110
5853
10350
10783
11880
16377
1684
1816
12278
827
10576
9937
14526
13829
8268
14620
17116
5159
6682
1599
1057
7020
12702
15763
5631
13181
9661
15466
7825
4496
12109
11278
87
17073
9051
14882
126
10363
11596
6904
13358
34
14315
8351
1438
2496
8177
6293
5138
10811
17763
9809
532
8224
6213
15894
1729
17294
14013
4997
8682
8657
7922
16258
7322
10441
9202
11728
6520
12870
6035
4972
2594
6482
17809
4355
793
6332
4566
16849
9580
12028
5368
10327
9117
11736
7981
7752
12831
2274
15161
3344
3249
5403
4920
17826
2692
16953
16855
12988
6536
16912
16396
7321
5477
11071
8726
4563
7797
16938
1230
4882
9903
17920
8253
14294
17438
2936
17672
765
15632
9005
14407
8977
3882
12963
899
2001
2825
5844
9293
8682
8883
11692
6539
15474
15084
17277
925
13537
12485
11312
2862
17405
5470
13593
5558
17376
5708
3045
8316
104
1942
13427
345
17515
10473
5964
17832
4436
3084
1648
8969
16782
2973
575
13620
3020
16602
9664
6619
14627
17612
10385
7977
3365
2798
1388
662
17403
2747
17315
14940
5758
17445
15032
13732
13410
13554
11083
13145
15743
3073
4992
15663
10525
15531
7500
7052
17547
8948
15068
580
11532
10432
10466
5187
15007
306
4413
16995
14266
9280
4244
8845
147
355
16608
12476
4106
9258
3331
3741
11829
13501
14152
11282
15113
17455
10967
17782
13571
1789
7109
15612
8337
11700
950
9360
10927
9215
13857
9518
7425
10525
10319
12273
11642
14481
1614
14820
6151
2307
12216
10453
4939
9972
10235
9256
15432
11823
16821
17463
5687
7546
7134
3478
8980
13996
8450
1604
9913
4168
6617
16414
10628
14008
15525
9310
4632
6917
808
3474
14494
12402
13727
1367
10053
11081
15582
787
11981
7085
6713
13937
1420
2431
13677
10279
17658
17388
17545
2308
11648
9538
1996
11494
9176
4067
6876
9288
15952
13075
15680
15800
6321
2988
5707
14518
12935
7089
17334
12408
14876
5167
10552
5674
10757
14830
9748
6099
11032
8407
3727
7779
5624
11697
12941
13753
15919
3124
6232
1713
9880
13390
5723
6619
10678
819
13057
11558
10244
17119
213
13818
2889
6055
629
11702
5863
17550
15704
2638
1345
4611
6009
2758
9495
5896
16240
364
991
17869
1067
16063
14418
4443
10990
8238
12496
16157
13748
3996
8944
13896
14944
9007
4792
8235
9253
2839
8294
1393
2894
1932
7833
3267
16331
11232
7167
3595
440
4803
2859
5396
1084
5333
7906
221
4939
10151
16643
9756
9592
8858
8833
10879
6475
8377
4926
13965
10891
9011
5685
1899
1112
13888
5748
5163
2855
16661
17989
11343
7307
13122
4039
10139
13628
4920
1181
11673
119
5736
9923
5654
16770
5879
8953
13753
12426
6269
5998
15571
9819
8221
17129
7777
3307
2319
6022
15599
15827
969
12732
14568
5355
6188
14615
7336
5201
6203
9799
1938
11190
10614
7908
7229
7349
4692
3484
8329
3809
15247
14587
5648
1338
5369
6006
14135
5851
16253
16196
1907
5923
6480
3017
17625
7869
3351
1952
17886
7311
2754
2644
17869
1836
15077
779
11415
326
3431
14224
15028
10211
963
17643
39
1899
14492
815
5056
14428
11518
7040
4987
9961
31
6128
1942
6054
13845
12308
4912
16744
10657
2135
12397
317
10872
4123
886
17896
10755
16183
16717
13254
844
6625
10606
3634
1081
8393
16385
15009
15365
10336
15723
14188
6729
9620
1829
14312
2330
4201
2548
14803
988
5157
5207
6204
16645
5560
512
1711
16444
6725
11369
13325
11007
11698
5368
4148
4180
13368
1853
1504
12071
2103
4344
15501
15187
11434
9431
15368
8876
9186
3117
8577
8632
14305
7295
17055
8334
16326
5911
960
11670
5936
6891
10715
11456
2512
16425
933
15265
8239
16601
15084
9577
6985
15380
594
991
8981
5842
3754
2477
12851
13023
1672
5032
15857
8551
17784
15512
4921
8033
671
13942
6762
8424
4389
13635
8689
12900
8119
5141
12275
2856
16776
11340
5034
14276
13999
17059
16091
6634
3249
11858
7600
2558
12380
15041
17222
6646
14813
9383
3477
6305
1710
7263
13095
4996
5728
6972
7351
6383
2912
9379
1400
1007
7849
4055
11999
5004
8503
7283
6686
13314
7987
9919
10221
5357
5408
10405
5719
11038
3264
16030
11487
9819
14195
7670
9629
11106
10622
15646
3896
17725
11876
1776
16417
8369
1460
3052
10714
2032
4702
8945
674
9919
16099
16168
4543
13314
3432
15594
2822
1476
3286
6482
17193
9074
8242
9037
5885
11319
5604
9886
12167
10578
8326
16942
3283
8163
17627
15088
13649
7541
8585
1139
11997
11636
788
2577
8760
1008
10537
16724
13272
5627
835
10983
11161
17292
8942
11914
17310
2134
13846
13264
1273
11362
16282
14323
2194
17832
4643
2711
5143
4989
11
11708
5456
806
8892
12109
3262
8187
3254
1301
13536
8359
9468
5841
7394
15580
8923
16273
17842
13107
15320
5208
16048
6417
101
14642
9425
10053
5104
5301
5264
6637
40
16320
11122
3897
6269
3393
7476
8711
4547
14947
3475
14045
6946
16004
13224
17430
11374
5172
6366
11363
15886
12105
1569
1251
14682
12720
12213
2365
11206
1214
12304
4122
10101
15588
821
15616
5276
17121
11918
4840
5157
11169
2085
4049
12972
9283
16271
5310
13466
5625
166
298
8539
13752
16257
2028
5822
15535
15106
15269
3241
725
17132
14278
14134
17611
16430
6815
4717
10352
13744
7506
13423
9299
1610
16518
2557
13715
1708
4584
595
10147
8861
13323
997
5561
5027
5616
17252
4901
59
9409
4540
1839
13702
8967
1853
11161
9425
11435
14932
10436
7023
12169
1174
9470
7605
15489
16633
17032
6705
1992
9150
16806
8392
8507
16974
7408
17147
17763
2304
6326
9285
2516
13621
3248
964
1551
10529
7347
4241
10280
9717
4591
10861
1489
8797
1877
13034
2997
13011
9862
4020
12050
11615
12535
5610
11901
16620
13297
16973
8889
13671
17892
10452
8738
8886
10396
10568
4676
12115
12619
9955
1833
5732
9350
5680
15567
2377
2028
11727
17911
13057
5873
10168
3898
2552
4009
12921
7174
4529
12607
2797
15542
16844
15685
14859
2080
2069
5510
12680
8104
10537
14151
9050
2274
5221
3773
2619
3365
14957
9800
4086
9306
3525
12924
13201
2532
112
12960
13990
5113
1858
10399
8688
15342
2244
11932
3375
9282
9636
16627
56
4689
7638
11963
17467
14408
10092
10759
13682
9576
4925
15659
7236
7379
3876
13996
1203
14484
9112
10000
5752
10843
12244
14469
1512
11126
9026
17118
10067
16107
6232
17175
17994
10977
15151
5177
16314
12607
11548
17785
1497
15612
3822
9051
5532
11142
4179
1829
17906
7182
16118
16174
769
3616
15945
15109
8235
15632
11338
17741
7228
7312
13142
1830
8323
17374
12631
14455
7803
4682
10843
1255
10389
17573
5619
7468
13507
6358
16596
5339
3507
7110
9629
1133
16950
13371
7558
13154
14524
15633
2145
13695
15870
15892
17376
13651
9016
13403
10707
2424
13793
3886
13467
7349
17656
9272
2480
9344
13533
10503
11228
13041
6713
15536
15314
11521
10682
7648
6894
5793
12095
6014
5147
8824
8077
13788
15195
6548
2668
14523
8406
15585
1617
15358
5762
8247
5352
10599
10826
8925
16509
17134
4719
10012
1991
4912
4952
16559
4850
16084
135
16422
2664
10697
12138
1802
5180
1387
16490
15835
14722
996
11332
805
16158
17423
10834
10720
15896
12583
341
17543
3624
7519
16272
12448
755
7083
8884
15610
386
7019
10852
14501
4524
8359
17892
8555
12272
13670
12659
11661
10913
10761
3218
12696
5213
2852
9376
470
8908
4861
13395
12400
11250
15213
4901
5057
11280
10051
16409
15414
9646
16520
15544
11810
1949
15453
17533
8750
15116
3264
3801
5469
12682
1438
6899
17230
1458
13922
6496
8587
3640
11947
2139
3998
16446
12236
4449
16867
10915
9021
12987
17304
4617
6223
9161
12704
1009
11549
9304
4311
8229
17086
2127
4497
178
3974
9740
1532
4048
14028
502
15875
12032
10743
14814
3540
2657
3857
4775
13049
11598
16350
207
3266
8120
10645
8313
8420
13371
13517
8553
5179
14415
10595
1515
7547
5694
11543
10240
16612
15660
14615
1350
14244
9608
17795
210
9446
11310
7440
12717
9864
11687
2360
88
14570
17262
6958
3294
12786
13103
14255
8869
11677
4174
2228
9023
10800
3152
11844
15907
4285
442
11143
3987
5488
16757
16485
10059
17737
1963
1660
15925
1380
7201
4720
6155
15364
7408
13885
15082
8574
12065
7801
10543
13073
15157
15796
4449
900
7102
6657
330
13368
12238
1774
7123
9964
16682
10559
17435
16576
11754
2266
13172
9793
16432
2443
16251
6594
14050
14711
15394
7260
15109
15565
17371
2860
15848
6232
14787
17370
5867
5394
8440
12667
7611
7811
2777
1004
16555
16071
761
17391
13295
2317
16367
11042
14680
5035
476
3258
9319
2463
7834
14127
9168
3073
12894
9169
6349
1076
17194
7480
6795
1659
3922
9593
2773
1080
664
8052
5692
9183
6982
2394
6224
4026
9976
972
16829
2630
1699
14207
13092
3802
7030
4076
10037
15943
5563
16964
6326
4011
9802
9856
3555
6400
1403
9078
7442
2482
69
12119
1873
9325
16584
790
12590
2964
2868
13027
1219
11614
12356
12341
16749
11195
11578
14535
7511
9429
17351
3849
16424
8258
7383
7719
17397
12181
8551
1798
1892
3844
12437
4683
9518
10212
13315
13622
10512
15168
16374
3307
3599
10889
8177
16417
13397
12391
17913
6611
8460
974
16341
10581
5542
4956
11109
14513
3303
9822
11547
1262
11759
11170
9210
10418
6696
17623
16682
606
360
12129
4900
14344
5779
15977
7040
182
17585
10769
11049
54
16359
4197
8762
17083
7109
5053
13272
13393
5851
7087
10811
13857
2633
2257
4041
16080
13409
8124
2577
14179
9211
9868
1809
3997
7077
13060
15797
7368
8293
13806
6829
2914
16653
9552
889
11999
10393
2186
12099
5228
6327
7628
16457
13300
15332
13109
10486
16763
7663
13574
4780
5895
10781
245
8321
14479
11176
7565
11747
1884
10708
11362
7512
92
224
13234
14502
11733
1045
8359
12828
11046
16382
14217
16715
1561
9796
14849
4885
15941
11733
1657
5072
16161
13377
14111
8167
2274
16816
9975
4814
17045
8115
4672
1471
17160
8566
6991
9270
5154
12686
4135
13461
15699
11157
7051
309
4326
495
2010
4026
13716
15639
8201
9521
2418
8284
10830
9016
11354
17090
11256
939
4007
16902
15628
17047
8009
8481
15131
10108
9785
16424
11407
2196
11031
5198
5636
6858
6799
16903
6851
1880
1785
13642
16793
3362
11504
7809
11863
11657
7290
17392
2435
5949
5702
16048
13355
5554
13669
5543
4553
15453
12366
358
15026
8347
6741
14431
8345
8894
6166
17744
16945
4181
10155
7120
16095
13719
15870
16821
12014
7004
17608
13264
14508
12168
14103
17494
5313
821
4110
8251
2911
8876
11366
3485
10181
2959
5218
6330
16606
14598
1233
9359
10423
2532
8093
15647
8782
17029
16672
2892
11926
4646
16678
1717
17206
12801
12157
3691
2273
12580
16649
17073
15680
13133
10580
11361
17228
12788
6530
13557
15112
8501
9763
4536
4618
1896
5058
9978
10778
16767
1322
10633
10355
10843
4617
6451
14919
1179
10348
6037
5952
6851
6969
10302
12656
8261
4556
2037
9449
6670
1753
3923
665
1743
5008
13951
16958
9862
591
10997
5303
9305
12257
4642
3338
5247
14964
1022
9938
16827
15929
13430
15569
13014
6276
13028
4531
1175
11458
8350
10499
16449
1739
1688
13638
1817
1693
2999
7477
12563
12408
14228
10025
3592
11928
12280
9839
3670
16717
16378
15675
2756
12662
10066
3064
4448
17548
3049
9965
8007
16235
17071
12652
8049
7643
17081
14772
8214
1901
4069
6774
15089
3216
6187
16436
17903
11492
13074
14293
8388
5606
4459
9222
17691
8761
12766
15243
13879
1910
14240
7906
7962
7802
14638
16040
16753
2062
12200
12341
1691
1476
15261
15923
16677
6445
1118
7404
4419
11591
14642
10817
1084
7748
6870
7991
12819
3222
13070
6331
2157
9638
637
10166
5780
7011
2109
15756
9335
8984
9739
13503
10251
3495
11138
8192
4851
9873
6514
469
8167
12023
11837
3478
8628
3579
17150
6274
17472
1295
4630
9247
16808
3167
10212
17614
10664
2283
9520
9340
14630
7068
11493
1524
13099
7560
5689
9778
5055
5345
14314
8372
9200
13495
7478
11881
15598
12990
935
16843
11095
6586
17017
6552
9786
6855
17705
5548
2058
6245
4284
9323
5313
13376
12042
10378
3902
13565
4965
15517
4172
15569
11945
9451
4433
2492
12642
2109
2592
2290
15253
12694
4027
15706
6124
15197
7464
3792
15281
15045
1407
16869
9701
16861
15293
5606
17054
2867
12728
3402
6635
10084
4720
12756
13750
5743
5662
11897
17493
8279
2812
16939
13468
2423
8928
2260
5090
112
2294
7967
11054
9853
1594
2207
11631
2536
10431
14787
5333
11285
17294
14433
17343
4172
6926
12352
12722
2004
3004
594
14722
17451
13367
6941
304
13154
6075
8203
2656
13237
6121
7367
2742
12888
9775
8792
5389
13421
7577
8827
11971
13843
4531
6680
7909
12040
15593
15191
9810
3614
11806
6827
10478
12316
5333
11420
10166
14395
8944
7475
12154
16353
17874
1950
15884
12523
7187
16227
1284
7794
14704
7921
7005
12224
17820
8114
16576
16509
3447
13565
5883
8466
1336
11481
9549
670
16170
12555
352
5686
7201
6192
5572
12983
13144
3606
2836
4472
5401
11796
17895
10939
2296
13067
14822
15378
6188
3908
9045
5566
906
3496
4543
8194
1183
8415
2850
14182
13722
1536
13348
11288
14213
8279
8609
10220
12254
3956
14930
420
7910
9264
12828
2811
7125
3371
4722
17964
6471
8497
903
16528
3639
10075
4100
3523
1543
15537
16002
8184
2457
10333
10469
9955
15245
6954
12102
12212
1864
1532
8811
4948
5693
16634
12964
10343
15290
14342
15877
7857
10962
9709
15195
7238
9714
11017
12013
362
515
8115
17265
6055
9291
2902
17991
13164
2207
15312
7382
16162
15545
7378
15937
15306
10466
13750
7494
1490
16813
159
5795
14903
1792
6780
4853
11157
10063
9879
5086
4121
8343
7770
1970
2743
13059
17041
7119
3255
7535
986
14822
8219
1175
14761
1322
8572
1194
3784
5492
849
9969
9868
7296
257
7510
9363
12632
912
17490
2185
8507
4326
15495
4745
4090
16525
4519
5776
10191
10489
10735
14494
1258
10594
13540
8694
15561
17276
15240
1525
11923
15496
7769
367
17473
1907
16151
8660
489
6092
9807
6514
15785
16739
16152
8356
8989
493
1641
10952
7789
2372
2918
1439
9781
6795
15877
989
4322
9248
16193
15072
9382
8746
523
9917
9865
9617
6855
11206
11756
4076
12106
14967
3194
4598
2942
14352
10382
16634
3791
9869
2315
5086
2309
1089
8988
17628
11919
3474
5369
10522
2664
2445
1186
9195
16905
10794
12139
17695
3163
14058
13348
2661
9511
16013
1124
13009
6507
5152
3426
12345
15547
14707
12831
10697
8594
7641
131
14006
14516
17208
14690
7040
4962
9025
9387
4032
8760
2809
14765
13649
6614
1350
11479
5819
14953
6581
6858
4586
9958
12072
12940
3533
16818
10189
12828
6362
14129
9273
3613
655
8073
9637
7218
1540
9314
366
1780
7869
2748
11520
243
15499
7085
5069
9398
17729
7654
17254
14624
8819
11920
12412
5890
4155
11080
5313
6327
10614
11141
6472
2671
16043
15426
3019
15243
17596
11372
1850
1490
17493
14329
113
15087
12145
8963
1907
17352
13595
17104
1763
3546
13986
12127
16657
14758
6582
9313
9089
8786
7151
7106
6967
8877
12014
14547
15278
2483
10010
11045
409
9065
8716
16819
4689
262
15927
3820
3516
17855
15438
12108
2159
7917
12922
535
14890
12828
17571
16881
7058
17042
7499
6460
6300
11770
11770
16863
8372
189
17780
2128
1677
12925
17159
2078
16995
2125
7649
221
13533
12831
8670
16846
15247
315
17902
14043
27
10953
4245
588
1575
17484
5869
4729
2170
17483
5686
4924
1407
1853
16941
3857
3820
785
12298
4158
11133
2055
11795
1081
1193
13374
5998
1306
1271
5290
12340
6159
1673
9985
4737
9030
4165
5475
1464
2986
8181
11732
5812
11580
6005
6664
8569
14205
11354
4377
5800
9158
15249
8008
8097
11701
2181
12878
11411
17780
3626
11053
13471
1319
13623
6344
603
6290
593
5963
15714
14613
12433
10744
9736
17205
12056
496
4667
13560
16473
6443
17718
15468
14852
10404
13519
4868
2067
7635
11840
5856
1070
2680
12563
744
17753
9953
3670
4006
17293
8984
9646
3453
15971
3724
11975
15961
15948
14715
3561
3444
271
10185
13319
10914
11226
7231
13313
9819
15817
5042
12906
11826
10709
12511
5988
358
5315
16849
15830
6292
2749
13294
9007
10135
13966
5492
13653
2814
7079
3915
12470
15160
3087
15479
10128
7118
10999
2541
1068
14268
14459
8303
12340
17294
6084
2982
11829
11188
394
7915
7376
8449
15655
16658
7771
7574
8055
10195
12997
2534
11659
1606
7702
17925
877
9307
6308
2402
5630
12755
4418
10414
2299
16302
16435
7496
8734
3842
524
11830
12993
4996
1240
12898
7773
17911
1029
15566
5872
4366
491
1446
10093
1647
9805
2353
6366
583
17848
1923
4884
820
6936
14946
9071
5250
3690
9875
13913
7685
10092
6097
10172
7024
8465
6761
4644
6976
17569
1748
1983
9161
8956
13282
5889
15978
5263
12143
2677
14159
2735
4453
8333
1363
3906
10687
16618
15504
16206
17668
9319
10805
3881
16968
7408
4691
1823
1147
10176
2659
15010
15180
10600
7255
8396
3310
11563
6348
4336
2740
15990
41
9342
860
12845
12758
6165
11526
1696
12636
10850
3392
2685
13541
7127
9951
13871
3264
7496
1388
6245
13795
158
392
11917
11149
846
1629
9230
5031
17444
11395
15381
10950
9560
9132
9991
3937
10531
14045
2246
841
9707
16393
495
2889
7210
5819
17472
5355
11469
1904
16070
3717
11912
8206
2132
238
7623
14389
6096
1553
399
15489
16279
8173
10162
5673
17313
14246
6194
2551
3311
5900
3949
9252
12497
11077
374
15807
8052
11354
6244
3082
6360
14187
17044
14994
7904
6720
13050
11929
35
7805
6181
10129
1567
7744
5600
2215
11629
12282
4852
3865
11615
16120
17211
11893
4182
16638
8607
2064
14929
9471
5793
10448
415
17355
17942
12711
10725
5669
10236
16620
15707
6703
11210
14375
3953
10564
453
10521
17968
1298
9407
7046
14363
1427
17705
1712
17987
6150
1577
15281
4713
6735
12343
14533
2463
7655
2274
16561
15736
4769
6496
2916
1022
7243
8514
6616
8114
4973
6725
3413
4189
4289
5349
10163
4933
7950
412
14489
17996
17187
8968
1799
16883
17837
10715
3868
13307
3845
16748
8837
9276
5993
6955
13571
15406
16965
9393
17271
13029
17966
5957
11357
9578
251
17756
4003
11395
16304
13304
14836
11365
16872
8689
725
16688
14462
8721
7386
17097
10392
6552
4742
10053
7041
14960
16078
17968
14946
17627
8777
1982
5916
11145
1495
8185
580
12038
10826
8729
299
0
1077
1249
12585
6534
5231
6998
16694
4523
13236
11755
7589
10762
13097
17527
14493
9620
2793
8872
15844
2181
17713
7105
17354
16164
15045
2975
9936
14889
11357
5401
16164
16345
17903
454
6746
6092
12682
9944
5144
5360
13356
6294
14318
14390
2561
4135
15200
10042
4936
9898
6353
9745
564
7475
14206
17483
17276
832
17140
4871
17871
8361
5150
6118
9576
9990
15392
7031
473
442
10105
4978
3879
13085
17544
16624
10498
12264
8095
12919
4031
7513
10828
15300
6212
9623
9
2785
1616
9775
11346
10486
10116
6732
8879
14187
17138
7542
12365
13276
16592
17633
9773
15621
6473
5958
7272
16173
17009
12367
10109
7295
2882
891
13433
3586
16072
8193
5666
10827
8565
3874
14496
5417
7793
2279
10184
7518
1234
12009
12471
1805
3172
1616
1255
12142
17974
17251
6353
13759
10305
6638
9231
7733
14101
11378
14764
13056
9297
11494
8395
3612
17567
2475
7745
13379
14346
15165
13056
10784
9997
197
17776
2991
12185
15627
10892
10065
10610
4809
15175
15355
2551
3963
8137
9021
12284
15859
10634
15792
9045
6472
16345
393
5682
2783
11817
10138
6242
946
4313
17144
4309
12876
1230
4967
17538
9271
7360
17665
2401
11468
13662
2805
8342
10649
17070
1628
3866
5681
4741
3448
9704
9774
15471
17637
17937
7697
2044
13953
3229
9690
10376
14552
2719
7107
8597
7639
8131
8502
790
2354
1318
5535
12634
1538
9650
15261
17667
15638
10853
4418
7043
1258
17517
15865
13235
10341
14818
5463
623
10252
3007
12794
7184
12756
16079
9118
10775
3461
1328
9710
9731
8489
16455
3176
2592
2372
6224
13593
2012
14734
17647
13192
16231
4315
14536
3711
12342
16380
375
11763
8852
10735
14877
12164
15206
561
7497
10256
3609
14659
8078
15731
12955
4666
118
6265
15394
6896
14339
11859
9117
8185
3277
11192
12277
17680
8430
17347
5071
4671
6902
10682
10705
2830
6523
10863
16894
10690
9408
2559
1024
5335
14817
7847
11569
17960
5176
15671
9238
8459
16544
14959
15337
9706
2372
13989
8257
11339
338
6409
6688
17426
4449
6816
617
6028
4812
2460
3115
9052
4442
1997
6703
14147
10187
15248
16682
8248
7570
1893
13711
7783
1626
2495
9620
9974
15414
16565
6351
9714
456
6325
10990
15160
15261
5896
5312
16479
3860
9281
8258
8067
4697
16495
15690
1981
16899
17761
12905
14653
13942
12537
9201
7626
15925
2105
15876
14128
2808
8970
15252
12360
4021
3292
16700
7333
590
3864
15498
13978
8056
1697
9607
10746
17635
15400
7237
16551
3226
14879
15764
17708
12329
2085
4976
9222
12646
3360
8987
14573
11982
3753
8802
4752
6557
8673
13039
17022
12776
802
7947
13921
17867
6080
2813
965
8154
15262
16276
10583
1878
10636
11757
14360
3615
7102
3025
481
3680
6041
16189
3360
14539
4726
12751
15200
3874
17241
2283
9351
1119
6379
3448
10136
15089
11218
11513
10121
4564
5043
12971
13984
14283
12318
1864
3510
2044
13016
17622
3149
9432
6390
5152
16222
13045
10789
13086
16203
15450
9670
3715
6547
2663
2390
9731
9251
13695
4092
5151
16106
11219
6716
10175
885
12108
3257
11354
4393
10612
4343
13493
5840
9393
221
10358
13946
11375
7689
4131
7460
2553
14638
8812
4742
16420
5865
9794
1479
12712
1
2962
15019
11052
7053
17090
9036
3741
383
6087
13030
4698
8254
16161
8972
6239
17169
11251
16697
5884
4359
6467
16385
8818
2340
5706
5414
9449
11974
10968
16582
2001
16758
6743
4609
3475
12089
16490
8056
16946
14950
9123
13745
17636
7106
14894
10631
7047
15095
12685
12158
14850
12723
17072
3925
10265
11277
7808
7380
4492
4690
3849
14613
16173
10397
17074
13391
876
17254
2010
15805
7761
17521
10529
8173
13220
7383
17728
7988
2604
9986
1014
7550
16483
10673
12944
15044
7891
9036
3491
150
15695
769
6329
6888
11648
9084
8566
5498
12843
12294
15718
7038
9579
13668
15030
862
9456
15713
9195
4230
1491
15190
15666
11117
404
3093
5525
4769
16051
8581
12631
16304
6600
15367
3725
10675
2559
3127
13976
613
9107
1390
15987
14049
11542
15940
10965
1305
14650
4003
12484
8819
11439
14967
10599
14558
746
7826
10965
8418
126
15948
12319
9446
3273
1687
4711
123
1790
16224
10636
1877
14202
13601
9283
13241
15685
16404
16739
10098
7223
8242
3485
894
6629
426
16519
5509
16119
13693
1299
12794
9623
10037
2272
16730
17943
11910
6061
3250
16511
16493
7861
6525
2962
15205
8044
14282
5517
6888
932
1404
12683
1475
16092
17307
14856
610
11462
5320
17104
26
13939
15933
4322
4757
2926
9315
1782
8152
12834
3533
9800
9777
5512
7666
3985
17772
12097
2952
13953
12501
16492
14491
15723
9495
13620
6862
3228
8675
5321
6648
16361
14029
10202
4863
15636
16192
11116
4083
5242
9057
2314
10848
4621
4496
4233
8919
10265
2379
17350
17751
3141
12958
16942
17109
7608
14501
12889
17770
198
1682
13780
6235
8149
15305
8602
3332
15824
15784
1743
6238
13895
17716
5865
2656
369
2079
9659
14305
14159
3558
17327
5019
7758
14839
2079
747
3161
15679
4079
8373
9769
9009
14315
3141
15994
2675
8505
14256
11243
1363
14075
10937
15121
17335
11715
5951
12728
9281
13139
12996
17880
5137
3376
4760
2320
15892
12978
15043
6673
2699
2539
9074
10633
4390
16081
41
17179
9807
2170
16247
5464
2292
8739
6263
15596
2348
10013
755
2311
8330
15124
10259
5238
63
11725
13330
12909
6970
6492
12657
6708
1435
14959
15541
5835
9621
5979
12348
2907
16785
11153
7341
3243
2351
13708
3469
1627
3160
12329
12014
14497
16719
2835
1378
3294
11413
6155
13773
6907
16364
15297
7048
10901
14595
15729
4418
1715
11296
7548
16849
16944
3677
8882
9622
825
10633
13449
13503
9108
6574
11213
10342
14298
8466
15076
246
16308
17959
6573
7021
3854
1182
9540
4733
13290
11289
15540
15949
15139
1357
11802
15117
14396
15318
9457
6695
6517
5684
4240
11632
12441
12788
16892
4333
183
15033
16251
2451
11467
8233
16150
9559
2425
11956
2746
2676
12229
14783
17356
12874
12145
12767
7126
8915
17668
16577
5571
8290
9476
3319
9698
7173
8848
2892
6490
3145
332
9352
8955
7276
13049
4783
16476
12781
7840
8403
1207
13215
11
12618
7453
15885
4033
4763
775
12008
6812
16130
4890
14892
17945
1907
17910
721
13755
16475
3340
6524
3740
17153
17177
10197
9057
15756
10099
16820
6680
15118
5982
5893
11553
4094
4284
7946
1814
3716
16591
6800
10680
14589
8732
15273
4408
8990
3694
12616
6991
14789
17988
8044
6699
1882
4184
6644
2294
10677
7197
16528
10356
15258
3444
16584
8185
16223
11131
13526
7412
6734
8099
14670
9772
13621
3436
7918
7014
14187
14351
7376
2880
9661
14472
10972
9997
2326
17853
14954
2029
13070
6704
518
15305
7321
2077
9404
8984
7168
5408
8099
4032
1117
14646
11606
11308
17775
12622
5597
7686
14
8093
3706
5490
2328
15690
2271
2327
17354
15500
13197
1275
15050
974
9304
6409
15921
9116
2278
9570
8166
94
12102
15053
15494
3150
4125
2684
3055
14966
2427
16269
4891
6875
6381
9433
8011
6416
1723
2413
13129
9337
3185
15362
9823
5597
16971
15851
10485
5798
17290
16074
14213
7353
6675
7504
8331
3708
9783
12576
14793
153
301
16062
5927
5102
17802
5465
8999
10333
3523
12161
391
13191
8458
247
10255
11120
6420
10257
8762
13855
8795
14822
14769
7573
1039
636
7315
17655
1031
9131
10977
13177
11573
13741
11669
6377
2728
11525
1955
17653
6763
1018
2312
16555
11002
14238
8543
14971
10005
559
4611
8154
7037
5305
9342
17542
5308
5333
2447
9825
12017
4275
3226
108
14184
7855
3210
7777
16328
4803
9714
1005
14630
6745
8785
4488
4056
5323
2419
2818
13412
7689
11780
16940
6581
12262
16975
976
7759
256
12725
13135
10730
2522
6761
4325
11147
4520
4792
7338
2705
3125
14727
7
14490
12228
15044
11203
4822
1810
7982
12250
11283
4276
785
17385
12007
10723
9209
15832
4717
7760
1832
17748
3974
5541
3186
3272
9648
5690
17605
4599
17205
16673
17943
17769
7146
5423
7544
2448
88
567
3542
9301
17128
8644
10014
9220
11606
5906
4224
1745
6296
11738
9756
5365
11448
12649
4505
6745
10285
5467
5765
5309
2728
11369
12966
7254
1114
10140
4526
16034
12707
1277
14669
2953
6869
13996
12288
10738
14103
16552
1880
15999
5829
15457
2134
15862
3717
6104
11362
2172
11204
17199
12314
3296
8895
946
16839
10498
5246
1394
17372
15758
16266
14650
15912
14825
6208
16
11754
5223
13373
298
2644
11174
5625
16505
1160
2234
464
1159
10048
4710
10731
10153
250
7796
1198
8800
223
12881
14954
4402
2053
15112
3442
4880
17130
11545
12091
7300
12721
13046
17245
1178
825
954
3222
7383
4121
11190
9806
11034
3496
6217
549
14637
2488
11948
5016
9239
11843
1079
14786
4034
3485
10739
4207
5125
377
8909
14588
5149
3880
7252
6426
4125
7691
5855
17042
10718
13002
622
16722
5700
3742
6827
17717
6448
7448
13100
1617
1099
14917
8169
5306
15686
10456
12036
7812
7339
2215
7418
5334
7487
9283
2452
8329
9462
17134
8058
15359
9907
5265
14501
7361
16411
14965
5727
12545
12709
6415
2874
7614
13104
4681
6665
10326
15297
16155
143
4054
9255
14825
14898
4860
10717
7542
11563
13133
1819
13926
1678
17027
17081
15697
6304
4350
13810
1299
425
16700
8688
9440
4792
17571
8666
4133
1533
4682
5383
2105
6375
4552
5133
13491
10619
6612
12427
7781
10685
12171
3503
15574
9806
9745
17429
17534
11379
334
604
15674
13006
6474
6358
4911
9675
7251
3005
9451
10296
9770
14333
16519
14161
13886
9761
9336
17672
6545
15085
2277
11102
311
4294
6419
12736
11500
13801
15260
9137
12629
10175
6383
12608
15470
13339
11553
15782
16019
13004
14816
8078
15387
1958
14055
14305
8286
11415
6094
10957
1303
457
8089
10257
2180
4291
625
4968
15210
16492
7616
3967
14934
15869
16566
15269
2782
6769
10552
12238
10342
7629
14440
12787
12159
13830
3887
4458
9225
7827
8599
4382
7385
16080
2326
12795
998
6235
2708
1512
15102
4111
7693
16193
4981
8811
16930
14335
1309
8383
12474
503
17041
4482
14102
17708
13339
6818
8931
15921
5766
6057
6248
14959
189
12232
3566
447
290
6531
3776
389
8427
6472
11592
10106
7479
14990
14937
1412
4623
4038
2187
4660
5879
11280
16736
15531
7187
8109
3029
1002
4614
15372
12421
17637
1094
15412
14103
15410
15740
15149
16136
11956
2679
13515
10403
4175
2288
3448
14269
11655
2680
1516
9037
7514
8013
3355
7976
15910
2476
10028
6603
6056
13632
6146
3697
5746
5016
17385
1397
10440
11463
11774
7025
3128
14021
4107
516
2899
707
16462
5123
17116
8076
6885
10582
9964
15542
11832
1523
4096
14120
17282
5656
16624
6950
7885
10321
16764
3063
1674
5050
14677
16296
3882
10463
17493
7689
14780
12895
16620
8884
5523
12318
88
9855
3603
4969
10912
8935
14889
12485
11693
10636
1524
3840
1413
14124
9155
1641
14870
14007
1147
10892
17484
7682
4117
1653
5967
4311
8579
8326
7788
1689
15309
9044
3677
17397
1613
6875
312
12244
3234
6865
9905
7133
12581
12232
11677
9831
6166
10685
3524
16044
15649
334
7074
2041
12195
15145
5930
9619
14659
239
15191
12403
12047
9127
10849
17026
10804
14094
4056
1967
15961
3517
10192
3661
9593
11219
8266
8074
9963
4993
3306
5946
12592
1892
15146
627
808
8605
15019
5248
14001
4301
4530
8425
7981
8012
10343
3882
2942
17336
2246
13119
13889
1883
17071
4513
229
16341
1360
3530
5334
16712
2493
2981
17370
8819
11369
4209
14055
8470
7988
5396
15407
10180
705
13004
8122
12247
10707
5921
10799
15613
16803
3638
6014
783
10433
16286
8860
14595
3652
8331
15499
6247
5823
225
15669
2654
15651
10314
5174
9672
13531
1986
17380
1385
456
9827
2156
3451
1913
15883
6089
17647
14262
9192
13443
16655
10841
15718
15058
7855
15610
9056
8398
7394
12598
14162
12309
5945
17883
5167
9143
1606
6979
6398
4626
17375
3658
9983
7333
16206
1677
3276
13091
10772
17057
12907
15366
14941
14461
6415
2700
5135
17958
10685
1939
8157
12501
10749
5741
16425
10662
14423
8000
11813
4848
7228
9389
2234
11324
4487
10410
13826
7012
11144
15886
5839
17289
4896
9929
13519
10960
15692
11150
6535
15307
3944
4493
17756
11328
11284
8961
9520
1016
372
14563
6970
16566
3441
8361
11134
10961
7181
11391
7244
5056
12035
1760
8325
13234
5549
15857
9287
1287
10896
2698
13321
14990
10066
7170
15426
4571
14396
15734
16101
14388
3226
277
13814
2153
143
2987
4304
638
7541
11848
4591
15159
17106
7869
5096
783
1206
16386
12201
16884
8913
17974
7483
17874
257
7220
16596
16906
425
5807
2777
2463
2878
170
12688
15326
7739
2071
15731
5703
11764
3401
2721
17644
7943
7591
16078
2933
1342
11232
13643
11725
13025
6774
800
3676
3753
11225
16614
9058
15568
2385
5329
1597
6739
5814
16075
11607
10073
8831
5724
7152
14909
17238
16948
14403
9303
14037
10171
9735
6042
4527
10351
6724
8486
17805
5757
2368
11149
9059
9500
10454
4883
16127
15986
14033
15822
1517
5498
3866
7949
4490
11965
8764
10517
8627
6621
13248
15271
7352
13121
14522
4973
6547
17754
31
5683
6687
15621
8674
10226
14455
4953
3849
6711
10685
992
10544
3011
15107
17442
7802
7275
14665
316
10592
10688
1523
7264
6440
17145
16710
14006
834
4172
15888
14976
8993
8604
1793
13292
661
8683
13882
9218
801
13377
13136
2397
13742
405
12300
12439
6619
15896
8178
1404
8991
14689
3580
13488
12733
1234
5987
2253
16099
13402
17546
9477
12463
3364
17526
4150
6829
8317
4254
8427
2514
7987
1355
16479
14814
9320
17419
6476
9538
918
8905
10482
9934
9213
17137
17651
11957
15543
15762
8682
4352
10492
12260
14316
8907
13921
14147
15208
6240
5276
15192
16392
12830
6354
866
1913
7989
10898
7830
8870
16193
15674
14624
3664
11697
14567
8021
6811
14051
5194
9479
17682
9486
3893
14132
14811
14027
11606
12683
2836
13728
16938
1995
14764
6490
1843
12650
3407
14071
5828
8239
13866
17694
5529
1854
1212
12475
7923
11629
16973
1579
6865
2407
11512
11536
4458
10668
8756
16417
5143
4386
2097
274
4638
11165
8461
11995
11672
8535
614
16295
17044
5308
7289
17931
5669
15092
1530
15953
16390
11517
2669
7761
10302
17573
3280
15963
2255
6513
14859
10387
13080
3629
12064
5865
13594
11233
7341
5732
16631
11660
12257
13370
9302
8127
17402
6830
14580
1112
7740
7815
10900
1866
9486
4441
14743
12149
17807
14211
17783
13736
17110
1636
15517
9695
9447
11290
11746
5658
17265
3305
12835
1005
4964
9188
16301
8413
2928
5738
12776
10366
11816
10672
15456
4566
8405
10296
5471
13052
7160
17259
16342
15667
14983
14920
14842
9309
5273
3481
16747
574
3996
16126
14063
11102
16019
7496
15294
16698
15038
8644
14054
11080
5617
10401
1311
17125
2375
13200
7737
15454
16911
14456
10097
5431
1124
16339
8003
1354
8570
13657
1257
1535
3076
8263
14737
1812
13043
14171
13468
8810
1689
7166
8947
10125
9852
17022
15557
14733
5397
4839
7899
10045
17048
11694
9532
2248
398
16554
10604
10443
12990
3855
14399
5938
8763
1256
16764
1635
17367
1040
4636
12945
6629
13038
15858
16318
6059
17099
6772
2769
13270
11600
9079
1919
2680
8624
10122
13257
7820
11328
4185
12562
4794
495
6353
17036
11078
2374
83
12622
13043
12845
15938
8563
1221
10822
3238
14049
13572
11978
7907
10197
3548
1583
10163
17368
11394
14995
17936
15472
15393
1352
5214
13686
14945
8556
5685
12319
9913
10947
11084
4585
7308
16563
6848
11396
5055
7644
6261
8042
1738
13202
4564
4220
205
2841
3922
7019
13338
2843
3505
768
1344
3992
10671
2344
6216
2331
14636
8688
1464
11205
13658
15017
13268
1881
3261
9463
8789
1523
17121
13836
2178
917
2763
14764
6587
13024
3272
16412
11268
7915
12161
16668
10398
2419
17696
13870
8753
1728
7276
7859
3158
4015
4241
15377
15698
1905
4459
3666
15308
12831
8432
2955
13951
7832
5517
5511
9418
13322
15737
11504
5893
11320
14166
5450
14319
4206
9829
15660
658
13374
2441
1499
14904
8181
5972
14373
10455
12432
6574
16919
8055
6821
3413
14012
757
2047
1470
5586
10976
393
2632
8666
9184
10630
1297
14924
6438
8715
9907
16341
10559
10698
9750
10142
17762
1116
17657
1738
14313
5113
2235
11979
8028
7399
1764
15218
3992
9773
13761
2625
1023
9299
14091
3615
3465
15208
15961
4247
9865
7712
5308
3373
17066
2216
17608
4991
12712
8006
4899
2995
3355
2226
5638
5459
14541
8795
9520
593
9005
16823
10602
14953
15148
11483
9173
4722
5637
6531
13791
15056
8378
3839
4453
8201
6713
2203
9923
5393
4733
137
10166
16005
15537
10284
2978
3713
6063
17060
7167
9102
2391
3041
13726
332
16395
12341
5338
16663
10471
3787
8202
14921
17598
894
8003
17836
5583
10168
8921
970
4726
984
2198
2403
13471
1502
2436
1498
11174
8054
2676
7964
3786
1150
8193
6286
944
5846
894
10915
14691
1283
12428
5543
6841
17264
5416
12938
10016
13410
7985
11292
11704
7814
16935
1153
11962
10314
11631
15330
4534
8901
7987
15488
15515
6899
15126
12997
14958
3808
5509
5417
16477
12208
4089
6558
16302
2345
2697
16440
5361
10031
6813
1980
7524
1434
13437
13236
2821
4581
1335
12317
10626
5941
17824
15005
4972
4676
12402
15652
12202
5849
1459
14622
11050
10662
16566
15025
10578
6942
4555
14554
2389
12672
16017
3998
9185
9653
140
17984
13141
16914
10546
6046
3919
5802
4063
7752
10275
9604
8728
5839
5048
596
3420
2805
2973
5448
6167
4646
17513
10993
208
15378
8224
1772
4162
16311
14017
13260
15880
16775
8492
13622
11217
11947
15745
2361
6676
14612
180
16520
16509
16633
5436
17701
4516
6370
12411
10027
17647
7600
13975
8472
14798
4246
8583
7781
13300
11144
15146
1012
5365
863
5824
1541
17067
1351
7948
4725
16819
14565
13969
3539
5508
12727
8282
12032
12447
9530
16582
6579
5874
7410
9072
2662
3495
17610
12652
7360
17882
9560
4078
15360
7879
2668
14340
3778
9217
3029
13604
16625
13664
15184
16432
14042
4114
2014
949
1977
15282
10144
10116
10579
5605
194
17239
9775
3921
6721
7621
6785
14648
2330
3329
11555
13858
16145
1837
7586
6378
6490
13804
4835
6207
17480
1044
15841
12010
9152
16242
12389
5567
953
3768
4544
828
8818
1122
3671
2094
5151
214
4971
7299
1474
7833
5011
9755
6978
5614
6665
6920
15931
9513
5343
9636
9026
3074
17692
9601
4834
17685
4822
14571
13896
3334
17821
4554
8151
10323
10786
13268
14105
1745
13475
1903
6995
8248
4516
996
7844
3083
6074
4559
5466
4191
13143
211
9201
11469
62
12858
17848
7266
14770
5786
6769
9523
17311
6548
3333
6190
7460
12885
17922
8076
14348
12511
16387
10947
6056
13602
8090
13768
4042
13572
5964
14193
3441
11168
16713
11961
15356
15274
4838
13116
3004
17856
3561
17074
16234
15021
9616
12697
1362
7255
5375
378
12027
9736
4388
142
7556
11417
16361
8650
8381
15146
12693
4773
15983
13375
1823
15786
8153
1701
1344
11657
6040
11122
11475
16839
10770
7561
2044
2070
2127
16813
13155
9616
5076
5533
6940
13149
12221
6942
16116
84
7575
8566
16089
1021
6583
13252
6262
6789
16682
3886
16762
4971
10234
17586
1044
8759
4506
8862
5997
14394
1391
3211
450
9137
9610
4723
11261
7443
9382
8371
4095
15290
810
1532
12172
15358
15884
1076
17858
11788
7475
11897
15767
10406
13831
13557
3871
16741
15351
17309
10407
5609
7222
11828
4065
5457
7875
589
5180
13445
17011
14110
13791
544
10221
17423
1602
12316
8962
4321
10024
3574
6551
5595
3661
11648
12753
16304
3464
14901
844
12861
4878
4663
8520
11406
7091
9028
16256
10864
8365
2855
2200
1265
10103
13403
15490
16292
13918
12810
2525
13632
12188
212
2492
9288
4398
9419
7054
6085
2996
17707
15806
5424
437
2231
9705
972
10845
5199
17048
12735
1268
17309
969
17729
15707
3630
5118
11742
11366
14414
6946
6406
2033
9692
17923
14435
16560
15661
10529
11850
2615
16908
16273
15226
9010
2479
16558
3426
16226
17988
3293
1887
9621
13643
13323
9891
13312
4989
9365
2001
1068
3466
14483
16645
17147
14177
14307
12353
14469
6520
15326
15953
12867
15643
8009
17456
7575
6497
1273
6660
11398
9930
3843
5620
4052
17124
13984
12281
6570
4669
17962
10066
1381
4483
1398
15506
14366
15591
2190
4037
7714
14688
4201
11952
8382
9932
121
2069
3993
1025
2912
6262
8670
2850
2336
4001
7140
8237
15806
17801
876
4401
1266
6853
10134
12813
13310
15986
2527
11763
12296
8804
2891
11147
13062
7417
16124
4884
2549
11630
2813
3797
5894
3179
7213
1890
12134
7338
2891
17898
7432
13990
15770
4861
16305
13309
673
15419
11391
2055
8674
8
3143
4513
11028
2491
2922
8306
13680
17445
7603
17967
7093
4031
463
7673
2872
13405
3898
15204
15515
1759
12466
2707
9800
15525
6490
8239
16171
786
16749
11015
11674
6570
9597
5329
1713
16133
15079
6574
8702
16469
9013
16155
12326
16740
6496
14099
9570
15399
16655
7907
17114
12943
13360
14326
11707
11102
7058
9790
12200
838
11405
8516
17419
4797
15151
1175
10902
12029
10771
8640
13099
11320
2912
6022
8852
13128
10347
12701
8159
16548
3962
7978
12074
6687
1047
3681
9479
3419
16636
9247
8268
1275
5105
9988
10362
3174
16432
1896
5895
983
401
16286
5658
5792
15751
5686
14483
10319
10086
16700
10644
1049
11807
17405
14960
6947
16345
13722
191
11184
7726
1190
9867
6741
6975
13785
8522
15736
7301
10887
2472
2662
3365
3915
14960
10579
847
5548
13974
9660
5540
7794
8420
169
2657
5825
3936
12911
16412
7028
15847
2258
13066
4662
7592
887
15818
14505
5423
1159
14370
1785
3772
4767
3092
13434
8607
17397
4332
12574
4947
7525
5673
14500
5188
16809
5957
10570
5918
10183
14611
14787
9284
15444
9972
707
905
10438
15846
10151
13374
5063
4458
7793
1817
10742
5856
1969
4382
952
673
15952
6765
1868
4057
902
10119
17467
2655
4971
17502
4574
17890
8714
3033
14442
17153
13394
15296
1686
9063
15334
1098
7341
10770
2308
10417
10287
7999
3075
12079
4338
1843
2805
12807
11990
2392
12108
14050
13333
17586
8761
6788
9161
5709
4655
1882
728
85
10838
5411
1691
3313
12220
472
5516
1821
3366
7193
5581
7603
5844
13030
15094
166
9650
17942
870
9530
4138
40
2315
10483
16487
14628
6300
9288
1365
44
5779
8980
13252
13092
6376
16857
15500
9131
7497
8273
10666
2277
3734
2946
3512
6423
11512
10109
10010
5263
9778
660
6741
493
13951
2357
730
9601
1611
10056
1680
17794
2334
6721
11472
9144
12755
12145
9466
13496
15750
16864
6548
15065
4572
463
17251
1191
10317
15757
16722
11204
1676
11880
287
2294
12103
2638
12869
7585
10569
4063
12868
14593
2061
14112
8845
2739
9566
13423
11817
17297
10889
16366
250
9305
3380
17950
9929
9050
9304
10874
7693
17578
4793
8588
15485
17078
13798
16032
765
5398
10012
10547
1253
16972
15093
5431
1728
17706
7342
17990
9567
14765
12438
17120
573
14697
2737
17876
10126
6402
9693
11351
6000
8805
13692
16307
9636
11185
7632
10015
4582
7525
4358
13511
15543
3255
11720
9064
10284
9278
14182
17178
511
2141
4527
16106
9619
7773
11769
1107
10694
7510
8624
3545
10959
14889
4155
3090
5942
16620
16330
17120
11283
7731
13340
16863
3966
6231
77
6104
17173
2454
2252
8992
8429
5848
2330
11840
2096
6825
2622
5329
4517
14407
9958
8995
957
9354
5208
14843
10424
5338
16023
14663
5160
10802
17745
6111
11870
11824
10693
2250
15857
3509
14802
14570
1629
7103
17274
6101
14631
1280
13173
4465
9759
13499
8386
8795
4318
3627
17080
9283
9775
15488
2875
4920
8442
4967
15131
11964
15963
2660
3270
7795
657
12399
3453
6910
163
9192
7363
9950
17373
10424
14258
16679
4664
16198
13032
10819
12151
5922
6431
15871
3037
12385
8539
15686
5581
8310
12380
3192
10889
7289
5379
5623
1852
6343
9296
3294
2723
7542
1578
10111
8885
10451
17368
1143
1140
12826
4125
16831
1596
15617
10081
722
14712
5682
6729
2694
1620
17155
11753
9513
332
13699
12448
14697
4291
3107
6481
2208
11169
14558
9250
11643
276
391
15693
11029
13063
17150
6452
8580
6464
10254
5793
8800
15682
16678
8971
8059
243
14690
7909
9154
11752
17669
8497
14511
3165
4405
690
16199
3905
8451
5055
2855
15085
6246
14211
5030
3493
7235
12241
10582
7095
13563
1668
2621
7681
12769
16533
15179
1551
3318
17590
12551
7170
15891
7563
17962
4700
13714
13512
12759
1591
2474
3925
8166
6997
13301
6431
7228
10370
351
8120
14137
16902
5757
15406
12109
1815
5448
6937
14119
3164
11493
12270
15548
3948
13218
16817
2017
12596
13615
12519
3029
2295
7430
4041
8141
9312
11352
11589
7021
17123
12550
13502
2384
7201
1673
12787
10613
17690
30
77
646
11517
13089
16898
12149
555
17029
263
2678
11290
13310
6771
12051
2629
17195
8094
6768
3185
6211
15080
1980
7050
5099
15510
704
4363
2945
6007
14199
11533
7288
12788
14202
375
10800
9942
11239
9619
15025
17186
7389
17521
5908
8623
17911
11141
6094
16409
17794
2796
8618
1117
13709
4028
9970
1108
2636
7257
8970
9581
14041
12323
15865
15731
6824
3421
15124
10702
16501
12441
11081
10693
13868
17566
11765
8481
11716
5820
3282
7260
2425
12822
9537
13560
9460
7934
6047
8589
6906
17726
13079
7882
2910
12226
7541
7437
13603
15348
17970
1821
3954
7023
49
788
10245
3477
9348
17035
3166
17260
2172
11885
310
10131
11211
2973
15926
6386
16744
964
15723
4639
2446
16354
8410
15261
4225
17606
12192
11151
14318
17880
7748
11451
10158
17540
9404
14633
2999
1857
2969
3466
16735
10447
9664
4246
11790
448
8549
861
1758
13901
13974
15919
10962
825
2193
11800
10608
7330
16099
14275
11084
3539
4510
4079
11299
3591
7815
3007
16321
5833
14377
5978
17327
12695
5609
17219
13932
8820
11015
2180
935
13324
9197
16627
2198
626
3335
12839
4439
14102
2080
2371
17344
2946
7605
13888
12676
7363
8071
3386
14933
1125
13203
5505
2801
10407
8358
14143
8171
8894
3087
16009
2390
15910
10101
17951
3344
1810
12161
11149
15161
9508
12026
5908
4814
7513
15003
13187
8342
8892
7235
12958
6873
7562
8969
5937
12488
17109
5866
7198
3549
6002
7905
15746
12976
14542
16113
2133
12050
397
5874
6448
15114
8067
13781
11577
11690
1547
5062
8122
4093
13060
3357
10673
5631
15388
13009
12704
5529
1813
426
3395
183
2036
8817
12353
12888
9960
6870
10204
2834
5255
10286
1907
15567
10516
6327
7719
744
7197
12505
363
5548
4177
8026
15268
5676
14671
5102
7616
6199
15913
17738
1971
5933
12055
1203
4636
3554
17832
8392
10806
15570
11844
5705
9626
15547
2349
14130
8194
3723
6419
14071
11064
2887
15478
9342
2477
2725
15414
2948
14998
6454
6583
3805
12305
15107
5313
5116
9525
15907
10499
15194
3831
14247
17223
4215
14745
9395
8113
12458
12861
3065
10497
7671
15175
15234
15496
7612
1728
8492
695
15831
3367
7419
4370
4072
3954
12221
14724
5390
338
3343
4604
12385
16340
1461
14405
10876
15220
14394
8244
16085
13212
3556
4474
8138
2619
15234
3593
11017
2257
5382
1796
14284
14981
2329
4719
13327
8505
15087
10885
14575
16102
1064
12456
17809
3985
12224
16322
3852
2239
8900
2714
2613
11909
10721
11603
17317
2759
4331
15551
5513
12242
5766
5761
14773
12358
17941
11920
13605
2139
2125
12295
5090
17908
8117
9049
11358
2593
8812
898
3868
17358
5958
14520
5534
4873
9636
16816
2877
15505
11648
2654
3295
2538
4610
12500
392
11949
10578
10987
17455
14123
12427
14128
17147
11634
2391
6341
6091
6329
13868
14920
13295
8405
355
13393
9094
12238
9282
4933
3908
12636
6405
17896
4096
10827
3869
5823
13736
12077
11236
7731
10145
3310
7212
1794
8846
11923
5492
17183
1228
2828
14310
15834
1161
7736
11984
11226
16063
7256
16381
5062
672
2476
11343
4643
12799
10729
9643
4152
4265
1564
16256
7341
2046
7160
1445
14930
16496
12059
7407
17452
13431
2799
781
2570
9790
15036
11120
437
8365
17946
4905
9382
9604
14436
5793
6738
12241
12281
17455
14576
11967
13564
15882
11404
2203
6876
4507
1844
14755
7933
1389
79
526
6357
260
11357
8770
17171
14119
17464
1222
713
4588
826
9172
8202
14943
5434
13514
4654
15822
10462
14446
15491
1332
12724
16316
11070
9712
17659
10781
10959
13105
796
117
13587
15521
2454
1849
2706
1738
11063
6012
14808
9337
4438
10517
10897
1454
10477
10622
7421
7581
15701
7611
2980
16580
10697
836
14371
1481
14924
177
9188
15536
16727
6066
2556
5382
17387
11400
8653
15293
17860
4067
1468
17364
11518
3417
8429
3617
14129
17936
13834
12462
6040
11304
6179
5470
3312
11960
4079
778
3340
16131
14800
12845
13173
13239
8725
13224
14286
12978
8345
17186
2965
3905
2616
4512
3669
4694
5522
11277
281
3541
17224
13302
9180
11019
16308
8469
2876
8972
9061
13831
4172
2247
3671
16348
4280
264
12977
12299
16084
10043
3080
239
14157
1367
7521
11299
2113
3103
15684
6773
13450
11248
2492
10553
10293
16199
314
10781
8257
707
2937
11716
6387
5138
6957
15810
4871
12795
2005
5187
16224
9015
11007
7496
1152
6284
3962
14911
14660
3495
7047
4109
3335
13334
585
10907
7607
10144
17915
5611
7204
962
7265
14405
17108
2246
14294
9074
10611
15345
16244
15812
3464
5306
7779
8000
5619
12258
15240
9161
7955
11941
14255
14906
3492
1707
17012
14096
4709
634
7434
9490
9287
1964
302
16142
14258
17673
7830
4785
15570
13073
11219
17954
16302
984
7974
2827
3561
11806
1807
693
9265
16346
1872
7296
17813
6738
15936
14284
3620
12970
2267
6886
9408
2438
2487
4690
12610
2398
3761
11442
13671
17293
6102
912
7335
13302
5118
17790
9398
8628
4978
11959
3764
10747
6078
177
4991
7232
14417
7042
7640
3730
5554
7804
2035
7140
7725
9335
17176
7801
9755
9081
3622
9882
10720
15076
11463
15318
9053
17212
2879
12743
1733
15283
4782
8749
6701
11715
8085
14761
14125
13032
10149
13432
11715
13496
4354
3690
9863
12975
2119
7118
8936
14219
8468
8716
14261
16881
146
16686
13912
1914
166
11596
17485
14509
5316
16978
10833
3434
907
11025
16710
14096
2702
3775
12306
16812
3107
11467
11558
17920
6788
1713
5884
14139
5427
8102
10778
7082
10923
9825
15796
9211
16577
1318
4990
1625
14618
16752
12910
15257
7621
6635
14320
14064
14617
10027
16387
9135
13033
15692
6577
16012
13732
13527
14476
8206
13306
10733
9091
17124
6391
16019
3396
13347
6196
7722
15115
619
3571
5290
4361
15556
5864
7979
17168
8778
15144
3408
4394
13474
3945
14848
14362
12920
14776
12930
14570
16983
5482
16148
10675
2356
11626
6440
3627
11719
12913
2268
5625
14886
17748
16549
6900
384
375
8103
9657
14131
656
6146
8747
6619
6118
3069
14965
2296
14743
17576
11483
8858
6937
3313
14287
5804
2232
7797
16559
1994
8222
4720
5355
13184
11825
3603
15636
416
855
6369
2864
6511
7956
8646
6202
2989
13364
212
16743
8912
10388
12300
13475
7292
986
997
5530
15985
3077
13020
10642
10560
12430
14057
10646
8651
10510
7705
4989
377
16810
10845
15561
12306
11898
623
5772
4237
14663
8428
9571
13908
4402
6146
8263
4400
977
2983
681
9495
13892
15171
6298
3390
1110
5372
8445
3788
1423
428
4308
8638
9558
5953
10790
17696
13828
14000
8723
4670
10884
11127
9534
1960
9462
17374
489
10683
10066
7065
4511
13762
4730
6269
10154
1768
14489
668
14389
8392
4119
14591
3355
11779
15806
15055
7678
11629
16455
5535
9572
3253
13950
4314
11372
7023
8980
14533
15390
32
12530
8992
6497
7285
8283
12510
17526
13729
16075
5534
10961
737
7676
12870
11143
3085
9223
8667
4787
10029
1079
10624
451
6837
15209
3624
14400
14239
3199
9993
9899
17364
8804
5871
9602
10502
15243
3354
11665
17885
10352
16534
17094
11484
752
3893
16637
11407
9812
15627
6730
1411
7239
5525
15397
16674
2953
17014
17598
170
1405
17424
10402
1513
17485
9548
14871
17320
16285
16998
12193
5440
15581
2471
13383
477
17399
16720
6447
2798
12809
2561
17958
8213
5085
5843
4380
11457
17971
10104
7708
742
1008
11373
1241
5830
6687
6984
7875
3982
2742
14660
12297
15295
2372
8262
17801
11912
3239
9404
5107
8029
3386
1857
7451
3877
4619
6831
3485
8933
13658
13985
14955
917
4861
676
13394
11196
6256
506
3691
7310
6954
6314
2173
12398
6092
6087
3263
8048
3362
2283
16683
10656
8987
5824
5775
15529
7446
9596
6717
6515
9330
13926
17793
15132
7448
13977
5187
3345
14868
9860
12194
11322
3901
14283
12529
17536
7014
17390
16510
347
13917
14067
3805
11196
13009
4514
5731
10419
5857
3486
1598
8942
464
10187
14802
5359
5540
10592
366
12137
8557
14379
8941
13367
8163
17115
14569
969
4440
4382
4378
2092
3996
1351
13659
6436
8815
4683
3854
1832
17122
5785
13462
1642
9655
4788
1713
8978
15846
12670
15033
2167
4625
8370
10608
4505
10975
10846
5209
9501
15269
16523
4438
3142
14147
17051
6827
16749
12506
6062
5377
5468
12651
12065
2231
16428
3563
8980
12899
7929
1714
17637
5814
5951
6723
7198
366
1284
6742
776
13365
16098
11345
16507
3846
17118
14373
16499
6736
1002
4261
11712
13347
1411
11537
8074
7191
15848
12000
9487
3387
15080
16476
2763
5003
8902
9559
12003
11820
5532
6812
14286
2417
9289
4688
17328
16463
2473
6040
8452
11229
11119
14788
10501
7669
7041
4392
15113
3432
14928
9227
6283
13470
13059
664
8595
6955
1695
1250
14052
4637
14485
14597
14514
13505
14776
15367
5806
4981
16937
10334
17888
15128
11889
2699
15904
14190
938
17187
16944
5216
9914
3743
10186
4416
17117
13993
13809
7562
14207
6231
17030
8869
4467
7012
9786
17593
14818
10441
15195
155
11859
3099
13597
6660
11363
15694
9174
2768
15970
13880
1717
10193
11002
17360
16704
11716
2108
8980
10697
3563
1305
9354
5773
4841
12537
4319
3545
4125
13708
9307
2233
14230
9211
7285
17086
3941
2618
2914
15050
319
9260
3625
13547
4193
16531
8050
16995
1214
4322
10733
2304
7300
16209
9472
2828
10317
7469
10760
7683
15633
5257
4463
5644
11689
3189
7886
3687
4974
15993
3210
6673
16976
14622
15355
1463
627
14937
15610
15764
6755
613
4616
15960
9656
5948
9275
15352
16532
1633
11827
4380
8106
12253
15867
6378
1385
7301
3324
9340
997
2804
12123
9743
16743
12586
3778
17883
7050
9697
4395
14298
3542
5783
14089
6711
3963
10845
12849
9461
11859
17851
7510
985
8842
7821
931
8933
14457
6062
6368
15809
4989
2128
4535
17880
14679
7717
13441
11180
3052
14846
4042
9959
2669
8685
17715
5840
16337
8344
16662
4694
11037
15517
6867
4812
5830
13564
14585
7601
8814
1350
17393
11931
7994
17296
15092
17231
8932
10932
9517
591
11532
9972
15033
6336
9465
2699
11867
16343
15918
9458
13564
9584
15335
9452
17296
7339
1202
7615
10051
12867
2459
8880
6466
3756
6736
13449
4774
16041
12835
14169
3706
8263
10830
11896
478
2809
8208
1029
17429
13744
12597
14479
6105
3207
14277
6140
5711
16441
12211
8409
10372
8239
3141
17007
2230
5914
4563
2814
16047
5593
16072
6649
8860
17896
4838
10525
10157
4293
17110
17215
3493
912
5004
2145
11680
10910
15705
15169
6884
16490
5451
9663
4304
3241
14383
472
14930
12568
4279
4340
6181
12932
5686
12072
6023
7110
1735
1288
17000
14633
7662
2925
4926
11513
566
8911
4998
1546
954
6175
2533
16722
12623
13780
2268
13668
13598
11872
10106
16298
2896
14797
3019
2366
8274
15994
4894
15925
1399
8796
10789
4649
11805
11443
14005
6529
6535
1290
10141
16527
17402
14042
3668
2069
17524
2220
4059
16229
10822
14665
2305
11876
12146
3552
6677
8522
367
7314
7654
5209
14265
16494
17111
8888
16150
11364
16142
7403
16851
10904
14539
9216
11901
12790
16998
16728
15052
8540
10161
928
14938
15208
8893
1371
3633
14094
16760
5950
13650
2070
1619
7479
14753
16721
17762
1147
12254
1174
8269
17435
3855
141
3940
6130
2776
4422
4943
10413
4509
6631
13635
17944
14878
14673
13744
4273
11025
5470
17271
8139
16254
16153
9849
946
8723
16521
11355
14117
7608
12267
3558
10389
12781
9563
8826
2840
11743
10928
6051
10074
10905
2209
17603
16258
11255
4808
5983
8588
8662
16465
13974
16408
10056
13982
9644
8174
2675
14571
14549
6027
10553
2025
14556
10173
12274
2057
9251
8040
17813
15478
12917
7698
4566
12575
5799
5009
7913
12304
13790
1071
9668
5117
15690
10775
10995
13642
16991
15375
13925
2682
3364
6353
17204
13330
5716
15384
8626
9896
16274
13939
5710
9021
8378
7337
4390
13493
1171
1306
14727
4879
7824
5134
12480
7797
10870
11996
3988
4898
1847
15737
8989
3002
2652
7467
7246
12379
2226
6440
2865
10318
10780
12144
5568
12538
630
3172
1055
12581
1305
3233
9269
2664
7258
12605
14412
78
13038
8781
16974
12040
6424
6800
2591
5920
14002
14652
10554
15176
6234
9363
852
12959
11235
5729
12188
1391
9085
1381
6692
5126
16751
9786
3961
17438
6721
11040
9165
17899
9398
10140
11798
2433
15958
11273
176
11424
3913
13577
10109
11949
17487
3900
7053
14494
8365
17035
16296
11825
15267
4818
10280
5561
5208
6712
13844
13991
11606
17116
13255
2737
13251
9533
3280
14001
13428
22
3634
813
2534
15669
9963
14030
8551
15351
16273
4207
15006
2722
17000
15076
4219
17133
12929
9044
4969
8800
10205
5317
6544
10756
9679
14019
15335
13782
6767
16188
631
11085
6650
5515
7483
6133
15735
302
7604
2040
17636
6183
17800
11241
11775
13868
2714
9708
14386
12795
8581
14085
13045
6893
9985
17227
17911
1429
7225
12361
10583
8918
16867
385
13020
12014
10942
6909
11813
7283
298
2724
14539
10409
9153
15701
12130
8173
11028
16034
14862
4592
11408
13436
3171
16787
1599
4199
10196
13276
2106
8298
8845
2195
3260
14470
14956
9419
13954
6288
7786
7600
9071
17165
12376
16745
5724
6073
8196
5466
1404
14196
15739
9994
2654
7353
2776
17899
380
9355
5003
747
4800
12735
1989
2886
342
16609
10239
5494
12572
11940
3226
16808
17989
11129
5297
11228
7406
7738
16186
17785
11256
8804
17564
14570
14804
1919
3179
4985
16620
8860
15230
12711
10926
1562
7906
13445
17636
1012
4759
2145
5102
5530
4760
16129
15762
15595
12264
2277
3209
13148
1720
1628
11882
11143
10597
8406
17060
307
17630
5217
10597
7900
11587
7571
15656
9375
16440
9218
10955
10309
2041
7155
10382
9113
13385
1885
8151
10503
11555
1961
17155
754
4593
15481
15927
5954
762
14674
17557
11561
7749
13415
13113
1265
14956
9075
1859
2324
15901
7106
6063
10198
4618
2173
192
7571
17472
16033
16219
8609
6100
2571
3071
3649
3897
4658
579
10184
17551
17056
2152
7284
693
222
765
350
639
17900
10882
6859
5282
1642
12404
13597
12972
14725
15302
1900
10017
10097
6897
7517
3137
10480
3874
6061
2581
8124
10226
4029
5928
16311
8931
8905
5810
2252
11413
4310
5694
14113
1081
8920
16046
17820
6957
5837
8805
14143
14598
74
11586
17377
5276
5232
2940
6506
9391
17674
5881
8507
16615
6885
12537
10024
16009
12
10863
17283
12261
11183
2639
1303
11340
17952
6306
3821
14159
8187
4695
6782
7363
1087
3141
6085
13233
15180
7755
13312
7738
3339
9560
13507
9287
9700
14502
11513
14798
14801
15984
2617
17664
10205
15413
15585
1168
16775
8101
3553
1838
12313
1848
15526
2290
4480
2222
6881
3876
759
1681
15187
999
17076
12246
9208
1286
7775
9699
8862
17286
8187
3178
7776
16732
14098
17587
15331
12712
6401
9432
10252
14030
109
3642
3403
16229
1392
2418
9209
6105
13700
14289
12410
5867
4059
13224
16654
16312
12776
16452
16042
13718
2606
15569
7997
13003
13268
12495
15314
17832
10817
16322
16258
9699
13417
10339
11843
11922
16500
12772
15568
17219
10551
17553
14806
10121
11234
8914
2345
13392
37
1165
1697
16753
5904
13368
16084
8386
10197
6764
9441
8741
14732
3173
1142
15632
7347
15574
12207
16156
4432
8137
8588
3527
3204
1796
7885
11477
5582
4455
5276
14291
17177
7618
11656
9452
8963
6884
5161
17652
107
605
14037
11922
11621
17733
6958
13818
15022
10486
5861
2792
13063
5924
10383
11705
848
13070
66
627
418
8092
2493
15957
360
16199
1826
13609
15947
13896
13440
11302
16985
10216
10881
17395
11218
4951
2540
17013
8030
13993
9048
1753
5406
9338
2831
13453
14893
8498
12826
13944
2163
15252
17662
11482
13415
560
14099
7918
17709
1832
7997
14989
6243
11632
13977
16556
1652
14143
3286
9013
6904
3746
3581
13107
8744
5007
8958
11254
5681
2342
11112
16023
5733
17780
8389
3622
6104
11745
2288
4607
10509
10090
12100
3899
13678
13049
13842
8290
17154
9632
17038
10653
590
16180
8471
6298
7051
15558
5601
16138
7583
381
97
1188
10523
14511
8196
15660
10096
1263
16956
4478
3423
10432
9544
3460
8348
16839
15871
14136
526
1182
14633
12627
17478
10661
15722
12467
1833
6483
11996
2779
9515
2667
6072
12708
1370
3594
2784
13297
16084
9404
10636
13025
13894
10014
6655
1950
11187
3086
8117
1378
14701
2366
10315
2265
130
13896
13179
10737
5798
9947
7523
3422
8569
12708
11921
11450
7269
4728
2717
9177
11175
4621
2995
16475
15975
1545
12123
16475
1509
13522
8311
15300
2370
6964
12217
2196
4152
1969
13422
5016
17527
178
12682
7622
4334
10204
14977
3194
13906
11278
7087
10680
9805
10855
16742
4080
15414
5716
5090
3696
88
16631
6426
6547
13282
4003
1188
16615
652
180
2421
5933
4144
14379
11925
3977
108
9623
1323
553
3699
1951
10090
10578
330
17212
16663
3285
12838
15828
13782
145
15887
15041
2352
15874
16673
11888
4163
24
3888
5204
2246
17986
8997
13595
17480
265
5161
5033
4372
9545
3196
10464
10802
8378
15363
13601
13277
10781
13324
10332
17212
10930
15839
15604
14304
7430
6659
16702
9513
14153
10057
119
5877
13373
10041
8149
14214
16171
17400
5014
479
3264
14451
8069
4459
4645
3450
17307
17146
13740
9819
8401
1896
8406
8154
5652
8683
2241
6171
16418
12938
10319
12428
5632
8069
7378
5937
4558
6309
8883
3917
14178
0
7010
8793
6065
232
1655
14021
11628
1106
5399
10841
8103
8942
10626
16326
1589
7144
3177
14445
9519
8057
17006
11851
16643
3626
14547
1089
4201
13799
5268
12300
10529
15628
9569
16373
6120
7807
14083
16375
1466
5385
4000
9191
8913
6850
13530
5733
2011
16648
10465
9759
11178
1660
7945
13628
1492
8665
9030
9804
3467
4689
15524
3465
12375
14406
12451
17609
17039
3858
12975
11827
4263
10292
1501
17196
16356
15160
9266
15389
3626
4369
16094
9011
14902
15989
2837
15506
407
4805
10286
7047
16007
344
13637
3721
12968
9603
9019
7706
874
12391
11037
3312
5433
16374
1394
5898
11331
6163
4365
7249
8534
8998
12547
8910
12440
2409
12678
14866
15585
6947
14128
17957
6466
11630
9548
6942
14217
12390
7342
4972
5132
17808
11330
4015
3715
7556
17009
2886
50
4521
12881
6422
3252
3596
2644
10467
11043
14221
10208
3854
4708
2102
9967
3611
14672
5400
13420
2222
5420
2675
15774
15122
6202
6658
15762
15701
12552
1
8576
13619
3238
6237
15488
15054
6374
742
4661
9815
8396
10259
6487
17595
2805
5442
1151
13661
708
4538
9035
4684
13558
10671
8721
10353
1351
3057
3904
17495
12702
7810
12642
2903
15827
5538
1551
4302
5409
11929
16203
9854
7255
15072
4366
11518
248
8588
16212
12399
2226
14008
15163
10588
1180
3741
9722
14732
3592
9377
16098
4808
8024
16106
4844
2691
11804
2061
13153
795
17306
4664
13593
10923
3639
11512
14667
3530
16849
2759
1443
2404
15807
2101
8881
11730
13728
3634
17070
4248
5584
15782
15226
2732
9225
2253
17505
16398
13782
17458
17980
15064
9555
6055
9539
2195
16848
12030
12784
17779
17876
10632
4031
11136
11614
7335
1473
7187
17767
11105
5456
6361
7348
2916
3133
7815
11719
13152
5413
16698
12900
16086
3330
10473
8529
6107
205
17850
9383
14856
10945
1021
15574
8834
12044
8777
5637
1969
16495
10817
2406
9519
8388
6787
11959
12382
12062
2765
13669
566
1356
10908
6395
17227
4872
14818
4857
9607
17148
5507
8576
3353
7364
14940
4121
1017
2398
11937
6869
806
7598
3186
17263
10895
16158
16617
8814
15546
9795
6482
3799
516
2907
10327
5135
16102
2882
9831
10029
5264
883
1907
17534
8132
8683
17765
16578
17570
14138
9565
17844
7100
1475
4169
2472
6229
3299
14432
13820
15306
6990
14907
7393
13533
724
16320
1075
15946
11571
2541
7475
6137
15446
11789
7094
13295
17211
7610
14214
9680
16755
608
7510
17381
16434
4218
5203
11205
9814
5339
13510
13956
1988
17418
17350
1333
15518
12027
5259
8637
6256
13238
1901
9430
15642
8727
10491
13308
3560
12417
15335
9912
5005
13743
16878
5270
16559
15257
2950
12997
3547
10063
7376
2250
8169
3589
17308
6817
9706
4683
204
14498
7614
1768
12881
17004
16690
3395
2577
7184
5014
8541
395
8189
16877
1694
12545
2339
2573
16234
1091
11398
3863
2608
15533
14673
2416
12671
5238
8260
8910
2629
14729
16668
1662
13254
2593
10174
6098
8261
4574
1424
17657
17362
10004
11715
10646
17264
10626
8656
1698
8770
2976
5534
12924
5617
8849
509
9087
828
6408
9059
7085
3757
7271
13937
7303
12260
7203
1121
1694
1954
1955
14830
2580
16196
4407
15119
14492
2426
1510
7793
17376
7699
10767
13472
2880
1959
9809
6754
16136
8417
3158
7793
6315
9702
826
4131
9228
12630
8650
472
8587
17694
2119
6335
3500
8152
14329
5236
9203
2064
1024
14810
17772
7251
11030
13057
17703
822
2545
16948
15104
2064
17108
10067
12828
16533
10501
8696
2384
5873
13241
5367
524
5869
11052
16470
453
9008
333
6359
2976
8773
5125
17999
601
8101
3800
8836
5875
513
9380
3383
17259
14671
4422
13851
9909
1534
1389
4514
6648
9463
10422
15939
8773
10210
8966
10537
5138
9858
12038
5531
16118
9966
12760
15011
6733
9485
3672
3262
13386
4125
12526
14287
16780
4688
17840
4848
11977
4020
2229
12342
6680
10046
3876
17215
6683
10114
7994
5307
10921
12417
15610
12548
17497
1679
7326
7340
3658
1839
10268
11394
1680
13422
8421
6384
6328
6969
8135
15331
12973
12
577
3544
9171
15961
12806
14848
11889
1376
17787
12848
252
8337
15803
2119
14430
1387
9467
17180
9957
11312
2599
10580
503
16311
3562
1485
4243
5005
8797
330
9555
8586
2231
2604
15759
14204
14258
11913
91
3554
4238
4219
5808
4710
9343
7671
13831
10583
13282
11817
13409
802
8685
361
69
5469
51
15996
16609
11089
1447
15513
13905
4785
12968
13253
12718
14475
667
9886
12109
793
1751
529
1400
13700
11577
6265
2346
10247
11895
6053
11508
16651
4258
2628
13997
84
6276
15855
4582
15047
8825
8051
10043
3862
17275
9065
2341
15658
693
15284
15340
10460
10041
17639
14954
13184
4445
4912
2091
14078
12303
6501
17136
16078
1065
16361
10739
7695
6593
6507
12117
15957
13559
2380
8803
3965
13841
2843
4503
17038
6692
6942
17787
7949
16968
6911
312
1756
15966
2705
2428
8497
7230
17453
314
12271
14024
15341
4140
16675
4860
11732
8851
9245
6054
11161
815
6969
13105
10014
378
11241
13708
2145
14846
13169
12361
15982
16887
7806
16226
12479
2307
4420
17799
1905
8982
17762
17858
2068
1899
8228
4732
9615
9844
11253
3208
7613
12354
463
509
1864
11520
16625
13809
12448
11834
6747
3984
392
15659
1305
3100
3806
628
3322
2142
5813
10904
12156
5995
11489
3044
14901
10867
7246
1532
3184
5666
1052
8384
947
16393
1611
13102
7737
8759
16816
6338
10016
1216
6641
12424
9553
2960
1875
9281
16840
9545
5613
387
14143
1895
15288
16363
5915
773
17525
3727
12034
14841
9675
7534
15816
11018
14668
8984
4869
15106
12931
1834
7428
5102
829
13521
106
11234
8177
10000
14433
16281
1564
11405
12689
5338
17389
14565
8538
2279
16922
15120
11392
10703
12670
2959
4099
11027
1152
5522
6633
774
13824
4422
4171
6349
2000
5867
2601
3590
2956
10100
16699
10164
2712
6952
4629
5496
6613
16325
17093
1868
10736
16468
2620
4170
16631
9383
11159
7065
16121
7455
5386
12071
6184
6363
1384
2402
4013
7578
14704
12976
297
3921
8743
3502
372
6216
12143
6261
5252
2415
4609
16889
13691
7647
17564
7900
6012
17675
3545
12000
16172
10996
7674
7737
13890
17308
7039
16112
13658
786
17781
17876
732
2460
11916
4634
3715
12803
5459
9302
3389
7384
10098
13442
6718
14500
8339
7579
13169
7821
8061
10763
6348
997
15775
8336
6751
6109
14198
7484
15993
10806
1163
182
3895
2568
4188
12125
15162
13483
5557
17837
16660
5059
235
7194
2846
8857
17589
9369
12089
9220
14503
16222
12239
3558
7900
352
15045
1490
3279
8313
5104
16684
9302
12282
10832
6361
16892
16235
11758
16229
4218
9791
13885
13028
6801
5654
4576
2688
2886
4204
11128
2305
16378
782
10152
6122
3365
15853
2455
3776
4879
8012
5617
10198
3770
4004
4811
14067
3871
5046
7185
14773
11124
6848
16845
9999
391
10537
8934
3550
12538
5078
17075
11481
8011
13423
6474
10311
3614
14508
17850
4650
9785
12568
1873
6953
10732
2888
12843
2491
17227
1173
4344
927
905
13348
12744
12841
10242
10887
1445
13943
16598
109
9757
16113
11613
13652
16875
6239
16091
11055
9121
10676
6242
3986
5028
6872
10190
4554
4900
11396
11473
14170
14807
8247
14764
15088
11297
6741
4694
11942
6241
4174
4572
6132
1851
17869
15221
12658
17869
2279
6897
3003
3745
13923
8414
9326
15102
13721
10134
7806
8299
5859
4056
9769
10130
17104
11681
15254
12972
13863
11399
13447
16030
14921
1986
5246
4416
10831
6247
15020
14230
5954
10418
12501
15981
11866
15152
2463
10851
4030
12807
5480
15315
5354
6162
7639
6748
17103
2332
16971
12798
6660
4520
11025
14208
15162
13755
11537
336
12669
15415
15623
16280
6278
1508
4655
17977
6157
205
10745
11399
13276
11285
4621
7489
4703
4948
13848
4379
8200
15170
11220
10618
13679
8398
11573
10235
8406
8187
10160
17248
15514
10680
6774
9160
1461
14634
8974
2810
11505
13785
3537
2638
10535
6292
9807
3992
11397
5121
3503
17762
3518
14853
3475
10324
5436
7372
16650
3043
6528
1430
16015
851
3194
4815
5582
6682
7940
11816
7143
10835
1064
9575
6843
6331
5794
5688
13571
10684
1841
10766
9152
11684
13223
13915
2318
1185
3487
3239
8257
1115
15774
15264
7953
12174
9938
11919
482
3970
9959
12355
4844
12921
15464
10748
16762
15044
11395
6069
5038
8050
325
4047
8417
6630
17381
17127
5463
148
8749
4883
6369
249
12146
7214
12236
3924
10372
10077
13319
11524
3761
11581
1235
11103
17765
1420
17251
9419
10588
448
7874
5005
15511
12391
4211
12541
10941
5565
9172
14834
10073
12004
12380
12687
14721
13891
5395
2329
12999
8109
17041
13476
15160
9996
3742
361
12625
13114
3193
17046
466
6172
15764
2402
10699
15851
3724
17787
12290
10673
10855
15614
535
6189
17958
15826
111
1954
9754
7826
9308
11522
2835
917
17950
15650
17811
2764
4594
4427
832
10151
16600
333
15433
180
547
10703
14224
3189
13690
3559
8582
2029
16811
8098
1460
14759
14383
7473
17893
530
377
17393
11937
365
11000
3397
452
843
9899
8770
16222
14291
5460
7767
17299
2087
15349
3223
7506
13375
12823
9812
11779
3122
17914
8569
10922
16976
1191
15732
1768
12910
5105
5854
3472
462
16297
14680
8967
8987
6881
16005
9620
17742
3592
3358
15928
8992
4340
886
2807
6477
7390
6730
11780
3745
1943
13476
12267
6562
12649
6605
2775
7593
7224
9212
6724
9358
5911
2416
10655
1711
14054
3573
8617
7196
13177
8246
1514
2354
14213
2560
10370
4691
3059
5839
4859
17615
16215
648
12555
1009
5130
11457
8934
12967
9955
14624
1440
2911
1908
11247
4159
3243
13632
1177
14255
6385
10699
324
1759
8402
9130
5179
13000
4117
5642
7814
12174
4815
6220
2168
11983
14352
17805
9477
12553
4621
1892
4750
2104
1446
17301
11835
9341
17044
563
3171
7770
13361
17282
16523
8537
7411
5129
4121
12621
1238
3318
14579
15600
3797
15372
16153
4331
2341
8104
17644
9604
10686
9377
6665
11058
10871
5838
14390
9836
7581
16785
11928
9743
15888
15201
2687
11198
986
1669
15358
14244
12668
5100
6986
12245
6198
9706
3679
3106
14627
15917
1098
10155
1151
798
1350
7231
7638
11762
13078
16143
12155
3952
9388
12209
9249
4413
1348
6769
9145
3091
6608
3985
12473
512
17792
13440
4853
15243
4237
8137
15581
6961
13123
6402
15891
5486
16137
4917
887
8647
11662
15756
8513
1363
5570
9781
3226
5850
4510
5621
4119
3462
9073
14857
13139
4102
791
4647
15447
9490
4936
1027
14841
12056
10475
2590
9967
9380
6789
13672
3966
7023
15538
14166
14163
1423
7871
6431
6077
7788
7729
4512
13237
11570
1605
1311
16444
8466
8085
9725
2431
1715
11876
8133
17881
3798
3158
401
2230
14455
10431
491
4783
17327
16087
2097
758
16902
14374
1634
13583
7222
16161
3781
14538
4363
2977
15432
16921
7271
1501
12342
6210
5010
1268
1810
13154
15150
3417
3888
16364
4088
11867
17827
10701
16923
16575
17841
13725
4782
17948
6178
3669
3838
9427
6759
13111
6294
15993
7656
4414
1978
3907
1878
4131
1252
3901
17407
9017
725
2119
8463
16070
7613
7692
15172
11806
8566
8032
298
11661
842
16357
6628
5969
7462
8794
17804
6514
17702
6065
3250
14975
6559
3275
16225
5574
9595
4771
13247
6624
7743
12243
5187
12791
11513
855
1776
4948
5653
9964
9232
12617
3887
2452
1804
12872
11874
8954
17239
4926
1343
11148
15563
1920
13674
11338
4139
17424
2830
3577
7767
2508
4976
9524
13598
9827
3680
5599
15758
13445
6204
697
2231
2518
10368
2735
17565
4670
6456
7863
3756
1776
16534
271
7846
10405
5438
12642
24
9636
13022
6868
4107
10769
8667
14299
13365
5695
11495
8266
9168
6627
16447
4666
6419
6455
8289
13399
9372
1479
17722
7077
15839
7595
10157
10590
15384
6977
4000
7849
6028
5319
10897
16919
7629
10114
4086
5949
7181
4334
16737
3066
9562
15155
13378
516
12040
4704
9270
17587
16332
5862
11870
7433
5700
14212
4106
6572
10196
11594
4708
2482
17163
5724
16874
4152
8772
2645
5219
10303
1544
13637
11490
9123
4833
8537
7752
5209
13034
2102
17668
17637
13490
2929
5094
2757
7775
13709
2049
11358
1215
3202
15790
17921
7849
2695
653
2281
10114
17597
8583
10083
3372
17991
15583
12138
1833
8649
10038
5407
8781
2476
12430
8786
1841
1483
6326
11279
5140
1725
9940
471
16812
11311
9218
3386
6426
8141
13519
1710
15611
5533
12117
14575
139
553
15850
11203
965
16279
9984
11928
5653
10454
14248
14461
13646
12999
4692
10826
12135
7974
15145
3132
12560
7603
15139
7329
14626
497
10722
12252
7925
4683
1235
16918
331
7310
5642
7170
7977
13799
7386
8058
13622
6089
8743
5835
1820
11306
11730
16554
11612
6300
2004
8273
4398
1539
1494
3115
8645
7864
10349
10903
5441
14537
9507
2620
12942
6746
3312
12538
12554
1084
10936
824
5620
16728
16349
14272
2512
2681
14933
6339
4631
8659
10727
15674
12683
11172
10495
1642
7544
8597
1553
13427
7861
9244
12026
277
8938
11538
17441
16656
11516
8044
8861
12710
12772
11368
9776
12623
16573
12054
13569
2473
540
16384
15672
4042
7178
2888
14642
13076
3005
3516
2932
3459
1365
9800
17276
16230
12354
89
3746
7367
930
11209
5054
13273
264
16124
388
13773
11752
13398
17706
10545
17855
2919
7882
10342
1744
2852
6306
2220
13593
6162
10025
8716
6932
4849
1228
12481
5001
15380
5879
17876
10721
4825
2639
7203
12501
4537
9227
5790
12245
11293
1411
16158
17060
538
8193
11697
12321
7947
3796
70
13088
8779
17780
11425
12471
1227
17695
5724
16933
4374
17938
283
5484
11998
3267
11466
7839
13234
6843
17509
12503
6303
2321
15651
1968
11008
17778
13840
17440
5955
2988
16294
11895
15641
7321
15400
17985
12058
3738
2106
11449
4147
17097
14448
2504
13165
8912
9937
3899
14427
6695
12247
15458
17312
680
16790
5349
3290
1952
15207
145
12287
14846
10481
3008
14002
6621
9794
17495
4114
17566
5455
8808
5040
1695
11654
9384
3098
5496
9948
17275
9529
4548
16776
4059
7779
5100
16266
2776
15774
16847
3914
5145
11602
16750
15849
3873
11306
11715
12214
3996
6151
2082
2063
6600
656
7816
11953
10529
8633
17856
6447
17365
9839
10021
1131
4406
254
17329
14932
9325
8848
7219
6156
12668
10226
2415
900
9388
16388
2992
10630
9637
3916
17977
9407
10700
6056
14857
5479
4070
7294
3596
414
4939
4354
366
12741
14422
11156
7850
2454
10249
4114
5473
10785
6493
4017
678
2117
3750
11764
5206
519
5877
10951
5638
1889
14296
4443
4276
10266
1868
17341
5679
13838
9539
3109
17235
2090
14608
168
10844
7206
1454
8891
10300
11999
2689
9413
17111
5200
12612
16015
17035
9756
16753
1242
10270
13819
3856
14525
7936
5455
5847
2954
9455
8593
911
4124
10952
13885
11623
14735
7627
1239
15361
2876
17704
4456
17339
7792
3798
11577
200
680
5539
6970
4237
17674
6757
10352
12696
6947
2558
3001
13050
16489
6526
12589
8325
8348
5666
4115
880
14558
17339
2844
9863
4459
6938
2273
4511
663
9223
11220
7928
1011
12624
16821
2700
17388
6686
3428
5604
5984
11892
4301
10793
2333
7649
517
8871
12200
14132
15183
10686
7687
8927
15132
15842
1196
469
3021
13811
17358
6925
3094
17255
17701
13016
12864
12770
13634
16047
267
10120
8553
997
11663
11129
5132
6235
4109
5643
8949
10771
7655
14566
15
8733
17144
15432
12865
17453
6321
16392
15417
5901
15073
9576
2353
4926
14160
292
5377
6154
5209
10056
17537
4709
946
2350
14200
14770
2409
7251
2614
1666
8781
2427
1194
7143
17573
7899
3873
14406
10257
14101
13020
10251
1035
241
3468
8934
14521
9382
8557
15844
10819
3080
7836
5865
13627
8619
7958
4184
6605
11925
9535
1413
5509
13090
17596
4721
6424
12737
15053
5269
6272
7660
12458
17034
6359
2773
5449
8405
9631
1531
7450
5344
1035
12188
17327
13827
12030
17940
14667
14610
17006
6244
12117
8448
12404
13294
14873
1409
11635
13677
1883
317
14355
9745
11657
7376
10473
9575
14957
334
14565
7864
9819
260
5015
16648
2189
777
12814
8734
13177
15572
3039
15044
3995
12167
8990
16548
17924
3433
14476
1906
11743
17522
13998
1817
12140
7551
15589
11901
7579
2565
7647
12736
13686
3106
12650
3072
3499
16063
6912
12029
4581
16962
14804
7128
10678
10159
10695
10343
451
15646
16470
14214
2988
9113
14980
14183
4934
12012
944
13002
4311
11551
17187
135
17534
4367
72
7960
892
552
8440
17092
115
9919
5297
5686
16313
7483
13474
14140
16744
15572
10645
1387
7318
8820
16506
544
1628
7115
15228
11730
6246
4366
14899
3539
6726
16287
9557
11428
196
15159
17113
9032
16886
16624
12906
6865
13112
13344
4260
9255
14009
10287
14302
1783
5954
10089
5588
11512
3123
15599
6415
10025
17771
7736
9379
4101
13011
15590
15398
2409
1912
17971
17512
11836
4692
697
14323
1405
14072
752
736
15403
10792
7251
16691
93
2979
16268
7893
1682
9309
17310
3644
6722
7387
5905
16153
12308
9402
16935
4061
8329
17292
12125
3033
789
896
15678
7504
15134
1996
11825
5531
13724
13130
8675
4106
12913
3101
7055
16898
7682
8783
7130
13223
16323
8920
3403
3303
11713
13677
7655
6560
14617
4450
10171
9167
16214
12029
12946
15990
12168
2761
7943
8793
6943
6691
16196
454
3526
7621
13400
9390
5293
9501
1160
13620
9487
3657
15596
17553
2499
801
16410
12626
15981
320
12368
5215
3652
2769
13722
2440
159
3826
10612
6830
17064
10615
5082
17963
7602
1646
9131
3391
967
2875
8587
17160
6602
13792
1303
3229
300
650
7108
2279
922
8506
16400
4988
419
12910
9322
2122
15175
5452
7310
17245
16906
11482
8280
8541
10808
12461
3146
1254
9939
9037
16377
11541
6264
12817
15441
15548
10960
16316
13704
9555
258
3571
8208
2060
4133
13257
11622
3616
6868
7162
7192
14858
1418
17216
580
6912
11932
1365
8699
14362
2982
13206
15892
14641
8589
1696
17853
9269
8212
4891
8140
5034
5355
13119
115
17056
16097
15510
9650
17710
7754
14688
12150
1755
6587
8045
15440
17112
2034
13035
14177
2637
17155
11804
10577
671
11085
12082
5919
2602
572
2826
11266
1121
2247
5011
8781
9743
16521
17417
13921
17385
14301
6499
14909
6594
4482
9525
6881
9242
990
12226
17328
13188
4383
8961
980
17971
8300
1099
9835
13424
571
4607
3630
6826
12059
12242
14803
555
2369
4982
11144
7763
9185
230
3520
10516
12722
8619
8619
17449
3716
13998
13341
8243
3901
16907
12240
4513
8494
13038
17781
5467
16501
15628
9366
2011
6956
11089
5079
13513
3646
10177
1355
7378
10890
6701
2435
9844
11248
1365
3329
17817
17656
7172
2955
11853
1714
13084
6811
3629
3272
2863
8354
17614
5791
9815
6397
9959
7101
6211
2128
7293
14052
3358
16382
12233
17772
16061
6683
1143
7871
7477
8681
17614
11022
15655
5246
4135
12273
16569
2695
2267
15644
15570
3941
10958
189
8498
7638
8338
17153
16188
383
13082
12326
2113
13205
8828
12283
11289
1323
13073
9604
3728
2677
8076
8410
3820
3626
5092
10223
2631
10217
5360
16351
5117
3715
13310
16802
10034
3462
12625
15646
5553
10169
133
5961
12717
1699
15503
2604
2182
5303
9781
13586
13787
1178
11031
15632
230
4516
17161
12368
2232
13364
8015
4373
15553
8510
8996
16019
5740
10560
16966
9430
12661
10771
8449
17360
14360
16573
1222
7969
15751
8947
14728
142
16232
6491
708
2996
7177
9103
9098
13942
8977
2606
2636
2291
17620
11084
10689
7395
3266
1130
12215
15007
14412
1633
5987
6608
1508
12391
2086
1983
13921
8900
4414
3676
16460
14974
16789
2619
14218
8848
10587
10520
9573
9929
1403
11483
601
2033
17372
17126
17721
13638
15990
8572
2699
17733
3471
14092
16103
917
8337
12458
13303
236
6650
17343
10875
4757
3360
7943
13516
4185
6783
1272
5994
5818
15328
14530
15045
6719
791
3378
15156
8377
8377
2000
2054
8021
15480
3625
9187
9882
16285
4535
17901
6738
5793
3083
14376
14245
11688
7421
5891
13088
6042
9050
10787
17637
10543
9453
5931
2348
14151
1656
15449
6247
8835
15553
2544
10500
2803
586
8957
9851
3181
792
376
11143
3815
7557
2377
17570
8193
14161
12916
1192
17714
5588
3379
3006
8589
8558
2223
10043
14847
6287
17323
17860
12152
7106
10701
5078
9412
11044
1769
4508
1365
7939
15995
4049
13279
11793
13521
13631
6016
14792
15123
822
9337
4919
2480
17640
2989
13018
8998
15185
11669
16281
8637
1747
6317
12567
7233
4832
15999
10362
14747
12801
2202
13194
12555
5843
15566
4258
13411
7393
17767
14884
15907
15004
5796
10057
8412
16424
10291
13462
11363
12992
7562
11066
8469
5722
2964
12004
12161
3972
839
12433
7703
9102
10094
10675
13355
10337
11944
12125
14325
17357
5772
17354
2952
1328
17526
16702
16013
2946
14691
6532
8123
2014
13813
2743
13397
9099
2563
8012
1697
1177
11568
4044
2656
15686
4647
7456
3535
8384
11296
13957
13113
13397
5009
14847
2534
6070
10084
3609
17109
12378
6897
3578
2657
14974
8024
3363
17939
13723
7117
11909
6660
11968
16528
6464
428
10302
2087
9879
4188
17891
587
5407
9332
9965
16972
5077
14402
7584
6658
17071
10041
9763
11857
7658
1306
117
9032
9443
4833
3149
7846
10290
11806
9279
13721
4273
7774
9338
3652
5418
13941
11710
16092
4574
1435
9179
7392
11698
4592
1028
11699
13331
4045
15538
5320
9162
17673
1446
13048
6331
9476
1334
6610
10935
8115
17193
5104
8818
11481
11614
5121
10559
5967
149
16313
16615
6016
7153
12642
5304
6467
14693
1852
13242
15861
11980
15144
6909
6082
4149
8605
3566
11264
11131
1733
6616
4808
13218
5080
583
12178
9773
3427
5176
7405
13485
16596
1533
3240
5876
8020
15245
16047
3432
13297
5319
6149
2770
263
5510
15898
6934
13675
5392
729
10989
3332
1305
561
12319
15974
13573
2990
6300
14652
7035
9731
11449
5313
15109
12262
11032
4347
17699
10393
12527
981
15983
1888
2795
7576
1163
12404
11550
9477
15431
16531
16771
7745
2990
209
1842
7006
4384
8959
12431
162
12683
10262
14589
14821
11010
8128
6768
11276
14560
11204
9008
17677
5493
9292
4217
6959
5103
2196
9440
7632
13572
10945
14352
14178
17484
7596
17969
7411
8347
6730
7210
12711
13868
2121
622
12084
2393
12073
3250
15018
12454
9956
16222
15629
11534
1532
12562
16912
4678
4079
9472
240
11501
15561
9207
9978
15189
4615
15872
13546
14715
8771
12865
12449
9537
12753
2527
194
11741
5301
2912
1737
939
11310
16446
15672
974
7203
2952
4688
2307
2585
1394
13656
2086
13710
3981
4477
7918
12277
3170
17543
803
6670
12791
4547
1232
12561
15044
13682
6435
9815
17263
5949
3410
16405
5347
16483
14792
5734
10943
6097
540
13828
2715
9197
2210
15683
8326
3935
1259
3498
12618
2413
1752
2735
3857
257
7356
6541
2337
9193
559
14964
17219
15050
6478
4782
12481
17170
12720
9290
14349
4985
17348
17510
14830
7187
13846
2701
3189
9637
2992
9099
10927
16369
3613
4441
9907
5232
15321
1354
16875
4650
6900
1153
7039
12149
5493
16076
13164
11880
12107
7729
3636
11211
14687
17139
14943
3933
4437
3777
912
3681
6577
9867
8914
10278
14983
15058
2993
16578
9739
7147
11829
1562
1670
14672
9560
17969
1562
15396
13913
346
3789
16432
7449
6283
9777
2398
163
11456
9876
4257
14233
7689
3
655
12505
9522
1145
14653
1806
2701
5190
9045
15635
6509
939
5126
9858
8465
15201
6696
14443
4316
1241
10459
12352
11277
15998
17499
4925
15088
13270
8466
5701
8496
8984
8906
4599
10871
7352
14573
12192
12579
2574
13643
73
15783
15316
17847
5025
9403
7022
5039
16166
12049
10739
1814
8157
4406
6618
2511
2241
15712
288
12360
8584
5466
8821
15201
9184
3049
5895
17591
14633
13722
4039
4802
8860
16619
13655
3847
729
15810
5620
5882
13135
15518
6689
15749
15363
6392
1433
2189
14388
12101
16902
4279
3701
8443
1903
16711
6329
6685
12795
14480
4509
17317
2309
16797
9407
15102
14872
1706
605
7931
8041
11264
5128
9558
4772
9003
10536
17625
5775
13322
2600
131
6635
14435
1649
12263
4104
6432
13061
1815
15112
15418
4162
15705
14828
4544
855
9731
314
17460
9122
2760
3792
11730
599
1135
12162
8958
4254
9820
15248
7929
5379
5277
16563
12479
5889
7667
7302
14865
4536
16667
6913
11946
10202
5880
12896
8000
15750
12831
17794
3256
7164
4079
11789
5030
14240
3850
4607
7312
1129
6629
11536
17438
16633
3864
11299
993
13926
2658
13835
9229
15927
15052
6346
1284
10027
5304
12085
13040
9522
11270
14035
3068
9919
11362
5796
1263
16277
1278
3982
7975
17103
10184
8067
16846
7596
8887
16543
4700
16887
5079
5805
13944
9412
11743
15144
492
17239
11867
14239
6996
7839
3611
2786
15986
5359
1303
16905
15026
3452
8829
10148
11589
12674
2809
5213
15964
15778
1184
8266
11011
1190
7176
15950
3959
246
1287
4735
9701
5794
1703
9106
8081
14703
931
12178
5408
2559
2097
1696
13314
9033
1740
7845
11343
12599
6444
3810
4653
17678
12468
10760
14891
12137
16073
5252
6622
16750
9978
17394
16005
4946
17247
7554
8874
2664
9826
9864
9096
17780
15396
3901
8180
494
4062
6835
4809
7058
4406
11878
3492
5109
9242
16558
4457
5714
15292
15761
4991
16561
9961
12358
8895
3961
8343
3123
12292
11069
1323
16104
2303
4162
17269
3396
8795
10593
5657
5685
5431
12807
5562
1646
3381
12601
3748
12496
7487
1621
12438
15803
13697
12692
12635
16494
12006
700
8180
5402
17618
9826
5987
12516
16361
9293
14342
7882
10267
12117
16894
1485
10749
12153
7916
14364
16933
5344
1799
2369
2434
152
13676
8757
15525
13947
1938
17822
9936
13503
2968
14441
10073
16284
17038
3843
9274
14856
13789
16113
8105
2718
9604
13215
8383
1102
2944
6853
792
5149
11415
5494
7878
2285
4961
16322
11265
5752
2451
9004
7839
5046
1993
15109
12684
7262
9087
8775
4486
4168
7197
17358
9192
16609
12653
2816
9697
8488
6410
15230
16800
7077
5863
17970
2591
6473
15720
3496
14985
7937
10705
9801
920
7748
11050
371
16751
4780
16875
8980
7057
17777
1690
6405
10173
3281
3790
16372
519
4060
6046
13785
9987
3835
3628
16570
6048
1696
17751
11546
3743
14089
929
4444
3647
6558
11423
741
11671
12010
7750
2959
11199
1783
3528
6202
15771
5794
6938
9118
4244
15773
2417
6347
101
9443
1129
4721
17087
4966
7154
1884
14969
452
1543
17847
3688
6344
3196
2897
17239
6445
4739
12796
9683
4222
11899
6530
16038
9144
17510
17618
14350
2625
6886
7609
7481
2193
1203
11132
14527
4046
15723
12753
2395
13351
12086
15678
11559
14438
7525
16345
372
14120
9703
926
10963
15929
16008
11935
2483
10904
4006
7302
8583
1290
1473
16581
14499
5578
11854
5567
17123
8158
13144
5647
10120
9556
4660
4694
12768
2364
15695
15490
5009
3871
7686
7674
12641
14413
2353
7830
15125
10773
8685
2571
12564
12413
6166
9205
152
12289
12653
15020
14896
2824
4395
9705
8885
8130
13570
10914
5079
2957
9388
9633
2322
5591
3219
2931
2771
10094
15084
11500
785
1107
529
12983
11066
14589
12825
9899
5979
10170
6821
1402
13787
9536
14794
1379
6004
2610
3479
5015
3919
9854
2914
14841
11276
6163
12883
9422
10667
12832
14764
7379
7242
12935
3027
17534
7163
2816
5374
13917
4080
9018
9194
9499
9926
17804
11896
17489
7036
15274
7877
6265
17502
13411
14756
221
14674
3751
3002
17406
11918
1894
4101
1137
4388
964
8154
11827
1084
1112
106
11934
9292
13683
7632
4451
2054
2942
1961
3543
16046
14445
15360
8731
5959
11600
15558
15603
1561
7063
7003
504
5728
8917
8203
15192
14788
7486
8456
14891
15265
74
3919
14737
2978
6492
15962
17623
4495
4731
9298
12985
11504
15167
8702
5569
5021
4856
9788
7725
11572
15080
507
10943
14213
9473
13683
13518
5693
14905
3793
3337
7342
954
2211
1212
5687
16790
8252
4219
12517
4871
5685
2987
11590
9045
9009
12400
17717
14608
5946
10545
10231
16941
13245
2184
15809
14462
2639
15637
12116
7306
17147
2114
17830
556
10809
6177
12254
10278
2844
10354
11660
14598
4328
10833
17715
2273
1629
4540
12371
4236
17749
14530
11847
10410
14598
7302
7096
7168
5845
1203
12892
17092
12008
10490
6671
67
853
6598
11180
8417
10780
9521
856
8748
6477
4127
16763
4601
13256
3656
16859
15344
12096
2531
7943
15092
10554
11934
846
8138
16808
17531
11321
4795
7308
3092
10235
14004
7371
6926
11508
14907
577
17803
15052
12796
11994
12073
14002
13185
1956
12649
14225
14832
10831
1354
9868
8926
12749
13572
15910
10081
10796
9952
15984
308
12413
7588
9424
14147
10208
3293
14218
6006
11166
4485
686
9883
2226
16340
1902
316
2165
5714
11849
1743
4822
16138
13417
16140
13522
14698
5446
15177
5813
9720
4837
12689
7165
13903
1760
5940
3942
4951
4883
8520
7992
11522
15712
7165
10122
14994
15728
4045
10609
9096
4087
5970
16537
17495
3522
9426
3518
15943
14144
4870
6167
7654
13946
6584
10944
2424
16465
715
11699
17151
14722
8676
15395
5943
2968
4741
7012
616
15998
5627
12826
4094
3647
2621
5644
3109
13292
17573
9076
6589
2761
15259
15527
5357
7285
11437
1963
11268
8453
9195
4170
9275
12332
13262
8050
7815
1368
7433
4742
17242
7003
4071
10036
14985
14084
13652
14163
14680
13483
4968
5929
14401
15990
4142
2455
9459
5626
4034
7090
13367
3441
2825
7119
8510
15220
14715
15146
12551
10917
9019
11538
9724
2300
3543
14037
140
8556
16106
12771
11204
2433
1023
6209
9862
15513
5777
13
7547
3900
1133
6969
12612
9737
9673
14582
13612
16142
6814
11150
314
147
12976
4158
7091
14516
4094
11710
17004
9577
15381
13119
17372
6900
3599
16480
17968
12999
2121
15964
15241
17439
12242
11683
11232
1137
10862
12180
329
6415
11275
16148
5525
16294
7676
10013
10449
1176
1584
17222
11324
337
12983
4123
4422
664
15867
9193
788
15444
10841
12456
2257
10904
3427
5701
4574
12748
10766
955
5257
5674
4598
17694
8763
6978
3490
12867
16892
13786
4722
16543
5185
10070
8021
10283
16453
5072
5415
6577
8982
1524
5223
16069
2902
2682
14566
899
7011
10384
1947
4273
4896
1203
8276
608
3121
12491
5303
4517
5222
3297
16807
4942
5647
12989
2242
7843
9086
14192
13735
7483
17273
3578
12725
5112
12382
13865
17630
6512
9954
15824
10698
6409
7602
14415
16792
2624
10011
12421
4575
5093
16404
16222
16595
455
9353
218
13396
5336
2403
17197
5824
17132
8754
2492
4136
2451
2956
9514
7823
6577
9103
4591
3439
16087
12739
12306
16982
3743
14252
12643
4222
13353
4187
2680
4459
2093
3059
3985
9549
9500
4473
3114
3589
14056
16324
4445
16451
12300
6484
7441
14686
2537
4048
307
16654
1359
11207
3247
9299
8756
12728
2651
12232
2884
12317
10848
6369
1317
5058
8934
6322
13701
8804
2459
16538
882
20
11024
17628
10070
2362
11984
3006
5102
10983
4014
13226
17189
15155
4218
11378
10033
8788
14543
1376
9242
3360
16636
4476
7074
8282
4173
6726
9366
10136
13829
7459
1839
9717
1802
2949
11237
14786
11550
9219
5505
10712
2565
11000
5325
9433
11320
7399
12203
580
17412
4972
1471
17270
8479
6557
4457
11966
12442
10735
5107
8409
4428
6901
4339
5836
16736
11155
13277
6929
12892
7730
6137
8248
8924
8700
14524
6350
2668
15270
630
9355
1279
9310
11847
16517
6990
6073
5278
6866
5888
9343
8496
13067
12610
14883
13521
3533
6452
5818
16611
5625
12112
6381
16808
14986
7863
13594
4117
982
1738
7492
7765
10654
6530
5434
5542
16496
1980
6981
8965
8796
11797
3899
4945
14355
3549
14353
11694
5147
1531
17438
9673
17679
2397
5242
8739
2707
298
10517
12876
149
14279
3844
5789
13456
914
16534
12737
4122
2206
14309
13025
5485
10683
4615
891
11075
4785
13284
15918
938
8377
12066
11829
8327
10584
5613
8893
15223
7017
12530
6517
10176
7670
13514
14641
6214
13331
3028
2779
6201
10967
3739
10071
2588
8471
12007
2656
7456
3377
4751
7652
17503
7026
1596
6282
14373
4244
8344
619
3017
17512
8453
4724
12553
6316
8235
6694
7443
16713
6921
16552
3152
7483
6253
1578
7354
7966
15630
6694
831
16001
7526
789
4718
15434
15054
7068
1837
6518
7313
2753
7181
4091
6866
1181
14853
15612
16970
5648
9660
12632
15017
17596
4147
17183
17182
1391
11934
15698
13857
12320
14658
10646
8782
5045
5402
12164
5548
14991
10756
11601
1867
1619
16584
3909
14045
4293
1673
522
4907
1123
2468
1587
1064
12027
1493
358
8674
8314
8569
4200
10724
8770
16478
16067
1065
9143
17415
11318
8940
13399
7420
7385
7595
7492
8094
16412
17305
3263
9527
859
7410
12994
9696
448
16041
13209
17612
4437
16462
13966
13954
9172
13691
15457
5096
11917
15629
13952
10346
14931
976
13848
7898
9459
2419
11608
13682
7858
14507
9343
17061
8930
2756
13794
275
4849
7377
12635
5835
13919
740
16800
539
7369
1066
6543
8098
8743
142
10228
8391
78
12509
11367
7459
3202
2313
3045
4233
204
7687
16073
12165
9300
13348
16726
5874
4044
6084
16851
8982
12040
523
6788
10648
6685
9988
6258
9314
1829
17806
2086
17601
2620
17303
9735
6569
17947
13041
17437
9878
7663
7905
817
3581
15988
5014
3747
32
9539
9990
17543
3409
13285
2820
13438
2846
14355
13022
6044
6842
12220
10291
2603
16141
13314
4850
1884
14337
12881
349
10517
15741
13133
8444
12587
17759
8119
17966
3389
5234
8059
8299
4362
2944
2681
1525
13313
2864
4542
8476
3747
6320
14271
640
13735
17614
5490
16369
3370
15104
1961
5123
17600
5268
9387
12654
3628
9505
14432
16417
14983
16540
16184
10374
14672
9239
9001
15713
2529
7971
1220
11570
170
15575
1219
12474
8013
14233
8049
2650
12389
360
17029
16518
3427
3436
701
5785
10934
5638
8355
9042
9590
11265
16958
8316
1582
16602
11688
12828
1812
12715
10071
4163
12838
4162
13515
339
9970
6817
1907
2943
12273
14655
14540
5947
6418
13436
1478
10050
14831
7857
17589
13046
11310
11350
4529
3057
14182
10413
4986
13627
12636
10459
13821
14021
14313
11479
15051
5649
9929
395
2572
6997
7459
14808
3775
11268
13520
5110
6972
2156
7722
13208
841
4239
11778
11534
8165
11897
3358
16852
12260
6720
16061
15720
1864
4410
9480
17513
1096
14600
13528
17818
11712
15327
5598
2534
84
7015
4530
1214
2290
4061
14123
9742
13187
2963
2103
16333
13598
16727
4409
8563
9754
3585
9469
13573
12509
17126
14088
17227
11301
8842
14656
6979
2370
9202
10901
7439
11151
17528
1244
505
10203
7607
11702
7206
17880
12613
12689
6360
11983
7009
17227
16206
2782
13282
5518
17750
16816
5135
13436
531
4887
12493
1432
15914
2952
11939
2798
9877
2851
9769
6545
13466
413
4623
1600
4806
3724
13530
16387
12387
2302
5769
1768
11257
2886
17878
11828
6049
16213
5463
10792
14116
13601
6836
17938
4226
17908
3780
10541
9614
8276
464
13974
5798
5978
17129
17867
1393
8305
15973
10002
2273
7021
9300
5188
3160
7062
7344
2533
9943
8192
9123
896
754
17095
1252
643
3919
14364
5385
16404
8925
343
7504
12063
4321
8023
4312
7725
9451
8446
2218
5714
17527
4146
13653
13571
7248
785
17287
15618
1055
10132
6119
4600
11649
7134
17359
942
11846
6978
6440
12024
677
11327
10269
3023
10046
10665
7841
13049
2440
15092
13501
9206
13672
4879
1410
5210
6787
6523
3772
16594
11226
15783
8055
14837
4597
7162
683
7673
8155
3339
10979
13566
3212
10688
16796
8795
9073
9154
14057
5619
412
2601
12803
15715
6361
7433
1485
15404
8150
3561
4773
7607
10287
3531
2311
7962
9905
17053
15067
6453
15521
12651
895
249
11253
2303
4336
13094
9839
14839
6865
9839
13803
2240
17406
17133
16590
4340
7563
1532
13869
7678
12709
17238
16352
6502
11930
16762
715
16989
1428
10649
9100
2822
6640
12893
10564
2799
1709
4118
1356
5100
5392
15794
11145
15246
949
6919
4009
4612
11919
10816
16813
13662
17120
14915
15697
14202
15077
5211
14598
14046
15145
17863
17601
17216
15626
3230
12397
5301
568
9357
6635
14804
3273
14606
10730
6454
13369
6646
17585
349
15407
9644
136
7678
6219
10945
9303
3772
1980
15584
4982
10259
5550
15348
10500
12157
4768
15824
4516
15924
6339
2367
16865
11925
12351
13673
17234
13965
2576
13070
12456
17011
11997
14530
1764
7650
16793
12357
7653
3953
6834
11438
11615
3872
8407
947
8136
4433
12967
12760
2477
7921
8084
9185
10177
1490
10135
1590
10309
6902
2253
6002
9090
16026
2430
1111
12051
15724
12766
227
11392
16539
13565
3543
15318
10538
8617
10601
12898
16864
9491
3400
5836
16335
5439
11511
3648
14286
11781
16857
3655
8501
15028
9063
8644
4949
422
3600
17515
882
17519
1054
9068
16079
11247
4033
6957
12868
10487
12090
15045
4573
296
102
10149
7362
11654
8245
12001
6255
13004
14854
16300
12831
16138
16417
12370
12650
1273
6032
15390
6440
6030
3867
6252
832
10205
11502
3305
16770
4821
16041
11270
9198
14953
16405
10716
17407
8895
14622
4601
13223
15169
1649
8
8007
802
16851
14303
12651
2330
8091
3778
9233
10562
5245
1860
3380
6603
9620
11342
14953
15464
3419
10024
8981
9644
9769
17653
14953
10926
5815
13739
9851
9193
9502
17711
2690
9152
9842
15391
15374
7022
8741
17801
7457
16860
5961
1162
16958
16764
10454
15680
14861
9826
17332
14624
9511
9683
13958
17172
6724
2885
7779
16748
14399
14086
12018
8549
5555
10648
8849
16216
12181
12985
15122
14297
16893
5073
13779
17263
9570
8101
1192
3379
12960
1113
10967
5842
15641
10355
8448
7725
6421
4330
17159
5392
6759
1260
6048
16751
12271
31
9061
16315
15269
17647
13735
11092
9912
17318
7391
7641
17939
16250
2287
11884
6984
1825
10202
10273
15341
13519
14540
7764
12688
4064
5959
16505
9719
12177
14188
16655
4744
1480
1666
11166
178
4724
7126
3888
8503
17359
752
10924
17942
15871
1453
4701
12761
9068
1630
9361
10968
3581
1548
6013
10600
11899
10455
1566
4675
9287
11562
10986
3413
5831
3404
3189
5568
8523
6501
7488
7853
6702
7146
17531
11472
4120
168
7371
12054
8448
16682
5143
15886
991
13350
4060
2497
7600
9466
9025
8447
787
5070
2677
13207
241
12982
16739
11731
17289
12551
9095
6302
13289
10467
10923
9427
2968
5891
11899
16179
1296
12096
1831
8498
6410
8653
13110
927
15234
5445
17110
16319
14073
5164
8066
17268
14552
8197
8557
15535
7282
14672
4683
319
4115
2461
6351
10900
11605
9730
12287
4501
12353
11076
3284
11514
6530
10565
14941
8583
13301
5051
13746
12998
8428
12441
13526
13632
11282
6508
16198
17527
10730
13348
13055
10675
5040
10253
11404
8727
14273
6185
188
6239
17030
2683
3618
505
1834
13299
12550
17517
16845
5601
8585
10746
5938
15352
13702
17070
4083
10656
739
2177
3220
2680
14167
17519
16421
14070
2038
11344
17600
3628
14359
10566
3715
2377
5350
13938
16616
169
13238
8068
13359
1707
17918
829
4925
4845
10116
10738
2877
5045
15352
1791
17669
3614
13383
6070
1444
301
415
15843
17368
10160
11522
17901
11772
14802
6324
3563
8110
14141
16671
12592
16654
4140
8182
13684
14210
4364
16214
2737
4294
13983
2504
5351
16321
4380
16211
14380
11236
2166
14702
12148
59
12311
5987
5256
3878
17945
2527
2726
2465
4033
14806
6309
6302
4777
14564
15107
10709
4537
9006
10238
11010
14801
9143
13483
9436
14085
11454
10070
7846
3604
16069
10390
17854
71
2076
15836
2051
6259
2044
9640
10196
17611
13728
14376
16804
14118
12797
15967
14681
14872
450
2413
14867
16607
1930
14592
7194
6589
12014
6311
2944
10780
2136
17887
10405
1699
3667
2812
4026
14916
7246
10710
109
926
14399
1597
15971
13110
16884
14778
6787
5326
7780
3875
16303
15087
13621
13946
10750
11416
3526
15252
17221
13266
204
8593
7108
16623
8187
12285
6604
1839
714
434
10590
7023
7929
8007
5039
1918
12590
3449
3031
15693
14394
4436
6505
9171
11259
5101
10157
2826
2522
10928
6089
1673
13989
17938
3102
17423
3607
1842
2063
1001
6339
14321
10204
2416
2800
16282
15996
12754
6750
12351
2217
283
11815
9266
14453
14464
240
5933
7675
4743
17134
7023
11617
8374
4374
15188
11417
4487
12365
6767
10598
2197
15438
3798
8939
16231
8378
3595
6639
12117
12937
2562
3405
4539
15262
1267
6584
1945
11113
6286
7708
8676
16743
12822
16047
7725
14852
4956
12247
7980
624
14905
53
15257
7118
5767
5582
6758
8041
3773
1195
10636
6818
15557
16598
705
6773
411
629
9203
15194
14132
8835
17492
39
11896
1449
13025
1682
6830
4268
4849
707
17651
3696
1559
8360
8039
5755
3971
3987
12964
1620
13611
17998
651
4714
15201
9695
2477
17248
8578
13046
8035
12246
8059
5331
4282
16947
5463
8852
11086
16606
7609
15228
1474
11980
6931
15408
362
4180
12865
13547
1957
14223
13973
13665
490
14667
7168
16608
3117
8670
10313
9410
15662
7895
15517
2207
15263
1008
11075
8592
5232
2607
10986
3086
17097
15756
15730
15225
9331
4798
11700
596
4947
13198
16543
7662
516
11037
592
11563
1904
10529
10509
13825
139
9898
11470
8143
3532
6275
7576
9383
9448
2389
10808
12461
8156
309
11592
17559
3351
7229
6481
11524
16371
14199
12589
15369
6254
2614
13143
16230
17577
6015
6770
17704
10076
8245
13922
2823
3843
3683
6747
5295
11338
2945
13109
733
4448
4010
12441
17663
2779
12020
8810
654
11832
7518
13202
3175
17517
7048
11992
9044
14461
2620
15371
3450
7222
11018
670
12348
3867
11809
560
11756
11225
8810
6438
4689
9017
16622
6152
3493
1889
16600
14917
7397
10038
17189
3331
14124
10179
5560
935
633
6319
5434
477
9436
5437
9311
1493
10208
7877
5651
8746
1938
12283
851
14352
1903
12649
11048
15065
8988
11310
365
12885
16511
7890
16530
14996
3323
181
15290
15912
1305
17363
12463
16636
9969
10102
4054
5451
5096
12536
4508
9166
3699
4738
16687
8422
6970
2918
9
9282
10648
13926
2119
9053
11263
16928
10889
5736
936
10278
14050
17824
5032
10014
13422
4971
11006
9443
1059
10980
537
1157
2816
8800
9270
1860
16531
4140
16694
14868
8071
2789
8894
12669
6650
12740
8281
5762
3308
14004
7176
3596
13427
2929
13754
14979
16908
17599
6374
17240
9756
6500
16405
8882
3860
1763
13709
13891
11475
9910
3783
7894
12469
17447
15202
2359
11545
955
12145
9502
13041
12859
3119
11114
2290
9473
1923
1495
16460
6795
9982
2267
17539
13359
7697
1986
16075
6540
7996
15540
12146
10712
10417
14032
17400
15915
4839
14376
4778
263
363
3288
8747
7779
3744
15252
2643
2019
791
7069
11474
37
8890
15231
3821
12698
17762
3866
16713
5070
10904
15531
15334
10262
16104
10791
9234
4198
4082
16563
9247
4637
7035
13763
9950
5357
6576
12557
1178
17306
9642
8441
882
13439
9309
13976
15454
6647
1130
3389
16787
6575
7845
12764
6865
12549
705
2926
15545
1500
8566
10894
14796
928
6069
15827
2591
17536
9010
10378
4827
7805
5584
17104
17920
16477
11931
4777
3386
11100
1535
14624
9740
1584
502
15371
14104
17400
1966
4521
13296
7088
120
6491
4711
14563
15917
12269
8017
1310
12299
9936
3769
16685
2653
10277
16961
3588
6073
487
7636
10220
17507
16358
17160
14248
495
8844
12703
17891
16708
12957
2252
14488
2252
11472
2050
15100
11271
5620
15832
8668
17999
14433
9737
14479
16758
9149
1544
7976
6443
9943
6081
7707
15644
10163
13979
15193
4661
11410
5785
6490
10871
11294
4848
6789
13892
9199
802
2943
8631
9949
3481
8366
2592
