225
13173
10017
9454
11418
3066
3552
9603
6058
8359
3892
9986
13413
7625
6213
307
8401
5672
3422
11882
6695
2796
8313
9416
5895
6553
10627
13348
1416
13801
7486
4914
652
3605
3333
4446
13985
5504
11066
6775
12740
11231
2971
10459
193
169
11268
330
2517
8679
5310
105
10420
9015
3652
4102
3831
5219
13126
12835
1165
3657
6038
13089
866
2839
12544
12651
9853
3542
7431
11643
12451
11136
2858
2428
7929
6238
1718
13646
4582
6306
2341
8736
6935
3405
5972
12653
205
2703
866
325
4945
137
7060
9863
11959
9936
10197
11672
2992
81
3531
7746
9945
7163
11669
6540
6337
2221
13568
882
8664
10861
7721
6737
9219
2610
7885
8065
556
8063
11595
12271
359
2877
9483
12870
3871
11235
11993
12778
4926
3285
4025
4384
6875
4614
6126
925
2014
9179
1814
4922
13983
2893
1853
10625
12061
12602
10626
5350
5050
2137
6214
7333
9811
2425
2704
2916
7502
6741
8062
1620
12972
11701
12679
5002
11870
9156
123
6820
8483
11178
3243
9066
6047
4918
773
13075
6120
7257
13672
8241
9594
8513
4006
7866
7467
9856
5175
212
2904
6249
11546
2604
749
1351
11015
10082
2628
9194
11120
5093
5637
2287
5445
9927
2412
9338
13750
9500
2233
13939
1187
13908
9536
2554
1888
12771
1792
6792
9044
13914
9489
1747
5841
11411
2214
1902
1198
11902
7955
11067
7359
12211
10136
7358
11366
12291
10091
11903
1395
11456
8147
8603
1255
8453
13616
10072
5046
12691
4921
563
13499
7706
4317
1320
5157
13168
13483
1517
9759
3921
861
3996
206
4899
10719
4635
10067
5652
4062
1337
2000
6482
4907
11559
10279
5463
4494
5456
5614
13632
4311
10375
11455
4680
7584
7916
7148
8181
5951
3978
13088
10031
1848
560
5664
7640
4254
11913
7744
2125
8714
11931
9218
13735
3556
2393
6057
9118
8478
6261
2363
1163
5697
11798
8005
3560
12655
13265
10969
1671
8263
6231
5763
7372
10662
9387
7241
9575
10219
13598
10352
2498
12515
9721
8891
739
12195
6614
1199
6942
12884
6796
2674
11051
9849
10725
7153
6223
13292
13485
2705
3546
12390
10921
1821
13724
13533
10914
8590
8484
503
4589
4265
8727
9261
2440
8065
13225
13355
11106
12510
6284
7540
6760
11414
3874
11235
360
11015
8672
6732
5012
13990
7105
13632
8532
642
11523
13936
6296
5378
3923
5544
12601
11117
688
8781
7067
4440
7166
1377
4946
9785
7738
5219
2045
7963
6309
9780
6611
2250
8143
307
11864
8942
3329
10955
6620
5525
9974
5074
1857
10809
151
10354
1208
9393
1954
2229
12439
1170
1174
9865
8328
7030
9822
1379
1536
11925
2871
11215
8762
12368
5072
13206
3008
11341
7965
6536
9365
9355
13208
6953
4450
10967
12693
7000
9180
5496
1599
8474
750
6949
2980
1622
969
855
5067
13673
11364
12505
8797
7609
12305
5259
10599
1191
3741
13765
8794
5198
12803
9673
12653
11864
9663
8993
3152
3103
3498
10152
3261
7904
13303
4244
13933
5596
8504
4369
181
8169
3166
10217
6907
3062
4811
2495
4472
2347
1077
10636
12524
12094
11674
5408
6153
13762
571
602
3069
1370
8198
7459
12703
4620
12548
8004
6981
3728
2475
5064
2464
12039
12497
10044
6197
2169
5502
7026
13896
3543
5500
501
11495
13455
766
327
5536
8301
9338
6086
10512
13854
52
5982
7337
8976
1785
3224
8207
3510
11845
6655
3808
392
6897
547
12654
6951
12796
3462
7130
13917
13413
8932
1198
6659
354
609
13990
13564
5840
2250
2876
13951
6680
9453
5072
6418
2458
7796
4672
1025
10457
7404
8137
8366
10115
2676
6970
195
5083
7825
6978
4387
5268
78
13142
878
4252
10065
10240
1107
5602
9769
9606
13359
4790
11251
2534
8052
10988
3052
8396
5014
7901
11681
4784
6574
330
658
4367
1025
653
4693
5028
12171
10494
5766
8402
2357
2654
12684
10177
12294
13460
12007
13938
549
10258
4037
145
9756
6371
7941
2646
13288
9379
11891
824
2381
13835
2561
8367
13239
6263
11942
1188
8987
9638
10448
10519
1083
12542
4454
5884
12585
3017
2200
9156
9475
5983
5400
8563
4444
13554
10305
12019
11580
1344
6469
5013
12173
13065
8486
5631
7638
10861
13594
13862
3317
10960
6977
505
6437
2766
1922
8231
176
12405
1521
11759
3453
2179
8413
10114
13562
7581
743
7527
3813
2712
1293
4667
13716
10792
8899
13090
2420
9827
4355
3535
13999
8705
2700
8827
10247
563
2038
9798
4703
12669
12549
4775
6584
6896
811
4513
12808
13512
12264
4533
5032
4671
4221
13326
5604
2557
6591
6845
2741
5901
10870
10289
11883
413
10037
4690
1284
9697
8964
8427
2778
4452
6808
6354
5496
524
13877
7109
1196
13816
2778
2882
5400
6905
586
306
6691
12427
10299
420
5981
1455
11255
34
13759
11910
8192
6882
13872
860
4993
4651
8885
10478
1135
1906
13120
4985
9134
10720
1049
13889
11840
1633
11690
11098
13576
8908
10131
4887
12797
13850
5246
11917
10506
5253
7758
13346
12882
11790
4880
12632
5264
907
8388
11408
11853
11755
13845
10092
3819
10104
2866
5286
10574
344
9713
2630
1210
7231
8122
8996
10280
116
1631
6778
2082
11742
3019
6549
4253
10171
7176
2120
8343
5454
9323
6413
12262
10595
12810
6713
2736
1551
2893
7435
1641
10249
11426
1553
918
7870
4187
13142
336
1238
6946
3052
6660
8945
1084
11186
10120
7437
1355
8034
10360
12552
6302
5962
62
428
12355
3092
2416
4635
13549
13876
1187
9992
2736
6222
3998
8576
10633
11714
1929
5363
5451
8181
13524
10275
5652
141
84
11992
11918
9321
12440
10045
3425
9322
186
4378
4838
4577
4849
6863
2918
1463
2962
9258
9280
339
13927
5206
12378
11
11016
12336
13343
11531
4422
13606
5719
8395
4039
10255
7972
13184
9211
9921
1320
9441
6525
10595
11780
7908
11749
3887
10284
12085
3946
9651
6902
2866
9365
4821
5233
3206
7120
13089
11714
6384
8893
7424
8617
9119
2388
918
9666
9132
12596
6968
6119
324
587
3705
12451
12449
8737
10496
594
13588
8734
4423
6101
5601
2651
6833
13985
13638
11894
8569
1863
13225
287
772
654
13982
2047
7187
4443
12402
6937
5239
3507
5543
2697
12016
887
8907
6664
3876
13214
631
5202
5801
10129
7154
13598
2063
4096
9824
11340
7197
6546
8474
6190
8038
7785
6315
7341
5415
11508
4244
8444
11201
478
9356
1657
8045
2708
3720
12128
10017
8547
8499
10682
3517
3279
810
7474
2674
3793
151
6264
5856
5336
2263
6383
6842
2352
1434
3745
11273
6448
10407
13986
3513
7213
153
11185
3956
5660
5034
1019
1305
7061
11563
2954
11289
5779
9037
283
10366
7784
9807
9437
11656
6989
9556
7189
7221
4438
8880
6047
2651
9380
5535
13151
10437
2085
4850
7637
329
550
471
4206
2338
12072
2579
1399
3439
8864
2815
11885
12983
11353
1581
9808
7687
11092
11013
1718
11801
1295
5456
4891
98
5828
6832
13750
6457
10072
6314
7559
4783
2484
3553
1773
5039
8688
5456
8372
9476
9755
6676
13115
2433
4087
10244
11684
6849
3426
6606
2260
11036
12207
5247
4794
5762
5011
2926
6493
2999
11835
10101
3837
6283
2970
3197
7516
13285
8161
9094
7094
12923
10231
1152
5098
9489
12456
9512
9757
9563
1786
13570
3988
11313
8490
2320
9359
9038
869
8236
12150
10964
10083
3864
8363
1
3165
8351
7406
134
1343
3639
12351
7529
2745
7158
10446
25
8367
1294
5231
10953
8577
4055
2458
7884
8453
4167
1278
7195
2015
10432
6597
6645
6242
5718
4003
2100
8433
4395
12072
1384
12606
633
9717
1714
12260
508
8411
1551
3168
12698
6975
7087
11034
13567
297
321
3842
13129
3868
10589
7733
8204
5536
269
12782
6227
13691
6489
1705
1861
7134
1965
12163
2512
6043
1225
6445
6468
10277
13046
11039
5438
13056
4704
3994
2767
5463
5380
12438
553
13276
1559
11482
3430
10250
13712
1945
10516
8806
10195
745
3521
13204
11259
3200
9535
8950
12867
12183
4212
9647
3938
2768
9712
3782
2577
4292
540
8086
7209
11893
348
13170
1086
5506
592
1990
9298
617
8237
3736
10599
8326
4595
9501
5605
8474
5594
8057
1476
13975
142
7326
4599
7976
13060
5941
10597
9581
4392
8667
501
4067
7397
8802
2085
1778
11295
7401
583
4305
13201
3734
9049
9604
5342
10079
9599
9605
9446
12152
3040
2289
6279
5686
6345
3961
8045
13970
13441
7608
8504
2730
12987
12260
1240
3553
3857
1454
5688
4454
2596
10772
8740
9539
1277
4294
12888
7068
1070
181
7190
4103
9066
3575
4003
13499
5549
11464
575
6544
537
12970
10272
12470
8991
8589
11674
6962
10598
9609
7085
3299
3819
1624
5674
355
6550
9809
13427
3721
12724
12383
3919
5819
9558
7296
6022
384
294
1641
3743
6451
12865
10919
4500
12052
6917
7904
2926
13609
12824
9656
10339
1858
3154
2480
2600
10298
13625
13304
9908
10585
1111
8245
6740
23
4186
1550
1348
778
12695
6544
1952
11312
6156
9810
5271
5656
8737
6914
3145
2523
2858
814
1405
6232
6748
8623
6194
11789
10841
816
2672
5474
4378
796
2857
8063
13704
6181
6625
12573
8342
9985
8215
1450
5999
13087
5343
6934
5879
11144
4590
10155
7473
7376
1585
11369
13565
6075
1130
63
10203
3420
3577
7158
753
6537
4307
9959
9812
138
97
8573
12806
1793
1495
5909
13693
19
7103
10402
4652
9444
11137
11997
3056
433
8626
1129
9065
5895
3671
13092
659
6129
8612
3322
768
1902
7525
244
9492
8433
1463
13918
3052
13746
2052
7621
5179
13266
698
11999
5475
3996
7655
7173
7228
13878
1667
4155
7029
4967
12266
4513
5476
9458
12693
12482
12555
13201
8979
10153
1305
9581
12617
1379
12378
3721
5651
10015
7437
11903
8438
4178
13760
6210
1764
392
11929
2035
5754
10421
3955
5790
9481
7257
11299
8788
12831
6401
1943
13588
6578
9626
13482
12291
25
10977
614
13051
711
4070
10294
5519
2005
863
5911
9420
2986
12265
13307
13210
6777
8649
5625
5330
2824
11712
7172
10987
2792
5645
6566
3277
12310
7996
4313
10518
3997
5356
13139
12794
7973
9982
6779
7877
11004
2698
8716
876
13935
5708
8133
9714
342
8523
13162
12406
3001
11418
1370
5530
3987
6680
10190
8782
11490
3074
91
3531
4295
12296
2804
3932
11456
13404
8880
1302
11615
9942
11635
3128
1831
12117
3963
9661
9299
833
3498
5198
6851
11884
6314
5237
11043
8135
7170
6589
7594
11056
5604
2933
11580
1464
11632
4355
8988
2403
776
7813
3170
9529
7425
5058
8053
5625
179
2191
7429
3229
13693
1294
7351
5273
344
449
7854
2941
4406
1964
3106
11994
12519
6697
144
1585
11624
11300
11918
10055
2552
3559
7305
5413
936
10656
3437
779
6415
9661
10624
13093
951
682
11355
6581
4760
9874
1222
6816
7214
3249
1247
7493
13033
13322
8583
3863
10193
11764
5097
12940
4788
3183
13624
2271
11918
5445
4196
12768
7284
6875
12920
4954
5901
7622
11939
629
9837
1931
7121
12514
206
10719
9365
5508
10942
11133
8357
4990
3888
6006
8162
11031
3983
2434
6291
11306
214
12644
3581
1546
4021
6012
6977
13619
8513
182
4594
876
8347
10192
2897
8056
12923
1961
8151
10667
5257
6757
13694
2522
4711
11501
11564
6427
2510
12579
8077
5996
5556
10995
3932
9215
10183
7301
6815
7955
13881
5710
12732
8830
5576
12246
2555
4150
7176
11845
11449
159
4911
4151
2325
13854
636
6575
1420
6652
5157
3191
7452
6647
5052
197
2006
8114
2622
3961
53
4381
4504
10083
2454
11871
10262
12305
2819
8287
9961
2406
13552
4083
7875
1046
8512
847
5538
8478
1940
1519
5735
1441
6418
12544
1731
12589
3743
9704
9453
1965
2297
1862
4562
12423
10387
4836
8857
12660
8381
2745
1858
6496
11199
13019
7018
9351
10066
5345
2845
12448
5387
12423
3577
2342
4933
6907
11259
577
4426
2404
4601
10068
13965
4114
7867
1951
3383
13312
4710
11812
11933
13606
1815
4775
3882
12763
7672
10862
5438
6824
6610
7320
9474
3208
11615
1050
13943
4491
10890
10644
7355
1146
11798
4178
1143
4260
10984
8415
1991
11287
4801
8740
13270
6043
1068
222
6038
2168
7233
4094
2681
6455
9475
3658
7376
9702
6940
11504
2541
6837
2819
986
8486
12718
7399
7293
4761
5058
12379
1243
8246
3214
4814
9625
5294
13452
6037
5163
9542
12725
13528
1371
3416
5652
3238
1849
10822
10118
9541
8668
9387
1678
11770
12695
10880
6117
9953
3191
4392
3454
6266
9464
665
8183
10112
2694
12135
13772
8119
2177
3503
3974
10274
4459
8205
13505
190
715
11434
5995
5518
3348
13061
5639
4403
6895
12301
6802
8696
11684
6488
4477
2248
10328
2019
1352
13052
13648
13959
1440
11749
1044
2244
5472
834
2543
4461
7171
5407
10787
12223
6137
938
5417
6223
13943
5539
374
6735
10553
5391
4809
8877
2867
6361
480
2425
11941
326
7563
5056
636
8659
12632
1753
2341
6829
13837
1292
8557
6285
12933
5082
500
10414
13873
11645
13265
10204
1296
4477
11582
1803
9161
8651
5571
2385
3829
6286
11424
13329
9482
12967
8164
5109
11537
2211
11755
1639
11417
3934
5733
10444
2821
10686
4129
13613
2000
13923
11128
7556
11281
12952
12950
13104
8697
7014
7986
12788
3721
6070
5599
8690
8673
4193
9868
9311
5059
7222
4982
12163
4310
11478
10509
5344
3431
5552
227
2957
9945
12596
1521
1918
10509
1878
6884
2321
4157
9281
468
10295
4418
9942
7654
7356
9685
4816
7847
886
2946
5700
488
5830
4713
11130
4634
10734
13183
6098
1151
2080
9937
2486
12688
5694
10136
5867
13644
3427
4824
7266
2941
13324
10626
6817
3591
10181
3658
12185
12042
2396
12882
12947
727
13396
4581
9756
1920
585
7633
699
7015
298
13035
13771
2792
1400
10550
3241
3459
3705
8334
9036
5665
10873
2575
13275
11128
10782
547
12911
4025
2567
3912
9431
7271
7105
10335
9378
866
917
3729
9421
10337
4080
13228
8712
13518
1568
12363
1367
540
6056
13284
354
1859
10913
11147
953
6828
6670
8084
6648
9512
11098
12326
4403
10922
640
11066
5950
629
3574
7747
7068
2528
8870
2231
7058
6375
6826
3819
13590
13227
6100
8350
11385
6137
712
316
12495
4231
8695
7522
167
8379
4697
10417
5931
7590
3381
3915
4918
5485
6128
12155
7788
889
11680
7409
8315
5748
7739
11531
10940
11508
7697
12927
1190
2085
6659
1172
12111
3998
13006
4001
10992
9397
1304
3581
4708
9374
9158
3654
1228
6174
9623
11437
4274
8399
12513
2510
5544
13964
5526
5405
7789
76
3026
7452
1483
10363
724
4073
9280
13508
12390
292
2742
3531
13051
4174
2385
822
8245
3678
9413
9724
12672
10845
9122
1190
3022
3281
5069
386
13359
8998
1564
10294
4140
7944
5725
11601
7841
6270
11635
8477
13061
4688
11086
9489
3303
5945
9223
6755
13622
7671
5541
1114
12573
11535
13598
3394
3402
12622
10766
2873
10314
8426
12189
7222
1794
13768
12288
12505
7324
9302
894
2621
4940
856
1997
13354
3374
752
7561
3848
12479
10214
2656
10942
2788
11911
9405
4264
11594
10250
4046
9286
10603
7294
4516
12385
10202
13727
248
4424
11563
1991
2084
1449
13634
9729
8965
2364
3094
5512
10235
8489
9154
13822
6314
1978
12248
3130
5600
3146
354
13433
13107
11693
10742
4868
3190
5945
3669
1970
4200
1362
7233
10484
12154
5636
13193
8174
7819
1353
13154
9782
6482
13690
10739
9877
5606
8914
445
5978
1821
4015
2757
5534
592
8625
13200
9586
12743
13797
7274
580
13110
907
946
9793
9779
8642
2678
1940
2963
166
4966
1676
6193
3328
2344
9980
5466
1468
10231
5804
6424
680
6632
13389
3224
4280
5372
6266
12826
11126
9995
6090
2421
966
6131
7201
4660
2856
460
5142
2753
87
7943
9968
6476
846
7267
2617
3273
6906
4987
2229
3155
4267
5535
13323
3024
3636
2926
8418
2547
2770
11437
2455
3608
2601
3414
6458
4368
3625
10672
12265
1593
6655
5575
6756
2456
4008
10472
11888
5222
7585
10796
8551
10997
9723
12078
3980
7917
8298
5898
492
10199
9340
11347
2768
12997
2070
13281
10079
6107
5577
6342
8000
1391
11732
11068
7006
8729
99
268
5668
1574
1429
6749
9479
9103
10828
9672
7107
8849
6366
1956
8174
6425
12376
11074
12136
8014
10033
7895
2900
3658
5068
5377
7824
5862
10296
7048
6320
9650
354
2115
12186
11550
8250
5796
8186
12807
3059
10977
3029
1377
13731
9728
6026
7725
4682
9838
7188
8360
13616
6716
13277
6177
7511
12646
5485
3492
9328
7313
7936
11095
1785
1921
501
13696
7252
7828
13698
12257
2594
11247
13717
11281
238
5651
2934
5640
13687
7274
13448
8503
805
11284
3054
658
2461
1737
42
7915
13535
6298
9232
2700
7405
11481
7994
1905
7302
2369
2789
8575
9664
132
10440
7941
12195
4399
1972
11918
10338
3628
6743
2959
12293
13683
6955
3075
12306
11981
763
11089
3163
4808
3478
12294
9024
10928
5276
11477
8277
1280
4197
8776
3550
10852
3825
1281
11174
2026
11706
1825
11615
917
12374
8900
6484
5934
856
5880
11659
7047
9222
6936
11238
2541
12613
7257
4808
3434
5648
9552
4357
2819
13944
9965
3586
7605
5797
3401
9627
7031
395
2391
12579
6108
9960
13914
8294
8007
8889
7363
7387
11499
60
11781
5605
4638
1504
440
1161
3290
3737
11941
617
304
8384
2660
47
4441
7815
5200
2437
2250
4922
4436
6849
8195
8625
9077
4527
6532
11314
9851
9014
7036
8739
1260
8508
2784
4301
12663
3957
7413
7516
13258
7815
3082
8947
11265
13849
7444
2396
8396
5529
11511
6509
6475
11805
12350
7878
9416
3282
7656
2871
6097
4816
13423
6063
11073
143
9862
6255
2347
12466
5982
12077
8162
8465
9973
372
1543
11572
2972
13752
9343
3931
7811
679
2176
220
6931
13995
10985
11348
3063
9308
12651
12750
13672
8147
11752
12465
7876
5290
6439
12259
7338
13614
6016
60
9029
3926
5738
10213
3779
13726
12143
9727
11776
12604
10392
2720
4004
11155
5322
11977
5685
6742
12349
13907
13210
6836
5733
7911
8830
11985
6703
3164
8365
3766
6314
8635
1646
6015
1375
5855
2733
5778
12846
5817
12724
10816
13926
11871
6869
1507
5825
3476
11623
10135
12250
4323
250
8245
6092
10245
1816
3418
5784
12210
5243
3783
9506
5236
2869
6578
12425
5607
9952
4857
12001
6380
7170
3350
8991
3549
10620
8318
2672
7355
1871
8612
8822
2147
6844
6587
1472
4799
6247
12360
12149
6904
6631
8486
6013
10857
5117
1586
9564
3215
1870
4263
2652
5981
6174
8036
1046
2284
1579
3129
11196
688
13091
5185
9158
4213
11731
6713
11735
6840
5630
3279
13643
10322
9462
8646
6879
7807
13273
9461
11613
5357
91
159
5027
12080
4252
141
9919
6034
13430
695
7753
408
4886
12483
5789
3743
2340
11460
10611
9445
1856
2515
8621
3957
11979
11131
11548
8138
1199
1694
5728
13140
1820
9317
12922
12537
12657
11701
5423
2786
6099
9453
8795
2390
9532
7020
1295
7573
2115
8895
7562
3386
12851
9384
13215
11188
4331
2202
4808
4734
10546
11153
10519
6041
1477
7919
6069
1931
1631
9744
953
11185
10740
4847
8502
3408
4809
10881
8641
12729
12755
10831
10638
635
9674
8034
4902
5219
7002
327
4743
1342
2055
11778
296
2703
1434
174
9479
10411
13740
9826
12306
11698
3837
7344
1150
8232
12337
8407
4823
8081
11081
1368
5716
6716
7930
2005
12662
13526
907
9205
797
2447
5984
11717
8935
9706
6286
6121
13494
3117
2651
3647
813
10393
6931
6612
10743
8547
12665
13360
9891
10625
5160
12573
6864
5952
1205
13893
2497
12530
4276
6201
1310
8677
10659
7150
11447
10126
12118
7825
6453
2725
5328
12811
10878
11610
10986
9680
9380
12661
2804
4034
4828
11067
6005
12194
13542
13228
2833
9350
5085
6666
7894
2390
6349
8388
5218
10497
1436
3136
6725
12653
7703
7271
12991
3595
4074
9353
10038
3368
13355
12786
9573
2959
9603
6069
1588
11580
10938
164
6496
7148
12302
6850
8328
2369
2240
5039
6243
7426
12939
915
1537
222
8897
8502
9004
12801
5508
11115
8186
1535
10462
8413
11746
13021
10686
11298
4777
3615
4080
7564
6920
9340
12007
4526
2428
8621
12105
8972
13641
6597
12743
12843
6955
4203
1144
8695
13531
6162
289
6067
219
10009
13395
555
4350
174
12976
5254
7479
10750
1435
1352
2588
1704
764
7811
2998
943
1629
8029
3944
7982
6869
6300
8938
7798
8446
13518
10769
1938
11908
502
5228
92
7164
8784
6958
10104
10814
8278
1523
2590
9585
13355
7840
12661
6930
11924
13292
13595
13184
7
4037
3201
7512
619
13104
13235
12888
79
1185
6709
4129
3879
9155
11625
6142
12784
2244
2302
4139
9845
9040
4738
12196
10058
5577
1639
13916
9014
13584
8340
4007
8877
10066
9266
7924
12955
3618
11783
9274
10301
8799
2016
11149
3418
434
12646
9485
5055
3942
1971
4668
7399
10067
2847
554
11017
1465
1907
527
1323
11766
7918
13204
7317
421
3989
2222
1296
10659
9525
2584
10430
7823
4837
443
5651
1405
9303
9229
480
5302
8525
6260
5472
10576
11816
11093
5244
10054
10747
4062
8345
2724
11406
9163
11825
13905
3023
5369
13743
6776
10610
12869
9044
12821
9033
3056
12982
3641
703
9714
4936
11546
6975
2615
3173
3371
8306
1658
13382
8259
10564
1197
2019
6668
13176
10738
2038
554
7522
10441
5531
12661
258
3095
9315
11045
3457
10815
5336
3274
11683
6032
13227
1637
7788
4922
13481
13783
10048
4541
9724
9940
4275
5745
13566
5666
4463
7068
2984
1188
12483
9827
9720
2862
13704
769
129
2292
9135
5341
3628
4003
3798
11450
12413
8284
3290
1648
10560
4569
6359
4355
4962
5501
13626
5373
13420
1132
11943
6461
9882
1603
5830
12539
8922
6918
12681
630
6384
2581
11128
9388
13271
9994
4237
10566
3297
321
10412
1710
4415
12788
3674
13037
1836
11042
13103
8501
11043
13388
11845
1576
5890
5020
9824
980
6118
4194
3352
13259
4870
7596
4049
11171
8443
4800
7772
3430
11420
4970
4454
2951
13673
10237
414
10642
6702
8072
13108
9438
295
7718
4029
3891
3442
8833
13331
2066
7087
2021
377
7317
2612
1117
1308
12419
7918
5708
7702
4352
3266
1065
6732
1999
7362
8920
2518
13253
1403
10177
1551
3708
5866
3328
13826
9408
12431
12904
7716
11337
4410
10836
13729
10182
7857
9100
8383
4482
13427
10816
6063
374
3863
2980
50
5675
4574
552
5591
10090
6824
7203
1778
13378
6690
1131
1849
1300
3036
3092
11592
3055
601
9091
5748
6691
10464
8045
1805
7812
9695
1297
13772
13133
2303
6702
5244
8478
8786
6034
12789
10340
10633
11793
5379
1396
11106
11982
2741
5443
10687
11161
5073
12357
5762
7397
7541
2512
4580
11829
1001
13372
3717
1570
13568
13689
1709
3067
6366
8333
8513
3786
6259
1177
5058
12383
148
13110
1247
11739
6363
9585
138
13915
13717
7521
2840
6911
6217
7265
3906
6006
9849
13550
11241
6776
12417
7326
8662
4688
11772
12059
13343
403
9957
555
10502
4913
235
6445
7995
5111
11918
4466
3922
12367
3014
1334
8687
373
7924
8042
1598
12342
4143
5935
9663
9223
11296
6144
590
3439
8314
396
7601
2882
2144
8143
1658
5339
2139
10669
7292
1766
7459
7754
8747
7655
1642
7993
3212
8906
10776
11374
10748
10456
3137
706
3660
7538
4099
5507
3449
10702
5084
2517
8074
2811
4200
8090
5234
8050
7015
11465
9830
6619
5037
3341
2953
7353
8788
5101
5026
11827
9612
9379
1631
288
1218
8076
1235
334
2510
5691
2074
11695
8854
11274
11166
10833
6640
2158
8050
13065
1189
5
5387
1099
11825
1567
9343
10056
7639
4726
13301
7748
7314
10572
13180
3794
12022
10047
11320
11391
11860
10332
10583
5976
7532
1693
8561
11321
3341
8816
9694
3859
9784
12806
2561
5177
4291
13283
8722
8824
10025
1097
10602
13152
12558
4508
2503
8051
2208
13634
1919
3240
2506
1017
9682
3084
9794
12324
6200
11783
8258
5284
8137
2678
9044
7343
11483
1547
4454
13551
4326
7149
6492
1817
11092
3452
6853
168
1236
9349
7670
6279
12621
13918
10771
10904
10736
9184
10252
12547
2598
10958
6116
6941
3912
230
4476
5620
6526
10930
10862
1749
13087
10827
7318
13483
8903
12684
8683
261
870
1534
6587
3906
4597
11285
4228
5899
1684
3670
12687
5661
9647
6227
7238
12881
9711
9221
13094
3866
7756
1173
7632
2875
8608
9655
4474
6946
7639
9571
10835
8581
5859
3089
8787
8359
4972
10992
3488
13575
8180
4772
5869
8182
408
2186
13645
7283
13842
12520
10181
2052
8619
10646
1504
8995
7215
3139
12412
8387
5097
2230
12369
3757
12637
2930
11490
12059
12324
9076
5980
5168
7058
5356
7099
10451
7027
6886
940
2694
7940
13396
2637
10487
1183
3082
5089
4722
2414
5813
12399
8848
656
5704
9290
10753
10185
4725
8652
5330
12675
3957
7883
1082
3843
6436
3277
9079
11894
12412
10872
13504
12059
2716
3666
9174
90
13540
12951
13436
8193
9728
4249
8656
4240
9215
8338
13701
6394
7327
3861
1422
2732
3894
4754
11593
8938
13583
9448
11430
4437
5487
3332
12483
10953
10244
3688
3061
3842
5929
5991
5045
6158
10552
11725
8757
10061
10573
10652
13789
8438
11842
9665
4806
4436
13372
9716
13761
12685
10337
11822
12997
6338
8405
2917
10692
4098
11600
10595
13593
8890
6717
13733
9329
7367
497
3695
13411
6172
13030
8909
940
8127
8708
7508
3019
6173
3419
6822
8726
1566
11823
13333
13031
5107
4112
2095
12231
1148
13540
8471
8742
7782
6772
7028
580
8370
7440
723
11582
4800
8703
10696
12088
12090
10696
802
7923
1421
7670
12796
380
10930
3227
7551
4385
9116
13268
5877
592
12873
8325
2120
7918
3051
705
4185
3713
65
1927
4701
1083
5198
9948
12754
13939
4475
3682
4959
9090
9112
2962
9241
9958
4509
6155
6897
11830
7583
4390
7339
8547
10255
2165
9002
10903
11388
11160
12231
9902
6984
7788
2865
8829
6216
11681
5230
6099
4229
13350
2095
13658
11888
8370
6881
1418
13507
12066
7920
5643
5682
7978
9110
10004
2592
1114
10977
9893
509
1071
8307
9805
7997
9106
3907
10441
1156
8465
11745
2218
4206
1304
4102
10450
3035
7372
12617
1082
6375
1588
8398
7443
9048
1492
1242
1159
3168
11623
3106
379
10419
9224
3472
13028
6610
1021
13767
13010
4933
11601
9454
3149
488
5004
12856
9003
10124
12210
7909
12668
7566
9509
12225
2818
5653
13831
10218
9376
997
5360
6607
11389
13248
4487
13251
11877
6924
7729
9281
1453
7520
5572
122
13297
13656
10631
4218
12891
12616
2088
10088
13634
7324
13049
8924
797
10030
4440
3883
10786
4945
9177
1229
11968
7258
418
12224
5701
8831
10659
7397
9437
9464
6847
936
3560
3697
6012
11982
9702
3601
2995
7831
5153
13749
12996
4130
12103
4966
8266
12800
4547
7113
3446
4720
11255
8709
9227
12538
12472
1935
9013
11543
3190
5809
2630
2813
8663
5785
9775
1033
4255
3965
13927
10965
573
7901
13995
12601
1909
1553
10514
11053
6405
4593
1548
9469
13623
13779
6599
9173
2
6351
4861
2492
13997
1967
8429
12093
8945
7586
8324
8815
10
6336
4744
10199
12442
13175
4529
2868
1834
3891
6084
7608
10110
13309
3373
6838
2243
11994
4697
10534
10055
6468
8222
8038
6757
695
10871
11483
13132
6385
10927
341
8764
2748
1257
5776
156
7368
2170
10438
3274
17
7508
11570
5296
2704
9279
8672
1711
12061
11542
865
3627
2530
11532
13994
2531
12683
3225
6283
9563
6202
6388
7405
13256
10215
2063
3941
7447
3124
1466
10053
330
318
2037
6722
13920
4511
757
11200
1680
7217
4354
13737
1106
11181
7755
11516
6778
8946
1334
1026
11697
4961
184
2524
6514
7076
957
13849
734
5311
6389
948
8173
3230
1947
5017
4946
11070
9555
4344
1913
12025
5136
7378
9615
9593
3039
4353
2190
9757
9795
9172
13140
6601
11070
11303
10015
5943
2280
177
615
12668
9887
8007
7960
6534
1628
1342
2394
13857
12574
13310
13519
13881
12821
4129
6296
11497
2444
3355
13796
12466
9604
13092
10822
1111
8154
4352
11746
9797
6772
12880
13156
256
4829
5330
7182
10057
6122
9123
5052
140
6392
10756
4900
1845
11540
1850
3343
8098
13495
3615
8415
8196
11452
10647
2989
9983
13664
11757
11552
13489
8132
6651
4795
11823
513
7688
9155
6091
2586
13084
3435
13026
3687
8432
4239
11586
4979
6992
5706
3240
13523
2402
3348
12599
8272
11104
651
5941
5604
9328
4156
9103
2094
5526
7742
12749
10225
9103
12060
11920
2831
9678
61
4104
12333
8436
12930
6242
2740
10088
11947
863
2004
9366
4694
1040
3652
10004
6661
12556
9754
2815
2874
12500
12067
8836
12066
6542
8592
11546
2060
1709
2670
12893
10613
13010
5824
12662
3665
7052
8203
11381
9175
12362
1742
11665
13017
2753
10443
3606
9775
6618
6135
253
12175
8403
8490
9609
8155
8389
12098
11821
7384
4037
8939
11148
8646
4884
5411
13512
4176
5777
11933
13100
3378
719
117
10997
8658
4273
9834
4043
12349
11553
3997
2157
3647
11632
10277
3482
1262
11911
13996
3276
4963
2316
10377
2511
4614
7329
6171
10080
7749
13591
3982
7760
12992
3456
11165
13096
7796
6529
373
406
10787
13846
3170
10213
1628
5455
13960
6187
11260
10488
9072
2283
5905
7095
5597
13355
8071
7038
5722
11265
8561
721
12562
646
13301
3553
1851
11004
8500
12871
4991
6428
5844
4860
13449
13320
12013
5733
6361
8959
3436
6860
11876
5550
4119
2185
5739
276
3134
9327
12517
9870
2858
12659
2684
4305
5829
952
9170
11991
6373
1814
1501
11152
7110
8361
7638
5561
8483
9365
4346
7226
5409
7878
4923
12314
11064
3846
12678
8269
12191
7928
1265
3997
12019
10658
10225
7238
13027
2839
2261
6603
12763
9298
13331
1255
2636
1679
3581
11998
1444
51
9184
13570
9215
4124
1641
7249
4361
5330
8627
13707
2974
7213
3441
10593
10737
5504
884
121
8197
10403
6298
13710
4091
7439
9268
13300
2969
8931
195
2026
7923
3891
5758
5848
7881
7504
5426
13560
173
11778
8118
5217
239
4801
5881
7118
4983
6404
7883
5165
10590
4960
7509
1091
2937
2322
6021
10940
578
4456
5786
11857
3333
10650
1065
3010
1621
13942
8138
659
1801
4937
7490
13476
5046
5417
1869
10663
7321
1487
423
310
1857
13026
8552
9901
3991
750
970
9811
1212
8916
12136
3974
6333
4267
3701
9476
1349
6644
13173
6742
2047
8827
1116
1847
4758
5721
13377
6482
9532
2023
12543
3017
10147
1453
13736
5986
6603
9688
5382
9964
9817
1481
5808
3247
8016
13978
6869
1681
1822
6092
8104
8885
6150
1229
11480
5231
1589
2629
13434
5266
8467
959
4613
5370
11561
4932
10010
1285
13833
5490
12638
12347
5342
4444
3926
8239
1841
8684
4142
14
13028
10980
6358
1221
7071
465
2473
2815
1510
9888
6939
3003
2163
13515
6046
10892
8533
8268
961
3866
564
10754
13750
5525
1391
10401
11774
11546
11892
8868
612
1855
268
6110
818
7928
8417
7661
4068
11980
2412
4864
2327
13009
13647
5055
5597
10083
1820
10313
12945
3460
10256
3787
12593
9390
9872
10908
508
612
3182
10934
10810
8711
13784
12398
6706
11827
13709
6997
8204
12217
13580
2391
372
10760
10652
2416
2167
1093
10946
3486
8350
8681
3570
10050
2548
4169
10277
11120
4213
401
9922
10278
4725
12458
13308
13146
11082
3563
11641
8731
12295
3739
6875
4730
7957
12196
9852
9457
3552
4739
11530
6497
12972
924
2685
12218
6035
11019
4529
11203
1900
12549
7365
425
8216
7565
398
4884
1036
3906
12632
11173
10646
2805
4411
11052
6751
3897
6646
4663
13340
2451
8858
2996
4656
11473
5269
12327
7921
5319
12762
12311
8149
12836
7274
12066
7545
6883
5921
10017
8045
12542
1711
6935
7504
7148
13009
6323
4740
9771
11115
4244
11166
3257
9973
11196
2988
13884
4015
3725
9715
10498
4434
11104
10563
1026
7653
645
2057
369
10745
12741
770
4321
7409
259
711
12004
1489
11601
12778
12446
12466
2958
9466
2856
2238
7197
5782
1809
1711
12049
9036
4319
8015
1428
11997
5731
10587
9959
9695
4779
13689
3940
4014
5057
7331
10751
2880
9296
10031
12907
1635
7766
13884
1240
5014
1173
2203
12202
2497
6212
13639
2694
2817
12883
4835
13333
11348
7884
8223
11947
6301
2180
13751
65
7669
6672
12920
13822
2351
13781
6494
9396
309
10104
10815
11463
6580
7156
6686
7337
6801
13673
10462
13568
3190
6497
12099
9048
9485
2751
8502
4149
4104
1793
9813
11697
8747
10708
7364
4132
5543
11046
228
4802
4003
5366
10718
8046
2217
10295
4525
12348
13018
10436
4309
7155
12399
13726
1347
753
11629
10449
13507
12649
3652
13349
13576
8792
6468
11071
5756
1622
749
5303
10116
11479
7841
2581
13646
97
776
12805
3482
2504
10880
9081
10290
10676
12287
13086
1144
708
10023
1942
6154
10444
1860
7188
10916
4554
13141
7143
3571
7607
2372
9853
7649
10776
6724
6121
12546
2500
6230
5808
5818
1488
2296
2109
9688
11686
1739
9620
979
9669
1663
3
12672
13537
7277
7412
10813
10939
3728
10239
4461
3931
2609
2636
481
4713
9854
7799
13215
1644
8343
892
11137
12490
4532
11090
3868
10477
1766
1700
2699
13415
2201
3898
5416
10924
13458
4710
13767
3246
1707
13258
5423
7942
13224
5511
8518
8462
10821
6305
10424
2540
4142
12862
3075
5528
8122
2381
2337
3678
13013
12371
12195
1679
13369
5040
5959
786
744
1888
2134
4936
12057
12158
6221
6301
764
9811
10037
4362
11884
8876
13009
10232
13984
1370
8676
7087
2717
6994
3516
12652
10908
7141
9679
12017
4931
11770
12624
3030
19
5430
12078
10125
5022
254
9482
2131
5522
83
7746
2274
8167
9597
2431
13892
529
1747
1607
227
2129
1845
10496
13579
11470
7613
8354
1024
5100
6746
9112
396
3815
8812
8371
8529
1838
6590
1162
11948
7694
6108
161
1114
13578
9334
9925
1317
7252
12845
9362
1351
12267
4811
3377
7504
3937
751
4834
10482
6071
13365
6993
3096
7879
12676
11640
10215
12029
10657
11921
8877
8116
12642
13526
6598
11817
204
10200
702
2926
4653
10760
2512
4493
9286
4484
9469
3222
11264
12657
7209
7543
4544
10002
5887
3016
1941
2931
452
6816
12605
9220
5401
12663
2248
12565
3130
1704
372
1835
2227
114
13047
156
2963
5757
10539
7452
13400
6852
7636
9685
8202
4194
7933
12764
11156
6573
10465
8246
12236
74
9317
13735
8996
11579
1154
13666
12937
8652
5136
11874
7753
6214
6782
9587
12002
4381
10991
10366
8885
7597
12910
7760
1704
13132
338
6646
12555
6555
10412
6758
10099
7055
925
7325
8706
4358
11493
4433
184
4680
9542
11474
435
1804
8679
9858
12609
12163
13988
541
11350
8005
6547
2951
3337
8231
5377
2257
2649
9142
9307
7464
13245
7731
1193
10842
4488
4602
12212
9301
7627
10240
1385
4334
7269
7320
6821
5099
1190
4946
3328
12526
1681
13458
1142
8894
13919
4360
10240
11779
12048
11313
10946
13630
6317
4346
13629
1731
13961
5500
13428
7300
6950
344
2092
11243
7571
10559
9469
3443
9283
207
7749
11747
9209
4406
7276
6473
9999
5172
6034
4431
5510
3105
6356
7565
2664
6200
1821
6763
7465
1519
7097
5520
8700
11428
6485
11164
10258
4261
7282
9758
13149
6300
4937
8211
11810
9733
12408
8956
9373
318
13338
1866
1743
10746
12501
1769
2306
4401
9965
326
637
12712
3478
12606
2258
3128
4279
10565
13765
9006
10201
11792
1080
4479
3198
2655
5489
11173
8719
11114
3773
3882
4894
1415
11949
8239
5386
5589
2511
1370
2337
1497
936
8411
2512
12434
9533
10665
8117
1755
7248
1485
8101
4844
4247
12570
7482
3469
6473
9560
4532
11801
1730
6588
8545
3499
9494
4533
11015
2839
8834
7030
2237
10903
1582
955
1802
9216
6910
4842
12181
2161
9944
6311
9883
7384
12672
4723
0
13601
13742
7666
8444
5451
7665
11224
10262
5945
7005
1968
13935
6098
12304
1033
13061
9781
3315
8925
7992
13388
13532
11246
842
2860
13696
11088
12207
3191
11557
10813
4963
12926
11717
9577
11035
12806
12206
13251
2243
4469
11543
6772
4343
329
3773
9799
845
12230
8636
2165
4160
7738
11113
11419
6136
3343
5644
555
9956
7260
11339
9676
4281
2376
12081
767
5876
6204
9917
11455
7211
11716
6615
1076
3586
12946
1709
884
12346
10142
7740
7846
7059
5854
202
6165
930
8702
8544
6221
8238
717
5510
4837
7941
4
5414
1304
2827
1043
6130
8258
12258
8105
11089
1796
8005
6015
6676
9092
238
1794
11287
7621
4520
1516
3763
4238
7022
1998
12433
2249
8578
1596
5209
3226
9962
1381
8904
5530
9685
13805
2368
6767
3948
3000
1881
13866
6339
677
1973
3100
5390
517
3346
6981
96
5112
2120
9531
3167
13170
3570
11892
1940
9934
2537
10289
4078
7711
7036
11319
7062
12015
4172
9018
5085
2518
5668
12439
5713
7817
3189
10303
478
460
4927
8652
5986
10533
4413
13281
6985
4415
12247
4178
12183
9079
12522
6781
10404
2391
6133
9235
4561
7357
13386
6615
9561
823
12373
12050
5186
3069
7096
161
13859
7946
5108
1724
736
7672
9413
5955
10912
2696
8709
1142
111
4011
12032
11009
2544
12688
1751
4691
8650
11307
8030
1130
1924
9358
7552
5437
9291
5494
6866
4006
4079
10628
13333
12233
4158
13174
7317
37
7080
9554
12990
4262
7714
2366
5583
9252
9910
1999
11110
571
8071
8508
6523
6680
3858
399
8921
6733
12783
2696
12391
1474
6520
10717
2948
8296
2209
6785
1617
7787
9077
9919
10872
9779
8417
4100
3978
8887
6377
8983
3431
6047
1289
10790
11478
2612
8439
8878
2709
9158
7971
11382
5994
1977
11744
8121
2983
13869
12716
2894
636
13433
13931
1526
9399
12756
3410
7633
6310
191
9551
12093
6365
4914
8198
9164
563
12721
12823
5488
3335
7531
13963
7654
6176
5744
1148
9069
7746
252
8260
33
9276
4211
6958
8856
5214
3323
12217
10633
3383
8497
4955
1812
221
825
8450
10449
5990
11045
374
2985
11971
11537
1546
1803
8285
5897
13617
5820
9127
3256
6957
8622
1011
13614
5202
13452
5056
2941
10985
10447
5313
7712
5905
12880
10041
5575
7441
12363
243
3364
3448
10012
10078
8972
8932
4600
869
3290
9825
13274
7916
13190
3562
13257
12326
7245
2795
11219
2596
4509
199
1065
680
10671
12293
806
5719
2514
1877
3820
205
9632
2673
13421
11115
6575
13134
13619
5771
13190
1202
11020
5924
2153
10959
9254
5881
7348
317
4819
2491
2608
10823
8313
13263
36
4587
3193
6778
7372
1109
13817
13289
2478
8661
11872
13102
2495
10556
8702
5092
3185
1126
8870
7011
5671
3266
13849
3871
2423
1725
8223
12907
12170
3387
7700
9739
3667
391
9709
7671
2441
12163
2582
9371
2979
1032
4522
10667
5503
2865
6638
9188
10607
10547
6298
6686
4113
12836
5413
4125
5274
6925
3756
13367
2462
2922
1198
9200
13950
6222
8279
11265
4878
3363
135
7911
6498
12223
10751
11815
11380
4786
11095
4351
5397
11244
13503
8008
6222
3835
10624
3687
385
6162
13085
10243
561
4598
1260
5042
4315
2898
3451
6380
12127
8362
6528
11344
1103
4844
6754
13349
11106
9762
6237
3880
12133
11284
13286
11493
1472
4891
13884
10785
8897
12624
567
996
12135
10035
2368
1268
1580
3800
4396
8108
13935
10283
1957
2955
5806
13588
455
10329
8813
3654
3012
965
1157
2593
2341
4841
5372
6775
5054
5935
2796
7932
3485
12989
5011
3270
11934
9867
6903
2388
1550
4166
10900
2043
2330
7260
3859
8220
1523
2408
13656
7249
2176
4712
2152
5526
9120
1961
13717
6228
5899
4004
3304
11368
2883
12466
3114
9139
3084
7659
10207
3178
5957
6396
13135
9726
12819
2983
13746
13926
10889
6196
392
696
7525
3158
818
7575
13449
11816
2480
8341
8373
10726
11640
13178
110
10695
6128
5805
7373
1400
7208
9151
8774
12661
3479
2487
2275
896
1120
4407
541
1700
12816
8622
1271
3554
4471
4599
11687
9274
10897
11439
7985
12631
8576
11364
10081
2625
4584
13928
12101
8470
10982
5205
69
98
3982
2570
12112
12842
2784
3508
10820
7945
373
8712
1033
4930
10860
892
1019
6612
7596
13333
12755
11659
10373
13963
13185
8115
3623
5161
11559
9224
8606
10993
485
5849
12713
12797
7564
4570
7621
4047
6225
9625
1755
5321
6513
10856
4019
6009
13195
11241
9812
9148
9135
11448
3737
4244
13089
6978
10881
6580
13465
13763
10914
13448
13146
13261
13019
5105
8716
7268
7573
11198
7081
8583
950
5254
12833
10617
5458
3490
4219
7277
6461
6744
11176
4976
3394
6657
12133
7424
10345
11020
11085
1419
2872
7852
4888
3314
8985
332
5333
10092
9316
5411
1471
2551
7113
227
6271
11177
12748
10939
10653
13092
13597
5708
3476
5080
2098
11848
1442
8899
6100
13718
11960
11364
10707
4498
10916
10365
10759
3394
9193
1750
116
372
216
5309
10072
2083
9245
9179
7077
12104
11304
9651
10902
7372
5958
12564
13375
11116
7099
318
7573
11317
8094
13233
3063
1423
8082
9568
3128
2646
6957
12725
12506
11427
582
2222
9641
12810
4400
8821
9393
10205
12557
7069
12092
11677
1969
12808
460
7808
11621
7062
13730
8942
10499
6631
12216
1061
9221
2162
13041
8541
3237
78
1243
230
9040
3197
10798
9661
1596
7753
9508
3022
290
886
3301
10243
12442
4935
3149
3834
5267
9357
6876
1172
4027
10186
5307
8298
11425
4884
10358
7386
5252
7957
3914
1152
13224
8894
2812
3552
10101
5788
7555
5823
5899
4691
2307
11697
12550
4055
1207
6620
3465
12713
842
12732
11386
13486
226
8305
12891
9852
8378
13234
9344
5149
891
10132
8226
13430
4694
1142
7823
10002
9936
404
6539
1399
12810
9099
3127
1706
13324
4956
9612
4110
6638
7898
2148
7383
3043
10717
998
5981
10658
3465
3420
12348
11634
4968
8226
2440
7761
6324
4557
10046
9745
4433
7030
13462
11200
5735
7650
3620
3218
11053
6799
1982
1789
12096
9885
7064
321
3604
3670
6043
9842
4722
10795
9748
4227
4255
5741
13752
11009
3149
8629
6437
3209
1626
2897
10564
711
10998
12459
10747
8588
8307
4455
4447
91
453
3112
438
5104
9528
912
2090
12893
9377
899
6474
5139
9181
8550
1195
6185
5221
6378
11307
828
2451
3791
8134
1027
3838
9814
2289
13086
2929
967
7092
13979
7595
11659
12453
12132
8831
7271
11455
1992
347
13142
6114
7636
7989
12498
531
6494
4418
13615
13412
8318
12016
868
6383
1034
11219
9735
3900
8796
5869
4627
8513
11202
10278
968
3913
7665
12876
3888
13469
7719
4899
12953
9599
11948
1981
12436
5830
4756
3477
3705
12660
5652
5318
12901
10419
11598
9208
13153
11645
3018
3770
11984
3675
3987
4219
6757
11285
6204
3570
9118
5705
11773
11998
2609
2551
5022
13016
1265
5496
3566
517
4669
910
7904
9079
12581
7815
11507
12498
9482
4539
9917
3996
1201
6069
13699
13982
9844
8063
9207
3927
8389
6933
7759
6992
13296
6444
3918
12090
3132
11195
13137
13523
77
6631
5960
2712
617
1133
6495
2069
11732
9209
1415
10807
13547
12867
566
242
1338
9945
11896
5822
13930
7831
9377
11356
7275
3763
7024
2343
2601
7509
4785
2662
7102
9955
4911
2109
2020
11915
6003
12707
1589
9466
3774
3711
2241
5114
12080
6588
9531
152
11698
12331
2081
6306
5158
10855
3142
6623
12680
11027
3517
9305
6337
8320
3764
13350
201
6443
8891
6437
4454
2675
12495
2611
1301
392
8952
3853
10228
13567
75
13983
8777
12562
1292
7611
8371
11924
4484
7510
12795
12850
1243
2188
6950
1557
979
11636
8154
5780
1281
11997
6250
151
6343
2408
1632
10390
1890
1056
6694
12399
2350
12676
7266
7879
6433
12965
6171
11064
5771
4058
9404
4632
8360
897
4788
6298
4863
4672
2262
6078
11610
7801
6468
11955
4530
7372
1428
1837
6742
13079
10076
2754
11112
10153
9519
5806
12004
1908
13571
7510
7854
4896
4334
5097
2807
4204
4110
2034
3131
8335
914
10747
4571
8829
7160
940
498
5973
5411
353
3061
3623
9400
1129
4796
1555
12022
3083
11656
220
543
13859
13648
12476
12759
6569
4412
11761
9929
11810
10701
9221
6400
4657
7175
12075
13929
3286
3116
2197
882
13702
12102
12275
8975
2251
13232
8645
13241
11698
4993
7810
6051
11970
7319
6257
13147
11100
11052
8965
9720
7422
11495
2581
7382
7650
7938
9785
13068
9300
2484
273
11686
9904
11402
447
11764
13881
3286
773
10446
5015
5124
4041
6978
11640
13157
12997
3212
7910
1898
6010
13056
12953
6751
10693
9911
3556
2913
10922
12964
3418
10573
13165
10018
6403
2215
895
7740
9834
4996
12357
344
6398
1268
3157
12001
7624
5151
5034
13455
11612
13707
9206
9237
3768
12119
6807
1559
1897
11208
1170
3830
3821
10301
7516
7786
6100
12288
9800
7243
1808
3036
11450
9739
3707
4598
8554
7987
13895
7305
9221
5161
6928
11378
2589
6491
2894
11620
13072
9179
8967
297
10118
54
12081
12727
12372
1826
3381
2890
3261
9892
6719
1139
10600
3436
50
1469
3149
990
12712
12295
13017
6925
7367
7315
11442
13397
5215
1915
6612
1045
7488
474
3081
296
5001
5854
13751
9375
13723
6136
13059
10748
10268
5277
4659
4733
10167
6717
1297
6243
11760
1581
12172
9647
2037
7411
12473
9544
10705
12142
7702
6171
13642
8959
6111
11487
7322
10984
11481
12451
6234
3855
4828
7671
5530
11422
12782
468
5198
10347
11754
5817
11747
8799
6160
2051
9599
5477
7430
12983
2757
2194
12812
7055
12328
3867
7772
1168
11559
6071
11168
4612
12823
6866
910
10168
2254
4202
4319
1124
4955
9338
1837
1138
5828
2721
2970
11373
3527
9950
6189
7512
6626
9370
6440
7607
10845
3250
13141
9262
2933
8864
4543
10741
4660
7093
6556
13316
13180
4021
10056
13009
8467
383
13085
8947
1495
2679
4942
1169
6754
13281
8691
9692
4601
9244
13823
3334
7519
11513
11533
3358
3207
9063
7545
7914
7510
685
10347
12703
839
11763
8189
2799
11672
7613
10606
12127
9585
8260
8304
6996
10325
3827
11
7818
12833
4667
12788
4689
6273
9379
4328
12612
12082
12016
2419
12471
6114
317
7245
11500
1363
10087
2468
7794
5855
3144
12389
779
5046
1230
12707
11913
130
1959
4266
13556
13580
1338
8125
9402
1207
13237
11227
6675
6089
7311
6960
992
9674
13322
5992
13504
10310
13847
8239
543
10060
8853
3940
7707
2585
5015
1516
9155
1199
13617
3890
4831
9358
1519
4636
2438
10533
9090
5673
80
1153
7272
5782
10537
1572
11831
11840
543
10673
5317
435
12120
3652
5079
2545
12610
7023
8308
5503
9336
8526
1846
2697
8446
8396
11244
12934
12586
8047
1294
5046
13647
3134
12815
599
8087
2306
8744
7623
10892
11146
3495
2164
6947
12617
9027
10144
1877
8523
13402
2016
8348
2053
713
4067
9238
5033
4391
6511
11257
13128
4382
4502
1220
9555
5319
10312
12653
1722
2178
2883
3964
13157
10447
2422
10387
5201
12108
7235
13432
2177
10875
12594
3665
5590
3918
3506
7675
6266
6946
1786
9447
1462
11189
5230
2146
7908
8694
1869
1535
10334
4920
11319
818
12741
5842
7228
9644
1630
150
0
7054
5175
9964
12779
2188
11191
13194
12700
7281
4051
8722
141
5032
11932
13608
1761
9549
7734
9454
13274
3601
9252
831
12296
12468
8959
5828
4828
8498
934
11718
8554
5421
13374
11745
829
5538
5355
5168
5220
5211
935
8331
330
9984
11054
8346
8643
5515
797
5461
3619
4711
10127
5546
1865
7316
6086
8329
3960
10281
5499
9311
7957
12950
4653
1293
9932
4294
1253
3541
8190
6301
1322
11601
3238
11924
880
7072
2281
11726
812
6317
13131
2517
8402
13
10062
5430
7407
13861
13253
1638
13315
4550
1062
8800
11062
4310
270
3228
13867
13724
9855
13213
3841
5848
1492
5942
7974
11692
2966
538
8439
11259
7671
5648
10259
8445
12667
2319
8078
3708
7222
12284
4656
11182
224
10717
7517
11551
12789
12536
5952
8682
10634
4861
12512
7348
10234
9004
1621
8597
5486
1621
10419
11171
8651
8027
11893
861
7124
8003
4181
6097
8208
3199
8456
9723
279
4561
7783
12763
13447
8766
4327
8994
10419
1425
3610
5960
8394
12377
159
860
741
13393
1028
13497
6922
8985
3676
770
9982
7350
7675
2074
9624
5059
13470
626
8720
11649
6503
1152
10902
2691
8774
9416
9374
8111
10276
10954
8537
8401
793
8711
9952
2018
7213
465
4106
7936
11595
8367
11900
7131
12818
12442
10208
6972
10773
4374
7150
1153
66
7696
4102
1577
8064
13665
4384
13129
5041
13276
3339
7305
8231
10538
4802
2974
7219
7263
11757
3412
12040
8168
4771
567
8030
9460
11820
6526
10467
8220
405
9749
11868
6112
11677
12758
12601
4048
524
1027
8118
788
10740
2931
13741
280
8175
5575
7833
6583
13384
10551
3990
11234
4053
6477
6404
7725
10946
3310
1835
3623
9065
2080
8168
4501
8973
8189
13141
5321
13255
13059
13478
12532
6903
10628
208
5605
1548
9137
12660
13948
10670
13902
11129
7216
2280
7570
11528
986
13508
3150
5584
4204
4703
711
11882
7265
13499
4658
1528
9985
12803
7019
4102
7969
5513
8065
3730
11158
7307
13633
5239
13988
13829
542
9605
6423
10480
2506
6317
2845
12567
8196
13544
6638
7802
11006
11431
5737
12363
6041
12101
4620
5510
8943
5033
3599
7102
11021
13928
10958
6674
1499
3671
12321
10399
3226
11598
410
10895
7225
9976
5867
12031
3347
566
10769
5246
4552
355
1777
4817
9558
2066
4845
3827
8277
5588
6194
9770
8220
11015
13169
10213
11715
6552
6393
5121
4790
7000
7294
6907
10754
8684
9752
11728
4767
11758
6314
12128
586
9505
13356
4096
1966
9458
12728
10111
1487
9611
1534
11008
5026
9937
10004
12390
1852
12301
5678
12719
710
4903
5126
1079
4394
7581
5559
2365
7692
5220
428
11586
1832
4950
5840
6606
10100
6089
5521
4476
11857
8417
13879
10198
2420
11051
1771
13211
7099
12858
9429
12589
13726
13791
5622
10055
8324
945
13118
4331
10319
348
10923
12858
4693
5285
304
10269
8171
11260
8029
1504
10080
8010
2816
686
2356
11978
7240
1080
10436
8180
498
12862
5922
9540
11027
4752
4533
13321
4480
6846
746
3402
12940
412
454
3939
7663
2113
12601
2797
6176
13951
12320
5467
6975
7949
5352
1280
849
7663
5546
11934
4345
2023
2055
7290
9920
4117
10577
6844
7504
10362
6003
5938
4323
2234
5422
7955
12323
320
5602
1457
3037
1307
373
296
10279
9686
8339
10867
7050
5174
4530
1757
11070
2140
3264
4197
13201
9818
4603
11979
13380
7330
9901
12504
1746
9674
3954
13642
12446
4204
12056
4300
13128
1018
11170
4724
7771
6239
6856
565
7030
6000
9055
13765
11445
3409
2865
4873
8683
8980
4264
11517
4494
204
12252
1200
13663
5263
12550
11291
10805
3018
11392
5538
6565
1247
2396
11203
7760
2458
7166
6700
12809
4753
11254
4921
8913
13369
7822
10411
2209
3253
6540
13748
1540
746
4212
1854
8126
446
12942
12651
380
4686
5215
11655
13017
10303
4375
4250
11995
268
4102
2506
12536
5374
9707
11198
9368
9562
5467
7037
664
3587
3690
13956
10744
353
409
9062
5186
5162
10605
10990
6295
2652
12056
6832
6584
3260
12310
11037
1214
4665
629
7605
1622
3594
6930
9463
8285
3078
7788
12948
2227
10274
11287
9090
9263
9668
6128
732
2047
6759
1800
2502
9562
13367
5055
10271
1173
9244
7390
11487
10734
9940
8656
3536
3320
11513
3598
2697
12003
12738
5206
10884
7223
4100
6263
11217
589
6393
4572
10772
458
9225
7202
12202
11161
1189
5112
13257
6452
10259
5058
10661
13887
6531
7546
4126
11489
5183
9459
583
3775
9217
12491
7938
1975
11135
2093
6518
11062
1570
13312
4947
10262
3989
1952
668
7816
12968
3447
11522
3594
9619
4743
6402
9013
1016
6487
981
6805
13249
855
950
1477
3449
13953
4176
9607
1911
3534
5765
9214
9348
7394
13691
824
3501
646
9872
9163
645
4448
4751
298
12402
10641
13515
7955
13223
3259
7800
10569
6002
8812
10361
6346
6028
2283
9427
3740
830
10718
13281
6104
6755
9622
13617
2275
12632
5447
108
6725
10943
8984
9282
8552
10323
10531
10259
5999
598
5802
2523
13488
13846
4103
8613
8768
5839
4445
11824
5481
9738
7984
10207
12842
13186
5870
12233
13691
7783
12089
11505
6412
2716
130
9953
1785
2746
9187
10431
124
2968
4296
9362
10175
6066
10875
5549
12988
6982
11099
6041
9075
766
3961
18
6743
12727
3567
1688
7557
9344
4045
2085
5634
13982
6529
6302
10992
13420
12994
8947
237
1168
12282
8080
3209
12057
3245
150
13105
13028
10362
8116
13085
6174
13069
6110
5730
10180
142
4672
3748
10694
4602
10028
652
6378
171
10399
8610
12988
4103
9121
12488
9123
6642
2091
914
10623
11169
8867
6341
527
3228
9251
4347
9583
287
7160
7024
7118
3822
6182
7101
8301
2626
1545
3614
8595
9332
3382
11010
7694
12020
6512
12143
3893
5686
7446
5519
12920
11162
1529
11707
73
10023
5500
13586
4195
9700
6916
6070
7400
13219
11311
12611
10970
2457
4385
9805
6287
13342
5385
4501
10583
7678
10930
3959
8009
5977
13717
12803
9577
13821
12620
886
9799
1934
9377
8965
11713
528
7525
11046
11768
4801
9133
11754
527
5397
13399
4475
12144
9582
6170
13134
5226
6952
4779
3060
9781
4671
1052
9891
10997
318
6703
4412
13020
11813
3224
361
6586
10710
6816
6325
848
11964
7574
10439
10723
10488
12224
11068
6555
11945
2335
6481
1371
9703
12032
954
13755
10013
63
1938
9360
2161
5110
271
6894
10400
4276
8049
6612
3387
10536
10455
1829
7288
10124
7597
3559
2535
12783
1958
548
13410
8747
10515
7822
8271
13653
12877
8224
165
13778
1204
7695
7225
7830
884
6399
7588
13592
11873
11922
6690
10658
11200
715
9578
3189
2241
10081
837
9609
13644
2031
13853
5137
3399
5112
8195
13773
7345
12759
3965
13833
11726
10181
8106
1843
11440
2756
643
1402
7182
8904
13616
2290
4755
5781
900
6931
8454
11652
4919
9873
4338
7839
2318
8471
8145
9068
4872
557
1610
7974
8359
3432
4371
12566
282
13824
12725
13153
5219
11837
4539
13227
2857
4299
4150
4857
7116
5452
2369
740
33
9644
10603
4841
169
1392
9718
8750
11602
3336
7915
367
11417
1491
440
2422
13994
10354
9432
1273
10871
3845
4909
9789
8993
305
2748
1545
9589
12355
6852
8085
2486
12558
5325
12161
3651
8576
522
10226
10276
914
3194
807
5319
847
8112
13626
5713
6508
5901
3602
4995
11845
2615
7077
11307
2569
1528
1066
147
9403
11702
428
1675
10602
6490
4203
10030
9866
2815
6365
6995
9201
6489
8690
2563
8462
8976
13605
10145
7587
9687
8286
11515
1507
7661
4900
5724
6358
11712
8080
12523
5626
13192
9676
3603
9780
5543
13275
7856
8132
11979
6114
5027
9414
11246
13028
7682
6533
3051
1067
9935
5226
7980
5906
8227
4210
4644
9376
3591
2509
2918
12718
6447
13395
9265
3226
4036
11073
13368
8196
8796
8625
1650
2853
7399
2456
1675
13216
3593
4296
2117
7073
6511
7366
2671
5265
9120
12854
5375
11996
9249
10818
5263
5433
4821
4010
11346
13720
7136
6389
13618
8139
8774
13637
295
11883
2484
3369
10917
10955
12858
8844
10963
1993
3668
5882
6739
1441
5476
1779
4227
44
9966
8920
5455
8629
480
5202
5937
5612
5515
3219
1895
3284
5266
3956
1886
11223
7214
8909
2000
3865
12411
8883
12936
185
5011
1723
5646
3444
6309
10733
6003
12644
9362
13300
12714
8646
1204
13553
9649
3626
10698
7711
9467
4003
11428
8450
13084
365
13640
5097
13648
5310
6607
3506
13992
1125
4720
9132
7922
8847
10038
8824
2884
2265
736
1305
2692
7824
8917
2474
11191
11556
11121
2207
1892
2619
7569
12323
10388
13985
9015
6336
7241
13901
6906
11550
10824
10959
2766
10306
8180
5670
2091
13592
9897
10686
9997
7419
8513
3030
4311
7697
566
10976
6660
7764
13221
2401
9788
1739
8635
4440
7439
9463
13439
6172
1889
13017
12187
2301
5330
2081
6968
9581
1992
2177
13702
6648
6028
12304
2037
5566
6238
11498
4979
385
12694
5876
13602
553
1032
1118
5220
13333
4803
6418
11734
8333
12486
11096
11366
12899
13903
8940
3395
2359
2242
5719
8848
12793
13474
7033
5668
4361
2767
905
6673
9451
10348
2115
13038
10071
10731
3504
11075
13036
13416
2084
10721
5429
12495
7888
7484
3955
11131
9463
6951
8025
11163
574
11674
10647
259
11869
7441
6894
10541
1346
8052
11811
1914
4596
13374
4191
4249
11845
6557
2
625
1457
8118
8647
5823
8019
1602
4515
5911
1447
9992
1175
601
6042
4648
1701
11410
5165
7714
13168
2028
1449
12033
252
13395
11564
13495
10180
13044
9105
2437
3786
13252
9742
1271
9785
3258
10327
8363
550
4666
4112
1180
13333
2991
3503
5167
13960
10084
3760
425
13298
1552
1410
6267
11162
3404
623
2747
1243
5233
5993
9920
5624
4355
9903
586
8925
12564
8127
11019
11168
1382
11685
4278
10214
11873
8898
2546
9763
7837
13960
1019
1801
5325
3217
1654
9601
5416
1071
3231
8712
7445
10703
353
12608
9826
1015
737
9864
10209
9902
5415
12822
11120
7611
13561
4656
4723
10133
550
10362
9744
249
10828
8665
263
9610
4727
2694
1564
3667
5719
8703
11907
9688
12908
8119
10486
9723
7393
3806
12310
4826
10994
9579
8779
6949
13419
6101
8746
10541
6446
8833
8882
4600
3521
4662
9987
10673
4210
8348
11068
5133
8919
9763
13759
8552
11126
9616
9299
2622
5838
5746
3669
13397
7121
11747
8013
10695
2782
5402
3112
1390
8671
13277
4135
3496
1068
10371
3123
10571
9321
1239
443
7025
4595
6169
77
2804
11907
1167
9389
1621
988
9129
3684
2325
6311
3730
4711
13831
2344
12994
7571
6205
12076
3409
9474
7326
6609
12277
10797
11082
6147
11532
3423
9716
2271
9621
2529
8734
13125
9097
3991
3171
7071
5303
7174
8061
13240
6957
6160
4566
2843
1459
318
5900
11657
2497
680
1726
358
8224
6900
3299
13985
7694
8745
6138
5086
9403
3743
2027
7346
4129
11926
2477
1995
8080
12895
1041
7721
3207
7818
8043
9660
975
3309
11024
12123
2337
3549
6235
4286
6760
956
9402
937
12273
6384
166
5942
13775
956
13920
3214
9835
2989
7926
323
1208
9091
11172
9821
7124
3546
12632
12959
1163
8948
12350
7333
8870
11524
74
9501
321
11642
8484
12415
4602
7286
1484
5737
6772
12667
11551
3532
3339
3937
8387
4109
12594
742
8972
13641
10089
979
3505
1544
11115
2327
11976
7468
11779
13410
4766
7222
6766
10912
12339
1477
9163
11184
3666
2717
6111
2687
5870
9376
4918
3206
7543
811
9092
13725
11820
11360
1017
9994
3291
3675
6402
26
900
6195
1900
2987
9291
12223
5108
6660
1292
1506
11002
11473
6265
11092
6036
9790
10319
9839
911
2927
7687
7075
2032
12779
1288
11942
11944
13619
4697
1132
38
1522
4980
4846
8150
6578
6679
8442
12423
11976
1652
5047
4571
12494
8023
3475
12567
10284
11784
8972
8234
9106
4550
1815
1323
1459
12052
7280
5946
6625
1040
13646
4761
13154
3022
10834
9908
4172
8771
2844
10123
1778
11661
4890
544
5179
9472
3294
12507
12875
427
2603
2092
9424
9353
11292
10408
6011
3876
12065
12900
13737
868
5879
13520
8350
1604
5666
6090
6029
9365
8265
7059
13909
7789
13183
911
13931
12551
8313
4390
4128
5918
13537
11399
640
11316
13494
10156
2279
4124
9678
13353
9407
8248
10169
5038
1466
13436
7907
5452
11304
7425
13797
4580
6790
5158
4201
12619
9747
8449
7192
826
13264
4307
2849
4001
13252
4666
6617
5948
11833
4400
11338
8573
150
208
12426
6169
13418
11401
12088
8047
6754
1003
6756
5714
599
2318
10924
6424
5047
10321
2335
5964
1070
11408
4160
894
13040
13999
5449
5226
1142
1716
7273
1781
9971
3025
2140
10387
2802
1422
11973
9318
510
9829
3002
6529
6413
391
6780
5483
8506
1196
5650
9183
6638
3304
12353
9760
602
8377
554
4138
12195
10028
1264
964
6234
7887
9540
1313
9287
9729
13663
4421
8530
11094
13435
3045
12413
11383
12510
4679
11009
11334
9189
4601
10564
7470
8809
3997
1748
5993
4656
8514
4979
8764
1330
7230
10510
12829
4166
11543
13899
5989
3641
817
8575
576
6731
7377
394
1808
11478
10624
2432
6530
10235
6572
6788
3624
9547
9752
8835
3253
5822
2052
1418
2664
1668
1095
11396
160
11398
13688
6292
29
13944
5917
13356
4983
11069
11898
13112
4072
12343
171
8010
4244
4090
8893
3731
11641
6587
9158
4970
9105
6906
10725
940
1204
10025
2660
1952
6859
9240
9434
8789
5951
11343
9949
1659
13056
11751
7460
5227
8226
13829
1115
1540
12785
7652
5648
10067
5093
4110
11930
78
8960
5078
13929
1133
8500
3509
2200
12645
115
5408
559
11522
5006
4354
4805
5345
9982
2747
12451
12024
1233
8261
596
4642
7244
10590
4568
11674
11856
13479
4456
12675
12119
6920
8787
12513
10925
6653
7223
10680
779
434
3404
4352
8574
13430
8122
5521
1526
5551
9099
12433
3803
11674
3690
11783
1098
8956
4986
2635
2686
4587
6900
2204
12889
10658
2377
10381
13425
853
8182
13533
2312
6017
933
5761
5075
158
12863
1041
2412
5845
1663
7484
11427
1976
4274
9608
2079
4610
8779
2122
13218
6189
3443
12142
12507
1257
13693
9252
7333
6767
5591
6055
1053
1043
10125
9947
3937
9647
6840
9714
419
5234
12340
10811
2045
8164
5039
1561
11118
7812
5180
4267
1346
3265
1352
8253
8864
4417
9780
1914
2398
7745
10864
12955
2463
2250
505
8641
4188
620
5514
4427
8848
1386
11182
4484
7212
5234
6357
2333
10748
7142
9780
4514
2145
7596
2727
1020
8813
2254
12418
6115
6190
9503
5253
3789
2673
107
461
551
5992
698
5655
10686
2934
6049
5840
8186
10950
260
2297
2793
13980
4828
8326
5892
1347
1969
12372
4176
6390
13652
13914
3875
7386
5532
4745
6864
11080
2155
12701
6113
4697
92
5830
12128
4986
12667
4976
3234
12926
416
7725
5200
4643
106
6933
13412
12716
1236
3748
1756
13134
10759
8401
3374
5943
9708
12127
13289
12488
13436
9853
6099
5699
3430
328
4036
7119
7164
11136
9486
13544
11914
8567
6200
9140
9043
534
5925
2800
10650
5050
8550
3993
4875
13292
5577
215
5796
9358
11595
10036
7107
7088
8129
1946
7293
8147
13535
9417
8551
7061
8388
2552
6773
6907
1282
11428
7229
10077
1869
13348
10231
11130
6832
1788
7651
5884
10374
13792
279
11335
5675
13344
3540
3947
7152
2722
7988
13545
9557
12046
12130
11939
12662
5202
12277
12891
11957
13414
4090
5245
3520
7562
13118
11561
6382
8779
11093
11896
3707
13620
5146
12800
7405
4145
2435
10946
3827
6719
10335
10705
7833
12672
2623
1309
11082
2154
9903
8317
2515
2703
3376
9244
4672
5207
11475
1578
1605
10569
9347
5266
667
13145
4816
7228
4245
8891
2244
12921
7118
13333
12579
10668
9664
6659
13316
3048
2947
5300
9526
11588
10209
13746
7857
2268
2834
13439
9803
9649
9353
13466
8467
4352
9226
11681
2093
12735
11270
145
3898
7508
1141
5304
8771
3680
9710
12812
1603
8761
10934
5444
1215
13893
434
3060
7250
10450
1067
13414
5209
10866
13134
8884
6439
9860
3596
5858
11190
4446
4901
11655
443
1174
1036
1933
13636
13216
1206
9182
11009
13009
2597
8366
4541
7107
9676
5720
5063
5969
9406
9568
11201
12482
503
1656
8116
13538
2102
8702
11902
5980
6709
99
5081
1108
6871
11174
8793
4944
9149
13246
9618
10791
8005
10279
12884
9858
2288
163
1604
9103
11343
8098
2328
100
4841
10236
5486
8480
10906
13275
2969
13421
7499
7910
9130
2882
12331
3128
13815
7141
6071
4032
10618
254
6027
10961
13497
5782
13157
4505
2861
1438
8594
7038
5633
3420
12535
5748
601
4528
734
12764
5996
8981
11947
6199
10160
9732
6602
6408
2401
2034
2967
12263
10205
13657
4282
2049
7375
6884
11949
7741
10710
915
6331
9193
13073
13935
11510
1139
665
11431
9205
11477
923
7497
3161
2983
6384
12221
7770
9080
9035
5899
13170
9511
10655
3933
1270
12299
74
8270
1021
11187
12882
2146
10478
6552
12747
1935
7146
2382
3554
12729
11107
11129
7689
396
11912
5757
3710
13154
8814
3309
9242
9380
12780
12661
10404
11485
8403
1059
1039
1979
4440
12080
12151
11966
3696
6845
11923
7011
4727
6472
903
458
1692
7902
1450
8370
8733
3242
9278
6631
12634
4460
9249
11026
4280
4789
3055
5535
2453
2254
11282
5132
10659
3192
3255
1341
4372
5118
7102
9260
9040
11126
8334
8349
8149
9623
1410
3520
8331
12421
596
12368
866
2007
4789
344
5771
11002
7526
5701
10369
7038
3110
1527
786
2958
3416
5665
3837
3677
9055
9648
6394
2220
297
7960
9504
5832
9670
3385
9927
6640
1284
976
11963
2212
13657
203
3385
12824
10635
2245
1913
13912
11375
8031
2024
5143
1644
4831
12705
6944
9611
11778
10136
5149
1838
12717
3
6213
4506
9857
6501
1695
10770
7325
583
8837
5409
6733
10373
3173
6484
8784
12099
10097
13010
9000
3658
8198
808
5227
12484
553
7765
8102
11407
11005
10255
13120
12561
10722
11441
1740
11016
7111
6354
7337
12844
9744
4706
6356
4804
6818
8051
11677
8258
8939
13618
5495
5852
11455
4976
3848
7608
894
1186
12848
6819
7729
1217
8807
8158
210
13455
3375
11557
5979
519
7465
8173
9175
7423
11011
618
2870
13325
223
9610
4956
5987
3822
5346
776
9272
13403
10178
9249
3749
9141
7239
13596
312
9300
9086
5563
11448
9965
384
5648
13207
528
430
10864
6077
4031
10714
9314
10614
10825
9359
10070
378
4052
1967
13026
10308
8120
9911
9320
11058
5080
12448
9460
10329
7148
1653
10032
81
1082
9660
10266
3796
10116
5875
8238
1887
7882
8697
525
10850
2448
2102
7487
7898
2202
12983
13316
5128
13603
9402
10870
702
7422
9842
8026
3397
5635
9336
4806
1166
5355
2398
6284
5235
8535
5809
10388
9801
1834
6282
824
1781
5208
4833
7001
2952
6406
12736
6000
4488
96
719
3934
252
1865
9008
4116
627
9229
5385
5871
6194
5683
9962
6411
10344
13198
4762
9496
6640
9731
9027
11962
3507
2260
9606
10762
4311
3931
3644
2906
10424
5682
122
11750
11776
10239
5760
2918
10006
12606
9886
1424
9713
3862
10899
3226
13912
6797
3844
2365
6535
10631
10534
3701
495
11994
7912
4596
4539
13693
2847
11927
13083
5951
10479
4113
9023
4643
5683
12851
2978
3113
1674
8333
13136
13512
12446
10190
501
12264
5506
1654
5507
3676
13687
9613
3887
9644
13307
4717
8761
5632
3391
4474
87
13593
8147
9346
3949
6138
6096
9728
13402
13459
12241
4666
11746
6766
3135
2666
5571
10818
7816
393
9447
4405
12603
5047
502
31
6691
8712
12596
12649
6350
4712
11630
2228
1320
2703
8268
6150
12921
10240
5780
2432
5559
9291
12491
2667
4777
4802
13144
4208
7818
6777
2759
246
5014
7591
3559
1606
13956
3433
10737
5739
2544
6485
10805
2646
5204
8315
7411
13022
8210
1544
3970
7955
13297
5764
10384
6035
11073
5852
12295
630
6140
1786
7016
2628
3020
7008
2215
2087
8291
7523
691
6523
13082
7300
5680
7377
12410
2746
8083
6211
2353
9483
6009
7474
7137
8938
3812
11227
1371
10809
10324
3896
4227
1904
8958
4146
864
4726
11867
4932
7666
10972
8463
10267
7968
729
7411
394
7118
1632
2706
9402
9863
13262
12237
4319
9661
5743
3276
4117
6218
6960
6866
11225
6593
2655
13691
4
13542
13150
6805
114
4167
1527
4216
13121
6710
3385
1170
12325
12116
4865
5939
6568
2219
3684
4115
4351
13272
13160
12443
8744
2307
3811
3383
8990
5692
3595
533
11567
3380
1820
3402
10789
12261
2024
11650
2321
8751
8904
13233
3014
10656
385
9595
13633
2975
210
12701
10102
5814
2602
5462
5589
153
5398
12181
8492
1687
6248
1216
8070
972
9987
2942
8257
6800
10691
11826
6717
2976
6393
10404
7024
9783
6052
2829
8039
12168
13691
6527
2615
8571
6183
7888
12402
9986
12094
2817
3812
2374
5722
1455
13021
7027
7208
980
8009
9484
13083
2107
6987
3613
4225
12895
10008
236
6478
12126
4272
2058
12388
6671
7959
4139
5412
10797
8657
4368
5854
11679
8877
8829
2565
6518
9240
3052
1886
9410
7586
7534
12982
11681
6046
13097
12899
7189
10258
7122
11939
5265
1279
2856
6385
3440
6138
4571
7062
994
7033
9511
7547
8467
2585
13553
9245
2986
11180
8940
186
12235
7520
5880
1159
7721
3610
3577
5828
8604
7122
11999
2599
13914
552
8743
3621
1686
12452
6557
2863
2050
7691
732
2313
577
446
4580
12166
10158
7404
5159
6303
9922
10103
12032
5346
12006
7796
2656
8135
646
4716
1110
4462
7838
9056
1867
692
548
8073
13479
4389
1201
637
2467
4539
7901
12525
11036
1716
2118
1292
10432
5346
13357
8747
13881
11483
9245
4975
11795
5969
425
7571
3644
7692
11744
5161
10039
11379
4768
13180
492
10938
1908
9602
5856
10742
6123
8717
6524
11963
5335
12144
4733
630
1310
3775
3703
406
5505
6783
2470
293
9927
7564
6611
4549
9509
4842
9600
10758
1836
7795
1536
7780
8255
5982
6886
5597
9839
4913
5496
10047
1269
8973
12111
10880
11979
1624
4750
10391
8695
13752
1341
13432
3685
11019
6561
3454
11968
9700
4441
1408
9309
4816
1272
1638
13732
2790
3626
4580
4412
5900
8756
9205
3570
5990
11437
4547
4870
8122
10275
2211
6098
1615
13659
10798
6439
5812
6393
13017
3638
7021
6199
4486
9255
8983
3990
4995
10218
9005
495
9760
13304
11651
53
1023
12180
13024
1673
12740
6036
10472
12552
9804
12662
13047
3909
4665
11185
4042
3711
5035
5337
3768
13902
8667
2622
1470
7920
5425
12498
3703
10794
6549
6005
12202
13341
7090
13183
11037
6119
103
1321
2136
339
13815
12104
7396
10574
2192
8039
12595
8279
2024
7984
2489
13026
9124
2390
8855
1928
6899
7826
824
3455
10198
1224
4869
6898
9651
2742
5635
13437
5119
7769
5484
13975
2744
13595
2779
10139
6069
10317
13041
11477
5605
13580
8708
8822
13076
7587
6087
10084
13180
8430
7717
2049
2664
5382
1943
8455
11876
9501
13909
9741
13776
1272
2281
6216
259
5620
5103
4512
7180
12838
360
2637
10260
7731
8798
3759
5392
13145
13362
8023
9218
104
13025
13190
11918
5409
10597
6831
13850
9769
7624
10667
12783
2873
9123
7418
8829
8582
6404
5441
12490
2504
12654
13252
7227
7001
9226
13952
5451
4972
11100
6357
3064
7
7408
2367
13517
4974
12339
129
11834
461
3150
10269
8848
4114
349
10561
7864
8117
1871
8705
12339
1925
3797
8652
13404
7905
13933
10990
2890
2399
11192
4947
5810
7116
3143
1891
11321
3377
3605
2878
9926
590
7278
8580
678
11862
1085
1697
10073
6454
8066
12484
13802
8499
6963
6395
7709
13583
6137
10397
2960
13016
8587
10915
10755
10829
10313
260
5172
4446
5439
11867
5252
12991
5529
3319
12581
9368
3525
5759
6789
8588
5251
5264
9684
8532
2026
4100
6544
6568
4868
913
9234
3465
4202
6235
6705
3646
8474
1287
2085
5752
548
5645
5782
9764
12004
840
10787
13741
12874
10846
4798
6748
2550
11911
516
1645
4782
6476
7547
10767
12978
10397
9588
7575
11462
5534
1087
8097
3374
3711
4622
6661
12377
2215
6738
10194
12084
8636
7361
9530
2415
8706
3801
1081
7917
5998
3263
4690
3461
2741
5280
11768
10933
11973
10217
6215
11590
9936
1905
1069
1386
1857
9491
11272
12978
1709
4922
3788
8652
13799
3910
3313
6938
1103
10315
279
5550
7240
7480
295
11281
3700
9541
13080
4227
2559
469
10123
5452
7237
11403
11651
5233
4785
745
6676
9603
1251
11748
13095
10369
5260
6515
5111
12349
10377
4310
4315
796
4122
3492
576
5479
6510
9036
3858
5135
8093
4301
9064
5453
11889
2785
10265
8599
6482
10132
1758
13263
11149
2787
6934
6742
9056
3055
2912
10125
13892
12304
984
2508
12456
3430
2305
155
5094
2379
9979
8685
10468
3717
4770
5757
4137
775
4979
11089
7849
13703
4235
6843
4223
12250
13757
10671
3719
1163
608
6878
12085
4715
7747
7248
12661
4515
5230
12401
8848
5861
9670
13458
199
8608
11980
9840
3551
5233
4020
9730
6186
4167
12253
5179
1166
1871
4833
1904
8932
13630
4586
1236
527
10733
6671
9294
7094
12158
5274
11660
12400
77
3064
8225
4331
98
13500
4969
13721
1779
5376
9518
11304
3367
7993
5155
684
3541
2149
2669
780
9274
13956
12898
10517
9209
4896
377
9631
10236
8891
5089
10362
13209
3252
1902
9268
11585
11237
1774
506
12418
348
13337
8904
13451
8403
6007
12383
12703
7790
1995
6498
5363
3313
9005
5821
5650
5979
12630
10003
833
5459
13076
6083
1628
1150
9693
3765
8926
3258
11089
13110
7648
779
2920
1278
1241
3839
5530
13130
8323
7439
6541
11819
7278
2788
13977
10635
6894
4404
9384
11911
2688
9080
9353
5981
11514
3979
1955
8979
8223
4241
3783
11057
4450
12129
13646
2461
7266
4177
4833
8993
11732
1948
8600
9227
783
11347
11482
2513
12928
12253
4947
13902
8637
8652
13859
10350
8967
10846
11491
8082
8264
8764
6323
4816
6460
2803
9103
234
13309
6124
8656
425
5110
90
12494
9398
3065
8304
5651
11364
1931
1772
6699
4254
12237
13460
3016
8089
4550
5004
11922
11637
11852
13520
4507
5621
13090
11908
3120
5753
12731
10486
5291
2884
2365
7021
2373
1903
1792
9616
2890
10457
12693
789
12869
6265
10788
804
13226
12738
1853
10152
12946
10433
4640
1666
9041
822
10473
13753
10499
12141
4483
10386
8293
968
7069
7223
2641
5099
8361
12759
3281
435
4369
7547
2516
13443
11893
5856
8254
12205
13071
11302
457
9594
13768
6324
7994
4790
7123
997
1359
4955
7894
8259
6276
9256
5498
2574
5428
12685
680
1897
7180
8518
7731
10530
7308
6514
1476
2140
183
13902
5312
10267
11066
275
11431
4939
4281
281
3189
3133
7685
11958
11739
6638
3434
4424
2248
12534
4708
4282
8144
3402
2465
12246
11759
47
4098
4663
1223
476
1787
11706
13812
3594
6074
10753
12721
3835
3780
8899
6884
12211
5147
12180
4436
648
13563
3036
6379
50
5092
8198
13686
5086
4610
13943
4553
2325
7528
2617
13119
7604
10940
84
1983
13016
11147
6744
4395
919
13181
4712
8514
9070
8419
11222
3221
6163
1981
10232
5655
6294
4088
6100
11069
7897
3077
10414
1221
10200
1428
4186
4242
13511
687
1807
8133
3160
2851
1467
3208
3893
7769
13917
2277
6335
6468
13507
819
3220
4354
1152
5200
167
13173
7177
13018
5087
11228
6077
10215
11613
10250
111
9828
6443
5112
10017
6090
1422
9238
10591
9885
4360
4476
4117
3295
6525
5583
6765
1314
7791
11440
8217
2602
10984
13726
7721
5536
11731
8555
986
11235
9864
3052
2268
12104
8482
11450
3277
12963
3695
6470
3511
10542
4035
7434
13187
11014
10793
8490
10521
10229
13400
3305
10534
7193
6765
11191
2328
8948
7723
2328
4504
6861
8859
10944
6276
7779
3538
9307
1928
6914
6014
3977
9032
6558
2156
9990
2109
8892
13721
8504
2122
5216
4162
10529
5402
12609
11819
6693
9929
7945
5465
11061
3051
5529
3181
8953
12364
10217
365
6925
3892
9964
1600
13042
1510
12258
5093
4869
6791
13751
9584
13405
9110
1896
3779
5358
8316
5398
5686
6522
1792
2356
11746
5655
6103
13531
1247
13820
2631
7564
5400
6101
1319
6341
8280
12646
13861
6109
7763
6907
5155
7417
179
1310
1374
8545
12430
10530
7853
5981
2912
8493
11411
8456
7610
2594
11072
5287
2023
13756
794
2755
2167
13206
7972
11489
954
4023
3032
7715
5002
1820
8870
6376
5429
5774
11529
7454
6678
12898
12146
936
3487
13103
3892
3354
7814
13034
13147
9713
105
9885
1289
10976
4142
4502
5327
3109
6683
4011
5524
8809
6510
252
2581
13719
6491
9729
2841
9028
3041
2594
480
8476
10215
2869
11239
2494
10760
13026
7787
4973
11879
12243
4136
6199
8065
2855
8956
13443
4926
166
13596
10739
7987
12558
5059
1449
8936
10651
6435
11846
97
7110
329
7245
13803
8340
9362
10599
2484
3855
7347
3679
9367
2163
7514
9645
836
9806
13503
9824
9704
9258
4358
3364
3485
2871
10579
36
2304
4673
7578
281
6027
4801
9187
1712
6671
7936
9687
1497
11936
7045
9305
4364
11357
2271
12819
8486
5914
799
3468
9297
796
12605
11539
6929
7488
3787
8331
12667
5864
8166
7011
5856
5987
3192
11361
7831
4584
7755
6970
4089
6319
5128
9072
8918
9180
1822
10713
597
10009
8830
10584
9496
10382
8770
730
8622
13968
2798
12399
6865
6387
12270
3714
6384
6205
1999
11911
6360
10169
7803
769
6251
2901
604
5837
7138
7416
225
4238
13902
8915
6782
11477
6426
13315
4397
13549
3533
12464
4291
8017
588
10710
10654
1179
11436
2029
8010
13081
13381
12631
5715
10638
66
10293
10436
8162
12292
12182
11678
10471
10359
3646
7588
9097
4620
11423
9475
7265
9013
9254
6703
3575
12847
3732
8457
6065
11129
5287
9037
11644
11780
5221
8183
405
7699
7029
4501
4613
12145
4937
9400
11463
7825
5596
4500
1719
13360
12260
9319
10649
3880
2612
13718
1715
5518
5313
2115
9304
5115
6191
13723
6850
7687
10903
11196
11467
6817
12775
13219
5081
4299
2934
7091
7251
5042
1282
9058
1012
3884
9672
9101
10458
330
4799
13788
891
1453
6498
7536
5942
69
2312
13721
2241
2932
3554
1605
11620
11264
12384
4898
13841
1112
3776
1876
10399
13438
13892
9761
11090
7587
8079
6282
6968
6832
10380
12053
12130
2704
858
6933
5181
5851
2216
12667
7468
7885
4985
4694
3044
8918
5876
12853
852
1050
9436
1293
13774
4984
13350
10087
12166
3432
700
10049
12023
1694
10685
9764
5788
12587
10942
7765
6706
8290
7233
7989
5975
8536
4097
3427
3230
9380
5479
11426
10051
6439
7212
13189
7509
7941
8716
5558
10949
13329
9859
12310
13898
2695
8359
6222
12574
3154
7601
100
8264
6862
12361
2810
13878
7255
4925
9457
1287
1457
7437
3755
8035
2353
4615
461
3432
2296
8394
2515
5394
3744
13689
12877
1973
4559
7470
9511
5850
13561
10776
5271
2228
6290
6114
4927
13518
10976
7505
9587
387
13279
9818
2228
11625
7438
3774
5675
90
13798
5268
8289
1633
2475
2449
10779
4574
13435
9942
13747
11622
10900
101
2705
3418
2466
3873
2344
10561
10582
4114
7629
9685
1042
2258
1043
1783
6224
7079
5570
12192
12979
8237
3670
2774
6133
4303
10595
10855
7103
10834
6885
10388
167
10383
8406
11789
5923
7354
6473
5317
1357
10675
11140
13218
11807
13241
12842
7267
2189
566
8262
7342
12769
1259
3124
3525
7826
13304
13273
6324
11118
3720
9171
1034
8694
6423
1146
1090
217
977
7190
1709
11480
4953
9306
1213
10313
2370
10063
9808
11144
7486
7291
9543
55
11024
12368
13634
10981
352
12321
9707
11757
11019
8959
13995
1125
243
3714
6605
4455
2250
3314
1405
749
6039
11126
7899
10693
6179
2819
4658
11716
7267
6582
3296
6983
3570
13342
7506
660
7785
5888
1326
1359
9022
12237
3996
1449
1191
337
6529
6034
4697
10594
12905
1935
8609
4153
2096
13719
2926
2573
2798
10983
8650
4970
13165
4101
9859
11121
632
1474
10826
6457
4001
5769
12582
11651
13119
3684
8086
3291
7251
13981
2802
1706
10597
5426
10604
8937
7936
4130
8233
4672
1206
9668
1638
2460
8529
5142
12184
7406
10200
13347
5476
7024
4762
878
7192
5091
2506
13755
5668
1093
22
10509
312
4814
8662
3450
9564
281
5902
202
6054
447
5856
1902
3851
2750
6513
8206
9781
2073
1574
3419
5741
1466
3899
12563
4966
5683
11327
7538
3078
12929
2720
2357
97
7201
11534
6875
12371
4413
13295
7508
1898
9135
4415
9259
10286
6086
3505
11424
7022
4358
838
4142
5657
7162
13064
2427
1189
7685
2740
798
7583
2918
4403
6106
6303
10649
7331
4409
12135
1689
4422
12804
6921
8628
7559
4990
9474
8024
7796
4081
8471
7977
10268
8336
13706
9572
4951
8827
12185
4141
412
7665
1747
6357
259
10688
888
1992
8296
9208
4012
8034
1512
9997
12023
11473
3868
3835
1052
5926
4111
13860
6516
4245
8333
1269
13094
11420
13306
870
2214
2449
10027
2048
11735
9108
2757
1754
8686
4483
9521
12700
9797
10731
9705
5524
5768
6412
9810
38
5375
7030
6197
8846
4809
2656
9339
2161
7825
1367
2533
2641
11456
12963
4534
5008
9167
3205
5069
10540
5558
813
13618
5001
13942
1785
11708
11340
5008
5623
3421
13987
7952
3179
13884
12114
8745
2044
4428
11896
2398
4216
6445
6640
1610
2232
8031
11411
3053
7119
3759
2107
13076
4108
10368
12659
6340
9614
647
1802
6738
3287
4722
6358
1106
2185
677
3908
7290
6861
5731
5918
13201
3683
2726
7798
7770
1268
4092
10783
7287
3427
5150
907
524
12114
6797
7934
1234
6576
13163
6497
12436
3728
9364
3235
12681
3157
3719
10874
13598
13913
5540
9095
1983
7053
12660
583
9426
10443
12144
3686
10913
13495
8847
4079
3906
8532
6943
2462
7956
1746
10959
11446
12792
2869
8294
10030
7402
13506
10260
10870
874
13154
13108
5191
4668
5673
6570
7752
5400
4368
4751
2398
11246
3678
12581
13835
618
13077
11209
9047
12975
4233
10805
11196
5396
1052
79
10379
10440
10868
11569
13676
7139
9294
7973
8530
1194
4299
12765
301
494
12456
7901
12537
3426
5708
5382
8164
13607
1979
591
541
4583
8472
177
12696
11770
3031
880
13598
10935
7055
5473
6097
4875
8638
8941
8861
8703
12503
417
3065
3481
8871
10782
8637
8226
6374
3251
6974
719
10024
853
6261
9838
7091
3369
6173
10639
7339
10030
2651
9964
5272
13274
2008
1831
4041
9455
4058
12799
10338
8313
3169
3406
2641
11846
9485
9937
5967
4115
11852
3413
2577
10864
13265
7098
7774
12863
2624
9607
8363
5982
4086
9275
13954
6701
1638
6219
10610
1566
10270
5804
7727
1770
232
3567
9626
2618
4940
9700
12139
9496
7027
9724
6906
13346
4806
11615
510
3655
10309
4486
13901
12306
11187
1063
12338
8545
2255
8139
5292
5361
10829
9341
7746
10599
4147
9233
10293
6829
3344
13134
11822
9351
3830
10953
10071
4737
3416
11552
11894
1079
671
10448
6371
11136
3927
6164
11242
7208
3974
3626
284
11209
12380
9411
7632
6405
10597
9271
4647
6019
8524
4003
7389
12819
122
12481
3179
2639
12220
6129
10298
8513
6802
10345
7858
427
356
10934
6176
3511
4735
12222
8774
11483
7421
13348
4508
6824
1331
4215
4724
10336
8803
3720
7803
10353
12162
6182
7500
12610
10644
5239
11614
5065
1331
6629
13518
647
5391
2306
9767
5553
7807
4346
1101
13212
6997
10564
5546
4035
12416
244
9776
2744
9131
6400
10604
7301
3091
8397
9884
6782
8598
6133
5399
10677
12614
7847
12346
4360
7868
4828
8868
9579
4826
5713
1847
6430
9113
6918
12958
10684
3825
6657
10782
7615
279
6000
3013
10626
12320
5962
6623
7109
1988
10288
5352
13655
11646
10149
8188
4643
7808
6823
2873
9497
8643
6745
4038
6183
8923
3950
365
10660
5481
6452
6595
954
11275
11947
10441
8382
7662
8848
4283
2812
8468
3339
789
819
576
8897
4934
6507
765
10183
7772
158
5710
8532
9343
13514
13137
13505
586
8002
4285
12495
2115
8187
13963
9669
11068
7498
5537
12757
8834
12552
6984
10378
3507
5599
3231
8705
10317
13283
2408
3152
10113
9296
12753
7927
10438
2811
1597
386
5273
4296
6769
6568
12802
9352
1979
12915
5474
13261
7563
7964
9417
13516
