3349
6649
3131
1287
2989
5512
1758
5537
3157
4314
6809
6939
1478
2236
5127
839
394
1865
2388
2130
6304
4683
5638
2463
2669
73
2171
1758
528
6613
4357
6529
2009
1292
2679
1078
6927
3520
3234
1313
2806
5363
4384
3329
6642
881
1900
315
4618
1872
1828
6052
5291
372
2165
287
4800
6739
6122
3926
3227
4295
216
5085
3779
2346
4872
1835
4522
1211
2161
3418
121
222
506
2997
2906
2082
5570
2913
5138
6772
4972
4004
2601
2665
650
4843
5751
3025
2564
3919
5293
5735
2037
5831
3109
1397
1547
2033
1623
4212
801
4233
6274
4201
5914
2420
555
3515
3820
3487
5396
5648
807
2240
3148
1607
2401
6310
6055
4217
1263
6733
4146
3761
250
2097
2517
5602
4499
500
6925
5072
2484
2250
3213
1006
5101
2625
4672
6447
6312
1167
5390
3600
1009
5779
3681
3578
373
453
1162
6925
2774
6954
3709
1608
6689
4992
5966
2486
2565
4680
894
3226
2575
2609
1006
4979
1502
5880
3142
450
2832
3877
499
3664
3911
2154
251
5717
5612
2845
3238
1107
5094
1508
3355
2049
4503
1736
2075
1955
5812
4625
3470
1079
766
5113
5473
3234
2362
4990
4521
6161
4953
119
3479
6028
1548
3991
5191
6300
2569
4463
2798
6013
6202
5662
5743
5999
4304
5996
995
3527
5724
1908
5251
4850
365
5760
5931
5233
291
6726
2716
1191
5943
1791
606
4776
4725
5064
6713
6684
6863
5738
838
1721
4495
2749
511
79
840
5065
3575
5764
3018
6148
6895
5888
6976
5616
3758
1778
6504
5684
2132
385
1662
6994
5516
5888
4637
865
2532
3033
4051
3129
2938
2650
5520
1203
6964
1132
6787
4331
2084
4688
4225
1334
5079
2508
6043
3693
6784
5515
1851
980
269
3523
4826
6812
661
3048
2273
3604
1653
5374
874
2687
3446
3955
122
726
3517
2867
4837
942
4407
3749
6262
828
2854
4187
6562
1525
6604
4263
1016
5555
899
4480
3719
3833
5406
244
667
4263
4064
5383
822
921
4863
5970
2607
3890
124
4991
4722
4062
1242
3497
284
5396
5721
984
3305
1195
1550
6074
5387
5428
5881
1781
345
484
3922
3528
4586
3413
5928
6314
1948
4931
2136
5162
6790
441
6926
6525
1126
6078
4275
4902
4951
4506
1996
3672
1435
5610
6002
143
5505
5211
667
1549
2491
4219
2765
6976
4815
2331
1410
1072
160
736
5564
327
5456
6889
3431
73
4940
6643
861
2394
2444
776
3242
2743
118
2583
2813
3964
5765
5220
743
853
3291
3272
2155
6640
4128
4995
1290
911
1886
6102
1561
5228
6603
837
5954
4990
4354
721
3332
3608
2646
156
6000
6823
3516
1853
3145
980
6940
140
6047
1672
5691
4104
6512
2276
4209
1563
4139
731
2690
3439
4427
1359
1099
4249
900
3328
2874
1116
245
5363
2506
3849
2985
3567
1954
6922
5540
6667
5841
5398
447
5627
553
4414
3753
5489
3597
6246
1122
4063
6087
5448
2276
627
1459
2818
5056
5492
58
6655
2634
6377
731
27
4123
6001
6188
5768
913
1101
5025
1982
6381
6033
2527
4008
4264
4817
3896
793
6002
192
1891
5948
225
4852
1223
3667
3267
5038
3004
4856
3937
6477
1310
4223
5456
3762
6822
3844
2204
909
6711
4321
4243
6703
970
6472
2867
2129
2407
4839
1481
2842
3289
6505
5599
262
4108
4640
5177
761
2501
3297
4269
5091
2366
168
3652
3565
4612
82
3609
5289
3319
66
4765
2680
2302
3835
6693
2366
1725
1916
6089
1463
3340
1073
3873
149
629
3742
2053
5169
3217
126
6834
239
4487
2538
4164
6726
2618
6694
2685
1756
3110
2717
4680
1537
3679
4836
2698
6290
1782
2164
4062
1334
433
4849
6051
693
318
6808
5037
3131
6612
5221
3580
6852
5334
1034
444
2330
4
5931
1218
6386
4383
1318
960
365
6465
6433
6798
1426
3951
6108
1829
3489
5397
6901
3537
74
3076
6274
2002
4187
602
3121
4687
1248
478
67
3576
6221
4630
1527
5974
719
5543
2938
5457
5217
4144
5324
2693
6523
1364
895
6306
1396
3106
3889
863
3216
2282
936
3611
756
3350
1437
4711
4870
2875
6193
3795
2514
6235
3316
2908
3039
425
1924
6878
3593
200
586
2796
1439
4943
2137
2681
2596
2269
6568
6434
5819
4805
6287
2674
3179
3518
6278
689
4890
5754
1984
2482
3766
3417
2670
4848
3967
3617
6184
2588
376
4972
3399
2069
5156
3062
4862
1949
1429
4706
4791
476
5263
4248
3122
948
2595
5525
5383
4416
4432
1599
3109
5745
2124
474
875
5870
4833
5620
5003
263
5874
3650
807
5158
2132
4205
2587
5067
6434
3581
5178
2899
2152
5912
6501
6004
1953
6270
3150
5095
2356
2252
3851
1827
6785
3548
5605
3450
1906
4533
5232
6314
4252
3124
6589
5834
509
959
2331
542
1247
4057
3453
4466
3194
5936
4684
3767
208
631
4141
1829
2202
1599
5078
941
2320
1017
1465
3944
566
2585
4851
3466
5362
6280
2798
381
6009
6608
107
6716
2353
2148
1635
5061
4313
4748
6884
833
2469
706
6305
5395
2158
3884
4058
850
4478
4486
4403
4085
6921
5595
480
6858
3375
256
942
4187
1318
1517
405
1238
3036
3577
3602
6088
3282
6865
2416
4805
1108
2492
4734
1286
6428
3494
1076
4655
4687
5159
5055
4044
559
3167
5092
1840
6520
2681
73
4849
5174
6593
5807
5539
4355
6891
3852
4199
159
1826
2949
824
224
3953
6256
5755
4385
5793
4783
88
494
1968
320
681
725
634
2618
3805
6152
4399
1155
962
3943
6769
6884
485
4395
2944
3646
5567
4733
4891
3333
2886
485
6277
3682
2332
4415
3010
6871
3120
1359
6389
6940
6488
1053
503
6038
4448
4636
3646
1943
2777
4532
3632
6929
2145
1703
5970
6347
4778
6233
3577
1126
4874
5560
2012
4594
1255
3387
5932
1257
5749
623
4362
5525
6349
4732
5587
1085
2035
1671
5778
6722
3900
3857
2
4032
3930
708
1334
5137
166
4333
1600
6211
1089
1037
314
1426
3767
6849
4548
4752
2480
3234
842
5648
1660
687
1521
4778
3227
3670
3207
4256
550
5305
1844
1175
6189
4453
4520
5930
2334
1678
5546
6945
2967
2415
851
1390
3624
4509
4549
5896
6128
5651
2163
512
3434
6128
502
505
1275
2172
2424
1077
4571
6618
2065
722
1294
3831
6140
6907
4950
2457
3774
5867
55
6162
1226
2996
6422
6860
4891
1165
4951
3510
6671
6739
1522
6429
2933
4950
872
2182
4939
860
1840
6951
582
4795
3417
1429
5486
6824
3035
6544
973
6821
1942
6619
173
2510
1942
1896
4291
3804
6162
3112
2236
3195
3896
712
234
6086
6510
4023
3706
5266
527
2004
582
4024
5801
3876
2562
4
3031
1185
1261
2403
976
3374
5686
1321
90
2110
1000
4568
3188
6373
972
533
32
4175
3210
660
2825
6172
67
979
2822
797
5685
2444
5426
1688
900
5229
2800
3110
3050
4761
4584
4302
155
4833
3792
6099
3167
1965
6778
1488
4780
4660
3422
2308
2224
3580
5708
5313
3824
6619
5392
4398
1432
1068
4170
4076
2152
1653
6912
2085
3918
4076
1259
6208
5966
4666
1011
5977
5603
2184
6680
2174
5272
5734
598
2613
992
4131
2684
6016
2942
5390
6361
6299
4834
1146
5651
2612
113
1921
2221
3128
2144
2743
6916
831
3868
5743
3255
414
2120
924
6809
674
396
2029
5397
2268
5831
2099
6052
4000
569
599
733
5447
4792
916
6930
5741
1341
6012
3154
6501
4057
5423
2921
3864
3457
3574
1440
2580
1347
4733
5938
2825
4396
4686
3269
3535
6408
1146
3425
4539
4085
2323
3512
6688
2925
6926
1594
1203
4142
2228
916
271
823
2127
2356
6038
5953
1881
4179
1313
4519
6615
1927
4702
6932
2981
2540
3761
6176
4900
1551
3686
886
1294
6791
5282
1085
4602
4936
5953
1697
6315
4541
4921
1750
6483
4553
4350
6920
668
4962
431
569
3423
6363
6862
1776
6766
2005
3229
5138
5475
3473
4828
5376
1820
476
1407
3005
1294
280
1051
6370
2622
4970
5489
6552
4559
293
3227
4218
45
939
492
2260
2704
1027
1388
5723
1196
2292
3505
6003
4429
1036
5993
4159
5040
6821
636
4256
4717
1045
1342
3741
1153
3920
4034
6916
3511
2244
3130
2010
5126
1121
4587
1437
4742
5019
309
1027
3220
3749
6024
670
5134
1556
370
4975
1456
5869
685
2771
6708
5964
1398
3886
2703
3418
3343
4947
6680
1018
335
3726
4885
296
5351
6374
2998
6342
6173
1802
6706
37
3829
6399
6936
2300
2051
4651
1198
5240
1598
1841
4733
3624
1958
617
5734
6604
6918
395
5085
1890
2909
3352
3355
1964
2470
2782
5331
1505
3567
1198
1330
3470
798
6835
1393
4249
6103
4041
1870
1018
6747
6623
4878
4871
2691
2434
4376
2266
5242
240
3387
5121
3760
5982
4919
2625
4403
2958
3257
4000
4407
5833
6104
606
6230
3429
5284
4679
1107
3267
2838
2200
6968
64
5066
3643
1280
3029
4346
3976
1983
2157
4172
5066
6397
2410
2940
2204
4609
3661
5300
374
3506
1520
5071
4464
353
3889
3757
5953
6074
1774
2672
4892
1866
4096
6110
4264
4058
3446
4063
683
2833
2062
1358
6298
944
433
3645
6656
3870
1660
6841
2312
5500
383
5476
6920
6307
2028
2145
492
537
5166
2754
6612
2363
3140
165
2708
1148
6904
3141
3718
572
4656
4933
4221
4220
1864
2847
528
3877
6177
1171
3178
5184
5074
3211
5218
1744
3226
963
6372
4260
1663
4438
5331
792
6039
435
4417
451
4168
2190
5260
1476
734
6907
3879
2781
297
2254
58
386
783
5934
103
2139
4629
5088
4891
6148
6110
4287
5324
1877
2293
264
789
4158
3789
3452
4627
2307
4043
1423
1995
5189
460
2446
4779
2968
6713
1141
2993
5345
5107
2126
1892
352
1124
3038
133
1531
1276
313
1553
2403
6996
2438
798
2583
811
5661
3911
2534
6355
1740
6670
3811
4279
6681
6501
377
4067
746
6474
1413
6544
4072
876
315
4971
6082
14
89
392
6886
175
416
224
4050
3698
5472
6716
3649
977
3507
5309
257
1106
3874
4434
2040
5859
1467
4829
4071
1103
5868
5955
2423
13
4698
1605
2280
6025
290
1751
2561
897
3064
2989
3873
1326
4910
2101
1204
4621
1004
1733
4209
6513
4350
3778
632
4063
2819
1930
6473
334
6361
351
2191
4320
5318
6392
2100
1802
5922
3981
3046
620
6048
222
1543
1077
5827
3705
3426
1542
285
4455
4873
489
4547
6538
3660
3742
6060
2237
956
2729
6248
3696
4173
3988
5646
5582
4770
1261
925
669
5770
4667
5524
3473
6368
5666
61
4837
1200
5945
6059
463
6933
6740
573
263
4192
4035
6331
2444
4891
1838
3829
2995
628
6003
5875
3661
5749
310
2127
2907
1880
196
3639
1208
5175
3859
6414
2868
4961
3889
4778
1785
5569
4248
5264
2244
5201
6171
2051
545
6100
4424
748
3955
816
138
4604
5559
778
33
4764
171
4316
288
4765
4737
5081
1187
2020
1882
3754
2315
3493
1377
1217
5568
1048
6301
3769
5770
353
5370
2817
771
1065
4940
6454
4292
2435
5921
4749
5339
6665
3994
1610
3510
4052
638
4650
3175
4466
4212
1765
451
3729
4210
5176
2048
4442
103
2111
6403
4465
3937
3503
3700
4489
2035
2840
6727
3644
2167
5858
4839
4104
268
3631
2568
149
148
6678
6961
6051
773
4744
5909
3337
4074
1539
3653
2944
901
4804
3051
6222
2347
4001
4653
3518
2804
2076
2228
4076
5901
228
4137
3326
228
1126
4731
2150
5647
6665
4839
5461
6474
6710
6276
3186
3979
430
3401
6583
987
5197
5166
68
484
5893
3980
2565
2865
5078
650
6982
5655
3056
1757
2608
4238
1323
3171
6219
5227
6262
1483
5843
590
5436
3565
3423
6874
3860
5954
1380
1382
31
6927
3888
6376
3677
4268
6170
1817
2624
5083
3911
440
2690
3719
4352
6735
795
2059
3135
3756
6002
3931
5672
2453
4036
6227
4573
2668
6139
1627
4217
2538
6462
5995
3142
5371
2374
4649
5545
4853
2488
5924
6427
1286
5878
811
2843
3842
5801
2423
3959
4630
6169
6530
2378
3868
3108
787
6911
3499
3949
6440
1467
1161
420
5974
6257
2080
3196
5455
2327
1315
4017
1888
2581
3876
6840
5510
902
331
6361
5629
2775
3244
3783
5765
2380
2022
5848
5153
1618
4380
1447
6541
1319
4226
23
5315
4789
3325
3930
4770
3598
1007
3152
604
4330
4469
3619
1835
859
5255
6511
3151
313
2100
3783
1166
5850
3592
1602
5432
321
3435
2509
2534
3727
1982
3906
2471
2839
2716
6750
3055
6067
3547
712
3580
5125
6039
2964
5373
4960
1385
2232
6682
4380
2625
1734
2635
3759
1637
4408
726
601
6156
4994
6423
6313
3571
5369
5654
5531
3667
2138
4776
4867
2614
1005
6507
6322
3924
967
483
4079
2454
799
6825
730
4630
208
14
3001
3337
3365
3884
2941
4498
4684
5645
2415
4581
1449
4731
2212
6204
3187
3523
4560
2281
6707
3998
4655
2761
5400
6190
1222
5129
6736
6177
4991
3488
6913
3965
1923
2521
3942
3433
2050
5459
4061
2883
6967
4142
981
6195
87
4212
956
1955
5775
538
5766
193
1981
1578
4107
2443
6871
4567
559
5406
96
1939
2741
91
569
3032
1173
2919
4276
4785
2770
1029
355
149
3761
746
3199
4368
1611
5404
4637
4381
171
5264
5995
4107
6683
4358
2528
4403
6345
140
1289
3916
151
476
6167
6003
2920
4778
1222
5058
6734
6407
6625
891
3289
763
3441
2906
1266
4906
172
6780
5557
1270
3442
6728
4029
2868
5507
6137
2625
4078
2109
109
3180
6956
3505
1037
4707
1056
684
2184
5135
4197
2444
6118
6018
6043
4504
5087
4966
4826
3930
5646
3569
3839
3585
3109
3077
5496
4870
2790
812
800
3304
5739
1600
5968
3243
5874
984
1915
6971
929
3695
3587
2223
5274
6071
3661
1857
4195
4371
1318
6866
540
6945
4089
4593
5646
1334
3702
3908
4357
3652
3912
847
1529
831
3019
1185
3263
2093
247
655
5671
1051
3662
2008
2097
1820
6214
1719
1713
5812
5388
1031
1508
4347
494
5593
1302
4070
3466
2056
186
6159
4064
4102
477
1060
200
3191
5199
997
5666
1651
5015
5151
6313
3402
3818
3694
1778
4767
2375
1175
4487
3943
2602
5979
5986
5403
1619
4959
2104
1832
4802
4272
6724
3448
2122
4173
6509
3810
1135
5309
3998
3268
6349
2198
407
2784
1886
783
2597
77
4400
3142
6539
2100
6105
355
5187
3403
3103
5966
2605
4191
3761
4940
4882
3426
5075
3940
4261
2732
3850
4903
1871
5861
3717
5742
5462
3992
6419
982
194
6852
5663
4158
1324
3132
4277
521
1507
4510
6032
6743
5787
3745
4137
3454
676
615
3350
5149
6021
138
1996
1601
5691
1291
3403
4377
6922
4805
3885
6268
862
5688
2986
2219
1638
4442
5739
5760
3798
5088
5872
6205
5928
6458
3400
5514
2838
6036
4421
462
2919
160
2546
2254
3404
225
5714
2468
3165
4251
3679
1935
3516
4270
4307
320
1054
6537
1966
5461
5057
6804
6228
6742
2615
3125
674
3884
4190
2820
6317
4961
2545
5714
5080
2955
4774
2116
776
5075
4084
550
4173
1850
5337
6418
2207
6330
4454
6047
5482
1770
6248
4422
5352
1836
2068
5240
5090
3368
5702
2700
5147
5860
4757
1029
1456
6835
3278
263
2631
6601
76
6282
724
3417
5017
1103
6666
1037
6580
6935
6220
53
2663
2299
4176
6620
1579
6566
6308
3211
378
2583
4017
2824
1241
1779
792
1394
6912
495
2949
3299
5376
5955
2263
2168
4664
2001
6056
5749
403
6293
3168
1489
6697
6703
3616
4305
1824
5211
589
2281
2184
2298
1324
1292
6816
2865
1116
4420
5384
3991
4092
5141
6164
37
4722
6108
1737
6758
5725
6830
1231
5333
5832
5475
1387
2949
5044
4785
408
2667
6848
84
4898
552
1432
3699
6654
3260
6567
4734
6401
2780
6033
6843
4588
2740
3298
5632
4993
3743
6165
5899
4924
6307
2402
1870
3193
2010
5328
2462
6462
738
4690
1458
2668
230
552
5920
144
6622
5853
5579
6640
5970
5097
3665
460
5564
530
2609
2443
1642
5236
745
3839
3035
5370
286
5782
1177
5447
6901
4126
1732
5830
4030
843
5904
130
4112
952
3269
3619
2191
3441
6948
6134
2122
6264
1297
2519
329
5524
5699
3341
1660
250
6545
1795
6279
2991
5311
5919
5818
843
5205
1904
3172
5443
217
3369
703
2260
2627
3236
6198
1143
5726
2069
5843
965
2535
6788
6270
1968
4101
1646
248
899
4729
2793
2046
4967
6031
5202
312
6188
4010
6317
1673
6320
3301
4080
4713
6967
6566
3917
5717
2727
3661
562
1264
4534
138
1750
1019
3418
365
6074
5249
5789
5927
4849
3038
1435
5606
5917
5373
1850
5077
6712
2839
253
9
6157
945
3589
6152
2025
6519
1388
6389
3648
5117
2927
966
5872
2125
991
6095
2588
3778
52
2135
5518
6715
2903
5783
1341
4563
6754
2211
894
3029
1679
121
3770
1676
2962
6879
6524
2841
6603
4065
2725
6942
4372
4607
3982
463
1211
277
2593
6992
2884
5941
6253
5105
5343
447
356
6759
4689
6152
2018
1660
5762
4776
4492
6862
6450
6189
4331
2781
5056
4470
860
4798
6273
6978
1981
3245
1849
5422
5869
4519
3194
4805
6801
6797
1406
4553
3743
5052
5466
168
4640
1954
3801
3531
6903
6731
1849
1544
4689
3769
5423
6135
872
6762
6962
5913
5744
1587
662
6876
3556
5203
3968
1363
1302
2794
817
4962
4922
1184
2841
5512
4221
5690
1873
3637
4471
2062
3556
6603
4506
5784
6299
3728
2782
5862
716
1281
3971
6494
790
5635
5378
5727
2540
2299
5681
4804
243
902
1625
6493
1074
4290
6245
4560
2509
1595
4640
4037
6726
4297
5659
6999
3521
1183
5043
1390
1729
6551
99
5049
2884
6280
3987
5256
3144
721
6717
336
2457
5496
4783
5104
3137
5131
3850
3192
4370
3576
2878
882
5939
1672
6424
2360
4812
6189
6249
6525
3303
5117
5396
6600
4309
2567
4419
3378
2266
5866
4838
4633
6919
4108
4994
1277
2858
1632
6562
543
5436
2881
4469
386
4671
5147
1356
4705
6457
2737
4397
5464
6281
2272
5248
815
1717
4275
2022
3401
222
6896
2241
2363
1593
511
5437
991
2290
2467
457
888
3767
1153
5801
1744
6214
6366
2595
1462
2836
2069
395
5267
2755
565
4326
4603
1639
5528
2032
3673
1990
4088
3010
4498
6594
4349
75
5052
2732
6882
3498
6072
1206
2333
3917
3554
700
1228
1897
2177
168
5277
4991
6378
4618
3630
4055
4255
32
2315
6732
3717
5119
6462
5284
3651
2718
1057
5834
1126
5091
2839
481
5945
2765
2128
4159
2618
6982
1523
4219
1400
2402
2318
2661
3528
1840
4713
3921
6695
3500
4072
6800
98
4694
2391
131
1841
155
2504
4476
3434
5661
3255
2091
585
418
6407
1009
5437
3150
1614
3917
1918
3382
3179
5929
6539
2491
64
3008
5248
5286
2338
398
5988
4670
2413
6931
480
6259
6493
5814
5300
5766
5191
211
6884
6287
4814
1496
1199
2730
4137
6778
464
2623
6137
4982
6557
5125
5385
5670
4381
5411
2902
1699
3519
5219
3566
3466
5085
147
1045
3788
5647
2824
4714
813
5916
4417
6416
41
3820
2101
2640
1854
6720
1835
5740
6962
971
5436
86
6090
2098
3351
2535
5451
1190
1553
380
6585
1851
1774
2779
6762
2080
5696
947
5878
3151
1699
1817
3798
4599
3595
5823
6365
388
1003
879
5727
4633
2995
5893
5133
659
6677
4810
2082
414
4532
1397
2574
6662
6129
836
5340
2300
3443
5272
1001
4264
1154
2246
2268
5277
2529
5482
2332
832
1918
4182
819
2642
4422
4728
3453
2765
130
5098
5980
6947
680
2475
6332
6314
192
5083
4750
580
6604
3003
443
6555
778
5867
2343
4650
145
2517
6999
4390
846
5142
3840
1443
3762
4181
6654
3899
4817
2172
6997
5385
4930
1956
5432
4708
1078
3085
6860
3423
2359
1394
2511
5677
262
771
6858
1642
1313
1420
6801
5908
5479
211
3979
5592
1649
2607
5170
2305
2680
1115
6441
2380
549
2690
4813
423
3656
5837
4537
4951
744
1352
3514
4905
4707
6434
3347
5472
3316
4179
5830
6165
1503
856
4008
3725
4913
2106
5392
1900
4432
3300
5052
6623
3780
6923
55
5503
5162
1320
4163
3906
5155
3833
3975
5667
261
5798
349
4209
6861
4830
1027
414
2832
2250
5771
4494
1965
1545
4081
1983
6240
3379
6985
1495
2797
3914
5123
4329
6823
5521
5428
2738
5613
1248
2658
5728
4511
1328
6755
2841
4371
6313
6979
6745
958
3140
6744
1870
2809
2458
6099
2590
5106
6819
3206
6592
4716
538
4148
3640
4132
1221
4938
59
552
3547
5744
3218
5750
303
827
4788
4295
2977
4802
5932
4782
4707
3787
4602
6601
2168
5666
1181
235
5272
3053
4214
1387
6801
1391
2408
2180
1304
3447
6435
2026
5421
3388
5679
638
5252
591
3342
1310
1088
2869
1322
1492
6674
5320
6390
2233
5663
329
3265
4686
2191
756
5620
6735
2450
6015
1397
3757
6069
4552
5284
3598
5018
2859
3707
2090
5150
5861
6786
6189
6883
6671
800
172
3798
1690
6030
710
4643
1772
3933
4777
4404
4877
6472
5685
24
5321
6740
929
3537
4721
2019
888
1246
4464
4088
3863
1462
3983
5909
3950
5142
4237
6041
3089
1922
2615
2701
4434
4440
5736
5461
5829
5866
61
108
3576
1601
4271
6032
4852
4695
1070
5052
5644
4933
5871
2956
121
2963
2154
1675
639
2542
5218
649
5024
2635
457
6041
3571
3746
5312
1470
4489
3205
4248
533
6468
1264
888
2205
6420
1979
4483
4035
1798
5299
4645
6890
1995
1503
5986
3104
3675
2125
6995
2532
2389
6732
6638
4708
5796
4805
1760
3962
3103
4387
2946
1590
2045
4441
2582
623
482
4514
6532
6155
419
3084
3637
5575
1666
3558
3059
3960
1535
1312
4803
4103
3907
1226
6120
4034
5713
5541
6109
1168
4596
4093
735
1269
2887
632
2005
5139
4861
5472
2628
241
6758
5596
5707
2997
2306
6797
5488
1534
5469
2380
1710
2829
5863
6033
5844
4761
6591
22
810
257
595
657
6954
3828
5214
2393
6897
3892
2167
1600
3793
105
4658
6879
2020
3426
78
3287
1943
5407
5034
3715
6433
2850
5612
332
5774
1667
2184
2860
4180
2571
6457
3355
3737
1536
535
2136
6743
1903
1285
3519
1542
2639
6485
4913
4540
5410
411
2449
6507
3543
4955
6955
2999
4594
480
3015
3538
4830
1994
6835
6358
6017
1194
2174
3927
4989
4173
1241
5722
6518
4259
184
1038
6615
3875
2414
6454
5607
3917
3463
2991
3305
4371
3190
2084
5570
2396
1399
1148
1124
903
5511
3701
5623
1889
1727
2231
2334
4644
5984
2879
1007
5428
8
2830
532
654
1722
3630
55
3879
6716
5209
2571
1606
2114
1773
6749
4631
2248
4256
1169
3605
5076
412
5377
1779
4578
2079
3968
3504
3073
4529
4189
3621
6666
4035
2467
5051
5049
4169
3389
318
1765
1339
5111
912
6177
1230
4776
4371
4837
785
6651
6463
2230
3055
404
6876
6697
4185
2711
1973
1520
2237
2621
3465
2507
3919
5024
6439
6168
226
430
3285
4925
2146
2962
845
1577
4569
2821
5397
34
397
4428
289
2186
3675
891
5679
2299
6698
2991
455
5489
5734
2689
237
4183
5471
2175
5589
4473
4933
4260
6201
5080
2050
1176
4674
4941
5389
5562
6032
5125
1494
601
192
1770
443
2890
361
5722
2238
6748
5187
6000
4704
6519
5477
5753
2071
5019
3169
3881
3351
1261
6886
5476
344
1796
3897
4800
5563
2154
5410
2055
1842
2086
6462
2995
4843
686
926
4938
3161
3457
1243
5017
3104
6771
2605
2141
6499
3026
879
5340
5403
2453
1464
3610
725
2980
264
5880
4297
1626
5420
6967
5595
3903
1241
4025
3696
6570
6489
1352
3943
4284
1917
6169
1457
3247
6304
6584
3750
6134
4347
2895
550
4678
2314
5641
408
5578
5250
336
1019
5380
701
2846
2238
4383
4868
5665
2702
6242
4591
2792
1100
127
5804
6258
800
177
6682
5966
3134
1507
1961
6108
4795
1158
4305
4418
3708
627
275
1883
5411
2598
3471
2523
8
2627
5123
3189
6656
4675
5868
6869
564
4670
4908
2985
5856
4116
5481
202
1118
4575
5998
2465
3374
5936
4016
4332
2501
2890
3791
5751
3592
3212
5519
6375
6259
5343
4042
699
4186
6079
5571
347
3130
5623
4514
3066
5605
4229
6295
5808
5625
6940
445
3072
3948
4529
5652
1657
2166
4957
346
2055
2363
128
760
5441
1212
1175
5917
1165
4568
916
1633
4880
2900
5492
6664
2490
3028
3135
3385
2573
6268
3824
4289
3566
5896
579
5777
2429
3805
2558
1689
6759
4842
624
6815
883
2414
2119
4448
6705
1303
2598
5042
6693
4660
6314
4468
4819
5960
3078
3962
2765
732
2373
4224
3152
1231
4420
1259
6053
5068
2866
5031
2651
3993
39
6216
3209
1511
6074
6040
2489
1587
6655
4593
944
1856
3325
4712
5762
4702
1422
823
5923
5499
1095
166
3544
1724
4879
2333
2020
5137
5829
1055
2903
4770
2882
4294
744
1378
4541
4584
4235
6374
6997
5123
6485
5090
529
2082
476
793
2763
1532
4116
1270
684
1173
2108
5132
4457
1707
3311
3902
5186
5087
2519
812
5347
6150
363
1986
1692
2220
6273
6399
5755
4412
2887
383
3042
3077
2147
2669
2722
764
1611
833
1846
2498
1783
5042
2173
2715
3610
944
4711
6707
5623
2800
6896
6612
1727
6621
4995
2584
17
479
6054
5159
1531
1091
5611
1142
77
4191
3294
6372
5365
1864
6714
2146
1964
1874
63
4631
4312
5363
3238
1173
2323
2084
837
1443
5368
5005
157
1792
1597
3492
464
4985
3948
2338
2745
2071
6796
3274
644
1216
37
5999
3300
5376
3529
6801
3883
1452
3181
5867
1924
5890
1359
2436
4372
1896
1385
4023
735
2800
4027
6818
2343
4853
4935
5280
2016
1574
222
3763
4638
347
4304
5314
2136
2496
1993
2354
2054
837
6446
5252
2237
6199
3807
299
5603
5047
4295
168
893
1205
6278
5260
967
6689
3624
1193
5435
6293
3661
1221
4346
258
6513
836
4889
5358
3335
1529
4275
3919
2175
6433
5172
4631
5143
829
2397
587
2837
6578
2643
6530
546
1038
602
2726
6153
1376
3840
1322
687
2668
6516
6073
933
5875
3404
2846
6201
2467
678
3758
3995
4040
262
3662
5139
774
3807
1697
5879
2698
6773
2786
4842
6900
30
987
1881
6067
6697
1840
2623
5829
902
6803
584
1153
5309
3069
6762
2460
1651
477
5783
6444
6511
928
1287
908
1707
4725
4987
1524
3718
523
4588
6067
1886
5778
2314
6108
5091
4707
6896
5324
5214
5661
4237
4748
3216
5133
606
5166
1791
4401
2526
1296
1899
3825
4999
424
335
4538
730
5043
771
721
5363
1535
5975
5560
3640
1209
2665
536
5656
5667
5863
3915
3368
550
5672
1628
3696
696
5989
54
1805
2025
6798
6629
1984
1416
3750
5853
5075
5933
4008
4190
6011
2915
6291
1360
3096
1380
1689
2065
4250
1440
5966
1968
1742
1588
4523
5853
6598
1131
3481
5623
4207
5668
2027
4409
100
2311
1789
4714
799
5909
4593
6047
2312
6339
3608
2624
4758
314
3541
3612
3322
3983
3389
3929
3059
450
795
4180
2827
1629
4608
2289
3305
3659
5935
1048
6632
1570
1535
4
5829
2206
5873
5225
4654
436
2289
6481
2933
6112
266
4875
419
6315
3586
50
4418
5172
2573
2981
5523
2833
3957
256
6974
835
878
710
4504
3404
5264
2168
1527
3382
4910
5111
569
185
907
6698
1330
2128
4196
6116
4219
456
5048
6006
2496
2158
228
5036
5434
2932
5276
4351
2403
2056
4148
4767
5857
5570
1164
1962
137
4351
3442
1989
5621
1846
385
1741
4712
6231
343
2043
5261
2395
6676
3994
1000
3620
5398
2750
3684
3737
3994
4147
724
4022
3820
6167
2213
1662
5160
357
6080
3622
2050
6031
4102
6248
6887
3583
1499
4176
3454
4770
3949
1567
825
4425
3782
4065
2613
5846
797
5333
465
6663
5460
3897
6700
5730
6010
3135
103
6422
3263
2839
5401
1665
600
1370
5513
6459
4745
3337
950
3438
4527
4632
5675
2441
5824
1643
2326
2631
153
3003
1111
2225
3655
1772
1126
901
66
1094
5901
4224
1027
4631
2173
3679
2799
3825
6108
822
3643
3309
1467
196
95
3763
1926
5259
2983
3069
1293
2095
4404
5655
520
2787
3226
4997
2935
6466
3770
2490
4646
5192
3568
5063
3928
1814
2967
3632
2931
1548
2000
5519
2577
3654
5713
3284
4351
5998
4922
6002
2349
3698
6082
1286
438
361
6529
6286
578
3455
1799
5892
455
2146
6401
4462
1727
2977
972
2708
6258
5744
1649
253
1875
6954
6305
3357
6081
6196
378
767
5492
4866
3888
307
4439
1320
1967
1165
5341
6463
1659
4370
1659
2362
4083
4127
3061
3004
634
2424
3733
4351
5301
1193
4431
483
1835
3437
3272
2586
3382
3816
5756
5428
5800
2083
2358
6148
4000
3020
3178
3158
1068
5903
4527
4675
193
3062
1096
43
2013
4288
649
2045
2926
625
3415
5542
395
5517
4872
4035
2816
6298
50
4157
6407
5089
1927
5665
6193
5544
2950
6160
2981
3888
4517
3786
6055
5014
4938
2186
5626
3217
2273
5046
6328
5447
1744
2085
2805
2339
174
4973
2564
1847
4378
5488
1001
4410
6663
6698
4238
2198
6517
6802
5737
184
6419
5954
5594
4709
3344
3317
4835
4702
570
5117
5208
1608
3493
6061
3421
3042
3045
3745
6255
5356
1127
3409
1707
320
6705
4044
4090
3000
6930
2854
3398
12
724
2080
5406
4261
4214
4857
2101
2219
206
2414
2993
296
2620
1291
1384
639
3609
4702
6692
5092
5342
1820
6559
6506
2561
2298
3786
6939
1955
1362
5079
2815
3589
5344
3670
1972
6576
2888
6588
1053
2603
695
6336
2899
5975
6938
2144
773
6831
318
5592
3613
6763
6765
1082
5417
564
6497
2185
6523
3514
4809
351
6605
976
2526
4743
4300
6361
6608
2461
5952
324
2962
5265
2317
2163
2358
4082
3649
4082
5342
543
2434
5498
5192
6649
3155
2061
573
1820
539
5524
4559
4180
1459
3683
717
4420
1330
2206
1732
2226
2791
454
4067
4999
3505
636
3059
2274
894
1726
6465
5676
1510
3111
5066
1854
5196
3672
1322
3302
2257
2708
1336
1569
1084
2954
6642
2346
6658
4211
1408
5489
5478
2132
2863
6422
6965
5093
6333
4589
2408
279
2996
5508
5111
5045
5822
974
455
6801
4075
1964
6832
336
6865
3914
2061
6327
6200
6277
3064
3556
6328
5860
2457
6850
898
2276
1811
2068
6833
2877
2276
5234
891
2658
3143
1169
3879
3918
1272
749
293
5001
2971
6458
844
3547
633
2264
5268
2007
6720
3541
4681
1280
1565
5612
1368
6002
6737
2811
5745
5495
3421
4922
5081
2514
4652
783
3035
6776
3956
5967
4915
4130
5287
6551
15
2335
6988
1224
4890
1047
3886
6185
5966
2738
5134
6430
4260
206
609
3311
2691
4680
3088
3875
4516
1538
1936
5083
4670
6282
4486
3139
2578
4115
6609
2771
629
5644
4331
4004
1205
4191
6509
3677
3410
3269
3982
2165
1755
6876
664
75
2034
5250
2248
2986
2605
5211
5952
1160
6426
6582
3074
3942
5182
6623
4147
2313
658
5773
3441
6230
1882
475
1707
6365
6771
5132
4772
1588
1225
2863
3283
2933
1914
5003
3834
5458
275
3283
408
164
764
6498
2589
626
5434
3602
1994
6815
4394
1334
2491
5228
877
6696
2922
5021
1452
3677
6241
608
6673
1780
652
303
3175
301
2360
967
768
6
5548
6753
2041
4985
6243
341
6747
2985
5754
2895
1393
1939
1476
3874
2809
2122
5560
6352
6769
434
107
3476
5832
3094
6072
2838
5182
5598
2673
2853
3760
6200
5208
5660
4588
2782
5734
515
1701
5264
4095
4814
3684
3176
5720
4338
5851
4236
1927
1659
4351
2609
5606
988
1218
5106
2851
1126
4881
6392
6614
4873
3825
3835
5871
1192
3953
5623
2900
3198
5860
282
2213
1215
6429
3657
5292
4306
2639
2395
724
1162
5216
1277
3821
6612
3506
5068
1728
6875
2054
3697
637
3094
6957
334
2519
5547
2860
2807
2337
5084
5915
4772
608
5264
5522
3890
3084
5781
2512
738
3491
529
234
6737
828
240
6445
4718
6005
400
2696
5363
5930
4128
5104
6379
5531
3063
6737
4673
3472
4169
6126
6585
5139
347
1262
2392
3674
1592
443
2253
2824
2484
6128
6395
1975
2885
3734
1839
3845
2
5699
6380
2536
3732
5648
3558
5214
2529
1893
755
3149
4031
6683
1317
2452
6765
1261
4453
6580
2853
2868
6746
5087
2206
1102
1918
6571
3758
5978
4809
5819
941
6779
5327
939
6981
4695
2948
4205
5653
5162
6528
4477
5244
4876
910
1493
5210
1859
1854
1158
2890
3614
6714
3188
3220
5960
2982
5652
1464
1421
1776
1797
2245
2716
151
6936
4055
3977
2153
3381
2654
1430
4180
3835
3859
4621
2005
4828
710
5101
47
1835
1226
3102
5084
6203
4074
2250
6647
917
3701
6995
889
5069
173
3771
4402
3434
6526
2395
2824
400
1137
6732
1291
1740
6728
3020
2345
2915
5420
5701
3412
3647
922
1864
6433
6767
2636
1201
5021
1210
2787
151
2248
5600
275
1762
3427
5837
271
3737
6469
1355
4139
3712
6993
2275
3200
5499
5676
4127
5233
3169
690
807
333
4039
4544
1726
4110
4735
4852
2128
6742
1358
3640
3146
5929
807
2550
3246
6757
4527
373
6458
4045
2662
986
2324
182
4942
6402
324
937
2844
2707
2758
4567
5968
386
5970
4667
170
5407
5802
600
491
1574
2271
6187
5421
3286
296
5900
4104
1636
5425
6102
2730
4498
4372
4510
6810
5880
6574
4432
4810
1948
896
6012
4982
726
2816
1872
5157
3228
164
3015
4371
4149
1347
5567
5448
4945
4224
2296
4297
5621
2900
4969
3601
5989
1510
4164
5187
2969
4081
4497
6895
3346
6554
5561
6535
6870
5053
3241
6492
2278
5811
3710
6898
241
1154
6967
1597
5786
3217
1078
1046
4637
2686
4681
6638
1095
15
85
1989
3178
961
1138
3487
5095
3888
1017
4413
1438
6931
6353
5171
1210
3275
6817
5795
4104
6888
2305
2630
989
6528
3977
1194
2023
1205
2259
3316
2540
2962
3356
5467
1303
2466
2845
143
6049
3364
1624
3572
763
4831
174
6775
786
5078
5957
4195
275
1160
6327
6800
4590
5688
534
5882
5656
867
1475
1361
4600
3227
6173
2450
6883
2759
4663
6601
6650
5228
6946
1481
4473
5165
1498
5338
6011
3850
3901
1126
2505
72
3917
5064
689
133
5807
1881
2675
5622
4452
5057
5519
4879
6533
3526
2282
606
6171
3
2760
1508
6572
1488
6355
2953
5146
6202
361
2979
6741
896
3331
6682
4161
889
3754
4468
5066
4868
2925
4064
1835
5838
4717
1545
463
90
3937
2737
1751
1216
2357
6631
5465
3997
3237
2695
1634
2050
240
324
2290
6084
3624
76
133
959
1661
2656
3258
3359
5913
2830
1901
3301
430
3230
4511
5323
5340
5541
5285
1788
319
3417
326
4131
2724
1970
1293
982
3020
6417
4167
1614
2594
3248
3102
6006
830
3037
3588
1694
540
3093
4307
2619
2830
993
5481
4748
486
191
6090
2700
664
2807
6765
1447
2836
1056
3464
18
2065
5311
4640
12
6653
5347
5160
1299
4985
6032
2522
3036
1289
1983
4668
2651
5946
894
1538
5483
5596
5273
4874
5514
5398
6300
4196
4964
2096
2899
5247
1931
2988
3081
3745
2808
2342
1145
1503
5904
2179
6261
1130
3070
2541
1641
3163
761
4764
2042
3093
177
6169
1032
3440
3332
1060
1725
1718
5991
4989
5057
3566
5323
943
3276
4103
4598
2024
2158
1310
147
1974
6111
2568
711
3404
3078
6691
5161
2361
6256
3414
1837
4849
5944
6497
4548
405
1141
720
6228
1102
1468
5201
3984
3991
3610
6716
5012
5024
6830
2162
6063
1247
6962
1118
3812
4201
5204
5185
15
5638
3245
778
6385
1626
4957
6730
3064
5375
5760
2996
6479
6992
4769
4019
6021
665
202
287
1452
3346
4237
351
3288
3554
2210
6570
233
3296
5886
2385
6239
5781
1580
4524
5106
1245
2474
324
2299
5133
1075
6768
1643
2846
684
234
4198
5951
1326
2577
4514
4241
1559
489
6834
5707
6412
5847
2610
5870
5711
6382
6894
5803
3593
2416
4483
2913
4949
6950
4954
6819
4057
1864
260
349
4489
5968
5775
3615
6138
6760
2588
2194
496
5956
6409
271
2596
1794
4194
5215
5845
1798
5919
4989
6777
6314
1321
5848
4865
3651
2279
3948
3975
5206
6448
3456
3780
3737
4660
803
6922
6871
4364
6160
5971
5051
3682
6560
1381
3582
4221
2854
4226
6779
277
2229
4160
4279
448
5830
1977
2430
3447
230
6928
120
2921
5020
1793
779
1529
3584
5875
4482
2534
2223
5726
5523
1327
2731
2747
5551
2817
2128
3460
6634
1630
3753
6256
6506
3220
6664
5707
516
2375
6212
2944
5233
2172
4973
2844
2624
4091
2419
729
4246
2159
5564
6603
5208
910
445
5850
1857
4128
5784
5509
471
5470
4907
1279
5639
5496
3513
4025
3553
5642
346
1796
1606
1676
414
3913
1541
4373
4559
1191
5782
3699
731
4263
4806
1178
5488
6063
904
4887
1611
5026
2229
1839
5281
3513
2154
3305
2158
904
3584
332
6292
1783
1753
1958
4259
1939
1334
5395
143
3817
2422
2294
4335
2590
6896
6319
2922
3542
3697
2553
6556
135
1481
4462
1470
2481
4288
2314
2939
204
3855
2449
3342
182
2432
3982
6273
2728
5175
2737
1705
3939
6370
4891
3941
2100
5260
2281
717
3370
4103
995
6944
6200
4807
752
1645
6155
1276
5656
6803
417
5400
4957
4916
2308
6303
1103
2588
3562
6107
3379
6591
6138
2775
1567
3488
3413
6028
2460
6551
1695
1855
3585
5234
3993
5347
5928
3012
84
5731
1023
42
3019
2624
917
6698
5653
3016
1998
2791
4670
4920
5677
4983
4418
2680
2566
1853
1485
5844
5453
4810
330
4164
5350
4119
957
5873
6426
6765
4727
1791
4818
5598
2158
3090
1019
492
1934
649
855
3910
640
5520
2428
2772
6518
2369
5307
184
2664
2802
5527
1460
1286
6201
6023
5218
6818
5796
2306
1238
5952
4414
1526
4640
3654
4468
6277
4142
2450
669
1429
5910
1077
5327
4659
6609
3338
1111
6875
4244
2802
144
3694
5935
2535
5421
6256
3760
6875
2345
6300
6954
6444
971
4839
3614
1502
984
2926
2804
5878
5081
477
4675
2815
3283
6213
6596
5202
5125
3993
4069
4078
5283
1318
4841
6818
977
3732
1268
3459
2212
5269
6813
3623
2099
3592
5428
2412
4739
1202
874
6205
2863
3107
6080
82
4758
5952
1544
5068
3303
1386
6336
3290
3047
1323
5861
3098
1643
1392
4011
5319
6129
6183
2131
307
5505
3926
4637
4066
6657
5909
3805
4212
3533
3930
1274
4500
4550
1968
5233
3089
673
3666
3928
2016
6536
4417
4991
4772
2174
3256
3145
4756
3732
2336
2623
1879
6025
2789
3134
1366
5278
5508
3687
1389
54
711
3916
2744
4604
6895
5187
4671
3744
4253
2386
918
2746
6493
3930
2451
4111
3063
4929
3908
6424
1555
5839
6252
6231
3368
5178
5042
4317
3473
2373
1943
815
1054
571
6162
943
5538
2146
41
3999
5486
4554
3430
2672
2577
3388
6219
6552
4402
6511
220
2938
6812
1718
3056
6696
1980
582
843
2011
2346
2419
1211
1363
6530
2594
1349
2666
4166
2817
3380
2570
1162
5179
6053
3775
6907
1712
3225
495
2060
5137
2520
1710
6431
1232
3087
4566
6661
3293
5853
6564
4698
3398
3544
798
5368
5694
3087
5392
3190
806
4995
5821
2740
2754
4463
1867
4070
1210
2097
495
5275
4752
5332
5784
4280
4633
2795
6224
6790
372
3140
2876
4437
5200
295
4276
3299
2931
2178
5494
1926
4284
458
53
4329
2378
976
4655
1398
1262
5933
1765
1384
2506
1932
2643
2436
4373
4226
767
2604
1775
6260
3470
3919
6302
4150
4522
5841
6980
5243
1872
2610
6431
510
3061
5341
5216
3244
5233
2599
6879
995
316
5090
3291
859
3108
3958
3504
3464
937
683
5825
1721
4536
973
1077
992
2803
2787
3245
1582
297
3158
1675
6499
2874
2571
4495
1782
6403
526
6835
151
1352
4227
3582
5303
3215
1249
638
5400
1345
6902
2494
487
1756
209
6303
1618
2859
6864
5883
1175
6823
2054
2405
6883
3046
3064
1579
4012
4954
533
2053
612
3117
32
3696
866
1032
2123
2683
5494
3955
490
3427
1681
1126
4841
2730
1535
3998
4162
26
2218
2756
5983
3663
6812
6783
2232
586
4553
3882
1682
5273
1542
768
2573
1084
3634
771
2856
3195
3911
1932
1842
1364
2909
2340
1767
1760
308
2145
5086
4509
1979
1773
1532
1486
3282
2801
167
2830
5032
5742
1528
5459
2362
2980
5837
2767
1969
6003
4242
4211
6519
5566
3964
12
2605
3265
6241
5039
3340
4999
6512
4912
2654
1398
4937
3110
3200
1646
616
6875
4783
2364
755
2999
2459
653
1413
3860
6484
2637
4350
285
4520
4632
313
2263
2655
6696
2747
4609
6203
5965
6971
1992
2839
5818
